Wavelength	ABBE00346.asd
325	-1,39567980385802E-02 
326	 8,09583437682611E-02 
327	 0,11093159642271 
328	 2,48500674337858E-03 
329	-0,145822252272557 
330	-0,155801970329367 
331	 6,95854793083583E-02 
332	 8,44330016168823E-02 
333	-3,02488209464954E-02 
334	 1,35539149267115E-02 
335	 0,103696207392415 
336	 0,177249184016961 
337	 7,63983322864105E-02 
338	-0,032038785577461 
339	-1,45623974593028E-02 
340	 3,91829310997877E-02 
341	 7,56652961990817E-02 
342	 6,59716838880253E-02 
343	 4,22135755523832E-02 
344	 0,021263205703366 
345	 0,043884153995174 
346	 6,51082350718763E-02 
347	 4,29868794318904E-02 
348	 3,58999991144792E-02 
349	 3,83833440885018E-02 
350	 0,003783792886753 
351	 2,24559324544512E-03 
352	 4,51628635441948E-02 
353	 3,70383421744251E-02 
354	 9,27206901989345E-03 
355	 0,012775539729477 
356	 2,29705643879457E-02 
357	 3,78766880680626E-02 
358	 7,05951749414861E-02 
359	 7,29946366105692E-02 
360	 3,26516761644563E-02 
361	 2,86807254415148E-02 
362	 4,72768165866332E-02 
363	 5,66032700048155E-02 
364	 0,050488321629143 
365	 3,33769680559542E-02 
366	 0,02668021481957 
367	 3,74045093763901E-02 
368	 6,33087156140167E-02 
369	 6,12702028986373E-02 
370	 4,28665548966009E-02 
371	 3,92801209726183E-02 
372	 3,65902767338067E-02 
373	 3,22615827589216E-02 
374	 2,85716880892976E-02 
375	 3,16187738836679E-02 
376	 4,39173863548826E-02 
377	 0,043226595845168 
378	 3,93228923738154E-02 
379	 6,33061730299697E-02 
380	 6,38424409656147E-02 
381	 3,54115191766306E-02 
382	 4,34795245270924E-02 
383	 5,25178557237461E-02 
384	 2,88741078576822E-02 
385	 1,41578196621829E-02 
386	 1,19549678341673E-02 
387	 5,97490603108761E-03 
388	 1,99996874677276E-02 
389	 5,22941833299925E-02 
390	 0,049996063526151 
391	 3,15411796044761E-02 
392	 2,34822984872635E-02 
393	 2,20788499039116E-02 
394	 2,56690166359837E-02 
395	 0,030461895919579 
396	 3,49464329545998E-02 
397	 3,75912504754737E-02 
398	 3,67035390035111E-02 
399	 3,35205543525825E-02 
400	 2,97589102412086E-02 
401	 2,92711509562289E-02 
402	 3,19115051792124E-02 
403	 3,35248648304763E-02 
404	 3,22519121338748E-02 
405	 2,72921122484009E-02 
406	 2,24226742212686E-02 
407	 1,95242045073505E-02 
408	 2,03970805420123E-02 
409	 2,43752253787857E-02 
410	 2,94412698232999E-02 
411	 2,76540231102868E-02 
412	 2,55793045151927E-02 
413	 2,91229129734432E-02 
414	 2,79461158964218E-02 
415	 2,40276056985366E-02 
416	 2,69689629117984E-02 
417	 3,11960993389781E-02 
418	 3,33766525317172E-02 
419	 0,028085439763687 
420	 2,17734443606751E-02 
421	 2,30020612292469E-02 
422	 2,56153056597581E-02 
423	 0,027759412361456 
424	 2,87190761716112E-02 
425	 2,89167814350416E-02 
426	 2,86318530096306E-02 
427	 2,78987757873659E-02 
428	 2,70956947914384E-02 
429	 2,67544617555834E-02 
430	 2,67460044890243E-02 
431	 2,76417517741445E-02 
432	 3,27188787748084E-02 
433	 3,50441020927582E-02 
434	 2,89611952733567E-02 
435	 2,30899881815396E-02 
436	 0,021110517252309 
437	 2,85875120626184E-02 
438	 3,03437893958751E-02 
439	 2,26868616066506E-02 
440	 2,46311136943029E-02 
441	 2,92919278605449E-02 
442	 2,60058433227859E-02 
443	 2,82672340248033E-02 
444	 3,51165222171863E-02 
445	 3,28761393336507E-02 
446	 2,85595569334053E-02 
447	 2,66275443590656E-02 
448	 2,60532285539122E-02 
449	 2,62995086713252E-02 
450	 2,64559097638849E-02 
451	 0,027041345795345 
452	 2,76931603009993E-02 
453	 2,66527618501733E-02 
454	 2,44198715820615E-02 
455	 2,17591808058666E-02 
456	 2,27058363293381E-02 
457	 2,60086570845842E-02 
458	 2,59042883999827E-02 
459	 2,78151300069447E-02 
460	 3,26421393316009E-02 
461	 3,16824824637881E-02 
462	 2,87856319092822E-02 
463	 3,00922378507378E-02 
464	 3,05380330522457E-02 
465	 2,92706457508567E-02 
466	 2,74667582079378E-02 
467	 2,67181585792153E-02 
468	 2,79078358974604E-02 
469	 2,88904441549835E-02 
470	 2,90531333549977E-02 
471	 2,77688071626312E-02 
472	 2,75842501058545E-02 
473	 2,88893553663928E-02 
474	 2,92158501546863E-02 
475	 2,88052296670704E-02 
476	 2,81119397952876E-02 
477	 2,89042353608008E-02 
478	 3,05561794136301E-02 
479	 3,03551434649148E-02 
480	 3,02899735821706E-02 
481	 3,07872050674519E-02 
482	 2,80763549834968E-02 
483	 0,024963012444821 
484	 2,60304057458905E-02 
485	 0,028611961695673 
486	 3,08927149071748E-02 
487	 2,92856426160255E-02 
488	 2,68286569869665E-02 
489	 2,60561483614848E-02 
490	 2,74651627362488E-02 
491	 2,96592916804875E-02 
492	 0,029271654917289 
493	 2,96769054525282E-02 
494	 3,11251982955612E-02 
495	 2,84978644746544E-02 
496	 2,55318402340443E-02 
497	 2,67170600444157E-02 
498	 2,61997908723616E-02 
499	 2,41928241705579E-02 
500	 2,55435062468631E-02 
501	 2,68944261440507E-02 
502	 2,65924408091778E-02 
503	 2,78008187172214E-02 
504	 2,92041087048004E-02 
505	 2,77739680454952E-02 
506	 2,73879995899665E-02 
507	 2,85075294788368E-02 
508	 2,76964463650939E-02 
509	 2,68260679830263E-02 
510	 2,75988417530705E-02 
511	 2,73315831324217E-02 
512	 2,67946618202623E-02 
513	 2,96094409439069E-02 
514	 0,030896192706385 
515	 2,91391528557662E-02 
516	 2,93876038283835E-02 
517	 3,04814506360088E-02 
518	 0,030118108010649 
519	 2,93590816812403E-02 
520	 2,89104723091867E-02 
521	 3,04067773413545E-02 
522	 3,15375588071308E-02 
523	 3,07412497162016E-02 
524	 3,03785544618401E-02 
525	 3,04446469184132E-02 
526	 2,99649665253899E-02 
527	 2,99133636378885E-02 
528	 3,03201204486844E-02 
529	 2,95056023303257E-02 
530	 2,85186592021042E-02 
531	 2,86714554160793E-02 
532	 2,88474688388156E-02 
533	 2,90454144287187E-02 
534	 3,02811314978559E-02 
535	 3,06707486055091E-02 
536	 2,93456280686014E-02 
537	 2,89420525844529E-02 
538	 2,95234259382918E-02 
539	 3,06605939243404E-02 
540	 3,04760864975051E-02 
541	 2,89417259885487E-02 
542	 2,91028002811874E-02 
543	 2,96102061216996E-02 
544	 2,90767194790304E-02 
545	 0,029617133614132 
546	 3,07451264558547E-02 
547	 2,99636910580281E-02 
548	 2,91589686273409E-02 
549	 2,92717633510365E-02 
550	 2,99118034372555E-02 
551	 0,030598524730628 
552	 3,07005817122116E-02 
553	 0,030156093670174 
554	 2,92861514189978E-02 
555	 2,94271933732323E-02 
556	 0,029623704332224 
557	 2,91379531979767E-02 
558	 2,95373608444185E-02 
559	 3,03141161152736E-02 
560	 2,94437585257303E-02 
561	 2,88642347626376E-02 
562	 0,029287985839003 
563	 0,029966931810097 
564	 3,02667013761634E-02 
565	 2,94588185879085E-02 
566	 2,95093145400967E-02 
567	 3,03941255293299E-02 
568	 3,01116628924685E-02 
569	 2,96782566133365E-02 
570	 2,97874260186589E-02 
571	 2,98695143905227E-02 
572	 2,98471966735485E-02 
573	 2,96659529190548E-02 
574	 2,98830076263189E-02 
575	 3,06435491175781E-02 
576	 3,14909749664682E-02 
577	 3,23103290444387E-02 
578	 0,033011751281118 
579	 3,33844185569274E-02 
580	 3,34544537949678E-02 
581	 3,34369097510409E-02 
582	 3,34747836890135E-02 
583	 3,36875352321723E-02 
584	 3,41597198031465E-02 
585	 3,47895483006119E-02 
586	 3,54290341033131E-02 
587	 3,55785600411202E-02 
588	 3,53593184841045E-02 
589	 3,61248334131015E-02 
590	 3,67244466884054E-02 
591	 3,61245616460162E-02 
592	 3,63334370962327E-02 
593	 3,71745441647838E-02 
594	 3,71107752513554E-02 
595	 3,67034235985241E-02 
596	 3,62773469704378E-02 
597	 3,62427441202074E-02 
598	 3,64924751119617E-02 
599	 3,67921394228661E-02 
600	 3,70010127993522E-02 
601	 3,70432969049457E-02 
602	 3,68980274882748E-02 
603	 3,67168374687011E-02 
604	 0,036604651728657 
605	 3,62891598826873E-02 
606	 3,58397336395833E-02 
607	 3,54933522278867E-02 
608	 3,52777424009675E-02 
609	 3,52296216707773E-02 
610	 3,54679307184483E-02 
611	 3,54776360090968E-02 
612	 3,46370445324986E-02 
613	 0,034315500362725 
614	 0,034621951605074 
615	 3,46985376060745E-02 
616	 3,47283414984215E-02 
617	 0,034746450887764 
618	 3,39672835839316E-02 
619	 3,32048725549727E-02 
620	 3,43148913830085E-02 
621	 3,50265732435272E-02 
622	 3,46807768449657E-02 
623	 3,40258584493884E-02 
624	 3,38634208960921E-02 
625	 3,48918062651358E-02 
626	 3,48433359905822E-02 
627	 3,39223719419336E-02 
628	 3,41575139251656E-02 
629	 3,47729711306984E-02 
630	 3,53207508331299E-02 
631	 3,54782407747516E-02 
632	 3,54701517456896E-02 
633	 3,57495026989757E-02 
634	 3,58224539333253E-02 
635	 3,56751485453078E-02 
636	 3,58012509581846E-02 
637	 3,60820046808079E-02 
638	 3,64182351237577E-02 
639	 3,70882334873626E-02 
640	 3,78337318818826E-02 
641	 3,79254149561022E-02 
642	 3,79428728154332E-02 
643	 3,81343810494302E-02 
644	 3,84548137821759E-02 
645	 3,88086231072823E-02 
646	 3,90749624781642E-02 
647	 3,92937847497926E-02 
648	 3,93887276990763E-02 
649	 3,90725292805793E-02 
650	 3,87931083859051E-02 
651	 3,88031744243022E-02 
652	 3,85102157005042E-02 
653	 3,78299371092436E-02 
654	 3,67077609962319E-02 
655	 3,59596464545597E-02 
656	 3,58476952278381E-02 
657	 3,60420469293805E-02 
658	 3,60194847276813E-02 
659	 3,53020643916864E-02 
660	 3,50119045805983E-02 
661	 3,49444569767742E-02 
662	 3,37662346914666E-02 
663	 3,25216891736598E-02 
664	 3,18325985906551E-02 
665	 3,19797443733292E-02 
666	 3,23175656768326E-02 
667	 3,18013932322656E-02 
668	 3,13757256169975E-02 
669	 3,12677609573189E-02 
670	 3,12823935919585E-02 
671	 3,12449673874762E-02 
672	 3,10166227581018E-02 
673	 0,030616169415326 
674	 3,03070985553414E-02 
675	 3,07307652209244E-02 
676	 3,10376542624653E-02 
677	 3,09328769500347E-02 
678	 0,030692799659171 
679	 3,07287730895923E-02 
680	 3,14779219533832E-02 
681	 3,18063650721275E-02 
682	 3,16349686622001E-02 
683	 3,16153307859367E-02 
684	 3,18184740100521E-02 
685	 3,22603319658981E-02 
686	 3,24634964253954E-02 
687	 3,28978150500334E-02 
688	 3,45320719754209E-02 
689	 3,59918052699171E-02 
690	 3,69172858171418E-02 
691	 3,77287970423002E-02 
692	 0,038977204402553 
693	 4,11193443749899E-02 
694	 4,35420494666885E-02 
695	 4,63097320724492E-02 
696	 4,99832647246315E-02 
697	 5,36094698637196E-02 
698	 5,68907541118147E-02 
699	 6,06619593633284E-02 
700	 6,49559777726685E-02 
701	 6,97036202775521E-02 
702	 7,48460922229029E-02 
703	 8,01856216621374E-02 
704	 8,54149818576923E-02 
705	 9,01006570829212E-02 
706	 9,41368276269759E-02 
707	 9,92778436873172E-02 
708	 0,104674671926555 
709	 0,108274131947044 
710	 0,11198854325534 
711	 0,116242444345558 
712	 0,12013830761578 
713	 0,123736482808435 
714	 0,127111383596146 
715	 0,130084365560942 
716	 0,132722073335335 
717	 0,135277868127309 
718	 0,13763362835013 
719	 0,139742303200962 
720	 0,141571455554372 
721	 0,143398516902534 
722	 0,145559418313778 
723	 0,147225988687938 
724	 0,148399466089261 
725	 0,149747171476888 
726	 0,151196620579972 
727	 0,152628664614881 
728	 0,153401122625415 
729	 0,153793169629512 
730	 0,154414304738478 
731	 0,155471114281837 
732	 0,156793541271919 
733	 0,157317189376906 
734	 0,157603200268134 
735	 0,158167642668581 
736	 0,158661312551933 
737	 0,159135878745071 
738	 0,159883306316194 
739	 0,160424603718856 
740	 0,16068049750939 
741	 0,161389001157845 
742	 0,161975180474603 
743	 0,161734056260417 
744	 0,161614216442815 
745	 0,161868443669975 
746	 0,162524773346014 
747	 0,163190254290433 
748	 0,163590732534302 
749	 0,16360455660628 
750	 0,163387154227676 
751	 0,163176386463633 
752	 0,16343318960504 
753	 0,164024051498379 
754	 0,163841526205308 
755	 0,16385739482483 
756	 0,164660643898384 
757	 0,16463869123858 
758	 0,164174075849776 
759	 0,164562471143411 
760	 0,164862823444151 
761	 0,164879356604536 
762	 0,165135590437944 
763	 0,165467124029604 
764	 0,165686654708086 
765	 0,165620922534677 
766	 0,165510381712401 
767	 0,166115815616519 
768	 0,166448574859603 
769	 0,166220026082201 
770	 0,16623945305764 
771	 0,166480665837114 
772	 0,166823982656795 
773	 0,167109696430856 
774	 0,167307177080856 
775	 0,167526952397783 
776	 0,167511075843741 
777	 0,167208829545245 
778	 0,167215771701061 
779	 0,167464327853498 
780	 0,167748950816578 
781	 0,167968124096246 
782	 0,168066201209385 
783	 0,168005883137744 
784	 0,167981671297557 
785	 0,168100926721283 
786	 0,168078909320824 
787	 0,167984774753969 
788	 0,168005188295807 
789	 0,168097328927842 
790	 0,16825480272782 
791	 0,168514575344493 
792	 0,168659995266519 
793	 0,168552591105387 
794	 0,168650561794429 
795	 0,168909128488691 
796	 0,169088228256256 
797	 0,169060017360707 
798	 0,168844980356557 
799	 0,168808602482275 
800	 0,168825290729091 
801	 0,168775833899143 
802	 0,168962825764053 
803	 0,169266159798128 
804	 0,169221715897246 
805	 0,169311150034438 
806	 0,169671807531647 
807	 0,170059278599414 
808	 0,170275457912536 
809	 0,170129811063825 
810	 0,169565283744379 
811	 0,168964491360143 
812	 0,169321177830015 
813	 0,169954812053601 
814	 0,170464210929207 
815	 0,170402140034796 
816	 0,170195059126596 
817	 0,170396433821913 
818	 0,170760238530747 
819	 0,171145947646125 
820	 0,17132439657516 
821	 0,171359245927256 
822	 0,171344098307953 
823	 0,171669557434877 
824	 0,172041638810795 
825	 0,172039955403362 
826	 0,171959719097867 
827	 0,171902438484343 
828	 0,171924555344671 
829	 0,172057900373604 
830	 0,172296654893905 
831	 0,172513008289098 
832	 0,172590899324287 
833	 0,172405280001275 
834	 0,172440119146594 
835	 0,172720100697595 
836	 0,172891373092105 
837	 0,173019857483716 
838	 0,173109182484964 
839	 0,172976071224271 
840	 0,172851147335677 
841	 0,173074703580667 
842	 0,173121094686978 
843	 0,173098465723976 
844	 0,173900250210931 
845	 0,174304017054717 
846	 0,173760691497013 
847	 0,173566644728893 
848	 0,173605198719156 
849	 0,173494317155232 
850	 0,173486502954361 
851	 0,173544056970739 
852	 0,173319461739753 
853	 0,173315565998846 
854	 0,173736828097185 
855	 0,173946702180591 
856	 0,174098258831602 
857	 0,174498617207728 
858	 0,174057580506675 
859	 0,173093728981132 
860	 0,173451608592216 
861	 0,173964502585106 
862	 0,174078281415694 
863	 0,174434052727357 
864	 0,174723387048793 
865	 0,174494677903117 
866	 0,174786688483119 
867	 0,175344157479222 
868	 0,174555225363651 
869	 0,174060704795975 
870	 0,174545654596541 
871	 0,174943600911586 
872	 0,175139521459666 
873	 0,175134717334489 
874	 0,175509032288533 
875	 0,17613555570734 
876	 0,176267296044517 
877	 0,176351526332434 
878	 0,176533974618402 
879	 0,176545183120709 
880	 0,176530335284074 
881	 0,176638760404017 
882	 0,176249275434968 
883	 0,175706940371613 
884	 0,176230283763506 
885	 0,176756963832956 
886	 0,176942486630229 
887	 0,177203993824607 
888	 0,177364011523966 
889	 0,177279206930715 
890	 0,177539562031034 
891	 0,177867911249793 
892	 0,177381729790145 
893	 0,177288868871896 
894	 0,17775668678766 
895	 0,177745708293418 
896	 0,177166860404849 
897	 0,176125989044431 
898	 0,175855266017223 
899	 0,176517111054375 
900	 0,178045464496876 
901	 0,178659329775328 
902	 0,178154602221765 
903	 0,178093115363063 
904	 0,177927517928325 
905	 0,177439457948189 
906	 0,177580264687277 
907	 0,177905464504779 
908	 0,17763556377704 
909	 0,17763611248467 
910	 0,177894643646093 
911	 0,177633700805003 
912	 0,177740376144852 
913	 0,178452491951684 
914	 0,178536652931396 
915	 0,17833634971352 
916	 0,178376544932108 
917	 0,179126765701355 
918	 0,179873087992245 
919	 0,178489524892635 
920	 0,177624827040085 
921	 0,178071283297895 
922	 0,178656943023837 
923	 0,179168969900052 
924	 0,179374207513096 
925	 0,1785012544858 
926	 0,177435847395122 
927	 0,177990360864317 
928	 0,177623212910589 
929	 0,176501005617281 
930	 0,177898561666896 
931	 0,179741029200964 
932	 0,18052559643643 
933	 0,179255860407695 
934	 0,177600320485388 
935	 0,177803107736554 
936	 0,178270981757974 
937	 0,178560446881566 
938	 0,178546921779019 
939	 0,177867876246178 
940	 0,176766818226589 
941	 0,177192228383037 
942	 0,17763424575844 
943	 0,176728632661304 
944	 0,175715303886077 
945	 0,175064504160047 
946	 0,175222050961404 
947	 0,175659789542497 
948	 0,175978816137928 
949	 0,175591894652417 
950	 0,174467831907635 
951	 0,172943416079388 
952	 0,172991541040427 
953	 0,17398698830821 
954	 0,174839617263867 
955	 0,174562914370843 
956	 0,173319781849912 
957	 0,172151783055736 
958	 0,171083803938516 
959	 0,170378616227102 
960	 0,170545559040515 
961	 0,171881914811686 
962	 0,174067726476284 
963	 0,172835315087636 
964	 0,170266257420333 
965	 0,170416726483812 
966	 0,171042032986759 
967	 0,17144483056334 
968	 0,171134952788483 
969	 0,170905782160086 
970	 0,171092436653282 
971	 0,171389204798484 
972	 0,171932377907127 
973	 0,172702901303376 
974	 0,171740896628778 
975	 0,170940259477178 
976	 0,174294599061285 
977	 0,173933502225879 
978	 0,16987086943376 
979	 0,169978078313666 
980	 0,170862941379504 
981	 0,171026980250057 
982	 0,1717583068018 
983	 0,173004386539424 
984	 0,174520634707521 
985	 0,175073517358311 
986	 0,175055266695229 
987	 0,175710867619131 
988	 0,176198604163055 
989	 0,175955206036159 
990	 0,173618329805971 
991	 0,172650217225181 
992	 0,174316730851512 
993	 0,17397576007791 
994	 0,173064587260654 
995	 0,173540702986898 
996	 0,176182591027011 
997	 0,178790490263631 
998	 0,176869987730741 
999	 0,176863382295112 
1000	 0,179036728194172 
1001	 0,177058529745097 
1002	 0,176496929350602 
1003	 0,179443249467238 
1004	 0,180957205859997 
1005	 0,179865704704974 
1006	 0,176078904161325 
1007	 0,177013841817987 
1008	 0,181024802094671 
1009	 0,182795777121776 
1010	 0,182948992572624 
1011	 0,181768227207105 
1012	 0,179714013026768 
1013	 0,18034474722406 
1014	 0,183894861339513 
1015	 0,182855547216923 
1016	 0,179563955501229 
1017	 0,17708687587459 
1018	 0,180389167962887 
1019	 0,185728918694653 
1020	 0,186489319463194 
1021	 0,186166598933544 
1022	 0,185899510279809 
1023	 0,187072599918493 
1024	 0,185583401638123 
1025	 0,181390666306048 
1026	 0,180894286512102 
1027	 0,182436613209225 
1028	 0,184295669774555 
1029	 0,183732290440819 
1030	 0,182887655989812 
1031	 0,184521463670817 
1032	 0,186240604192522 
1033	 0,187366151432333 
1034	 0,187554420431238 
1035	 0,188080653203296 
1036	 0,189060809023897 
1037	 0,189485795987153 
1038	 0,189824402641987 
1039	 0,190158608753932 
1040	 0,189786679347687 
1041	 0,189520218472678 
1042	 0,189907542422077 
1043	 0,189158349821699 
1044	 0,189382897515649 
1045	 0,193427473123393 
1046	 0,193792688647975 
1047	 0,191366437149669 
1048	 0,192141890030665 
1049	 0,196017671365559 
1050	 0,200559395130937 
1051	 0,19558540850259 
1052	 0,194430676113028 
1053	 0,201236910209901 
1054	 0,199839441084152 
1055	 0,192144079910065 
1056	 0,182951719821671 
1057	 0,191768519332058 
1058	 0,201714194595264 
1059	 0,187222149066272 
1060	 0,188104836014704 
1061	 0,200317777735526 
1062	 0,194061809549658 
1063	 0,197594078339865 
1064	 0,209999762850461 
1065	 0,197500143638754 
1066	 0,182186981821169 
1067	 0,175777965054116 
1068	 0,183710183310487 
1069	 0,189966014919407 
1070	 0,184165056382909 
1071	 0,19238478054078 
1072	 0,203694346421439 
1073	 0,201881952187573 
1074	 0,196924496822594 
1075	 0,189914876795935 
