Wavelength	ABBE00215.asd
325	 0,115804083473066 
326	 0,199154075187133 
327	 0,290035238591983 
328	 0,333662371947545 
329	 0,295067237623019 
330	 0,239100447640321 
331	 0,235875256872136 
332	 0,260188914267574 
333	 0,282844709906021 
334	 0,269245259324375 
335	 0,208394416788834 
336	 0,129430253210463 
337	 0,153535262892682 
338	 0,215826142970962 
339	 0,268885522502076 
340	 0,295425471853181 
341	 0,278966806810527 
342	 0,213542559920312 
343	 0,214835074598583 
344	 0,277732279051339 
345	 0,205209975182406 
346	 0,137712966169687 
347	 0,209080732566777 
348	 0,213401669305191 
349	 0,169009612412367 
350	 0,219553053314342 
351	 0,239735065704552 
352	 0,198591565431 
353	 0,204954890354346 
354	 0,22720511374074 
355	 0,214380729849242 
356	 0,217022006165012 
357	 0,232327685519841 
358	 0,231587278904773 
359	 0,203304762946232 
360	 0,154466566663813 
361	 0,1838667735609 
362	 0,229727784479056 
363	 0,19358469394245 
364	 0,186950895897162 
365	 0,218478337212897 
366	 0,222196366510651 
367	 0,218070737807984 
368	 0,21890658869915 
369	 0,22225042263292 
370	 0,224693567651173 
371	 0,220602624338244 
372	 0,206377027323428 
373	 0,188057082472928 
374	 0,190061531003814 
375	 0,201700877133109 
376	 0,212369702684038 
377	 0,213076934905289 
378	 0,208893040627149 
379	 0,213335686592793 
380	 0,219424179573841 
381	 0,224189156405904 
382	 0,224091251658572 
383	 0,215538279570058 
384	 0,196863225713429 
385	 0,198175886137317 
386	 0,213056337617248 
387	 0,20882082671429 
388	 0,206441154249624 
389	 0,212059711500757 
390	 0,212005201836768 
391	 0,21879983998609 
392	 0,247240358891884 
393	 0,245557478702058 
394	 0,218642651873696 
395	 0,211794284354126 
396	 0,211596267993434 
397	 0,212454273597656 
398	 0,224709566987236 
399	 0,234128802848448 
400	 0,218452553116922 
401	 0,213214988783034 
402	 0,222199659981318 
403	 0,223540761351509 
404	 0,218479848674136 
405	 0,209973372670583 
406	 0,217177447023015 
407	 0,230009706510421 
408	 0,222151173383329 
409	 0,222390906978333 
410	 0,233504784888363 
411	 0,22775616384898 
412	 0,217608568066212 
413	 0,215452849165078 
414	 0,213349884105723 
415	 0,212090647098246 
416	 0,217367129567614 
417	 0,22224708206588 
418	 0,222949397480338 
419	 0,21531182417551 
420	 0,208491758420178 
421	 0,21423175340679 
422	 0,215740765349685 
423	 0,212002833996494 
424	 0,212607023602681 
425	 0,21508810378586 
426	 0,21752909659355 
427	 0,218061055952231 
428	 0,216878093040089 
429	 0,214623005120886 
430	 0,213569555755647 
431	 0,214441199210788 
432	 0,216624314149639 
433	 0,218949821255631 
434	 0,220183350042532 
435	 0,215813315020711 
436	 0,209629992363842 
437	 0,213320132956861 
438	 0,214558408981852 
439	 0,210167776306375 
440	 0,212625855859401 
441	 0,217349836266826 
442	 0,217342863214845 
443	 0,216735371016027 
444	 0,216421983372902 
445	 0,216141029511199 
446	 0,215847444492732 
447	 0,215631156347974 
448	 0,21659220661697 
449	 0,21774845938337 
450	 0,217000014579027 
451	 0,216917578470273 
452	 0,218294415792397 
453	 0,220979484500011 
454	 0,222304643748524 
455	 0,220202386300932 
456	 0,221106533770454 
457	 0,224305876349349 
458	 0,224697859090432 
459	 0,223971832809539 
460	 0,222956969699227 
461	 0,222322277992528 
462	 0,222815104621351 
463	 0,225272936909374 
464	 0,226322642655856 
465	 0,225507082726279 
466	 0,224295819399828 
467	 0,224641992736796 
468	 0,227326319228905 
469	 0,226599660718833 
470	 0,224700623925233 
471	 0,227867155328846 
472	 0,230378235555301 
473	 0,230315658213438 
474	 0,227896938205396 
475	 0,225803292849707 
476	 0,226631903320906 
477	 0,229921384789426 
478	 0,233135229480263 
479	 0,229743999063668 
480	 0,227413512969339 
481	 0,229252741078706 
482	 0,229485646892993 
483	 0,228491626111364 
484	 0,22771974309861 
485	 0,227743131204831 
486	 0,228399167753288 
487	 0,228391460863743 
488	 0,227823223600904 
489	 0,226888017630475 
490	 0,226374301530768 
491	 0,226731649227399 
492	 0,228860241628965 
493	 0,229941035710104 
494	 0,229227094201708 
495	 0,228988451191371 
496	 0,229042163459029 
497	 0,228982601887581 
498	 0,229254407045562 
499	 0,229610142132518 
500	 0,228838049816729 
501	 0,228891998199028 
502	 0,23067005245947 
503	 0,231879128868808 
504	 0,23244679070839 
505	 0,232867612681259 
506	 0,23271909821147 
507	 0,232305985269011 
508	 0,233233448004003 
509	 0,23445115365612 
510	 0,234976848504064 
511	 0,235636596369178 
512	 0,236739055038106 
513	 0,238989493010164 
514	 0,239753735435918 
515	 0,238467557849814 
516	 0,239641085948885 
517	 0,241439415771628 
518	 0,240724746083298 
519	 0,239916472517395 
520	 0,239768169890604 
521	 0,240729037970821 
522	 0,241074257200006 
523	 0,239763000852207 
524	 0,239849097876796 
525	 0,240807694373996 
526	 0,240320099944902 
527	 0,23998507137226 
528	 0,240178395122979 
529	 0,24007113398854 
530	 0,239449085143907 
531	 0,238168618728462 
532	 0,238009741595806 
533	 0,239018064197453 
534	 0,240154289745028 
535	 0,240354976250266 
536	 0,239177769466054 
537	 0,238749421584699 
538	 0,239026470304237 
539	 0,239375531356271 
540	 0,239524165424447 
541	 0,23937005413478 
542	 0,239106348630887 
543	 0,238810701865396 
544	 0,238568502277868 
545	 0,238844663309557 
546	 0,23948050505377 
547	 0,239790619813463 
548	 0,240138799790603 
549	 0,240579050776156 
550	 0,240275822351135 
551	 0,239944557907303 
552	 0,240859820603297 
553	 0,24098791489765 
554	 0,240158157377617 
555	 0,240187974047945 
556	 0,240341827643414 
557	 0,23998012610561 
558	 0,239480238422991 
559	 0,238903548391883 
560	 0,238097326368536 
561	 0,23798541538096 
562	 0,238645171160522 
563	 0,238071065901619 
564	 0,236962750451651 
565	 0,236464771550088 
566	 0,237005669695162 
567	 0,23819374679248 
568	 0,238130749990583 
569	 0,238298532840108 
570	 0,239613634498936 
571	 0,240238307860112 
572	 0,240523284194639 
573	 0,241868107223938 
574	 0,243214878676031 
575	 0,244252917807324 
576	 0,245433293902514 
577	 0,246574039077271 
578	 0,247453599953342 
579	 0,248411232521304 
580	 0,249451851672762 
581	 0,25023353792451 
582	 0,251389098237041 
583	 0,25322592024011 
584	 0,255205679858546 
585	 0,256870560043435 
586	 0,257535972763775 
587	 0,258476275317718 
588	 0,26002828381258 
589	 0,261783741335369 
590	 0,26305262694619 
591	 0,263252554220765 
592	 0,26319948628325 
593	 0,263338699507256 
594	 0,264365132660321 
595	 0,265228783012407 
596	 0,265434037141221 
597	 0,265381743052115 
598	 0,265324955244553 
599	 0,265573365971242 
600	 0,265658688182405 
601	 0,265393310754831 
602	 0,264596740295431 
603	 0,26390536107427 
604	 0,263756125464104 
605	 0,262969954558814 
606	 0,261836228066598 
607	 0,261525817399071 
608	 0,261302839805213 
609	 0,260935745173139 
610	 0,260712074592302 
611	 0,260503236033029 
612	 0,26013401420264 
613	 0,259239597533971 
614	 0,258107053205854 
615	 0,257925420212906 
616	 0,257990451147578 
617	 0,257814030995849 
618	 0,257394654229902 
619	 0,256860326715668 
620	 0,256457099708547 
621	 0,256148719770393 
622	 0,25606026466813 
623	 0,256799470855927 
624	 0,257447115071926 
625	 0,257064884114924 
626	 0,256841059517921 
627	 0,257074448529584 
628	 0,257837555810957 
629	 0,258601065295654 
630	 0,259071980231534 
631	 0,259483991770237 
632	 0,259868409803843 
633	 0,260208751207534 
634	 0,260873135625432 
635	 0,261878408964434 
636	 0,262809140622994 
637	 0,263619340022553 
638	 0,264315250496918 
639	 0,265387314089919 
640	 0,266605398481132 
641	 0,267155122064757 
642	 0,267772069147663 
643	 0,268663596856401 
644	 0,269258272530232 
645	 0,269523320961789 
646	 0,269491279561816 
647	 0,269336087122264 
648	 0,269164105331453 
649	 0,269161445673157 
650	 0,268875227905392 
651	 0,268044226987425 
652	 0,267326180373508 
653	 0,266522546558108 
654	 0,264997993710208 
655	 0,263519542746697 
656	 0,262301246771874 
657	 0,260997902805858 
658	 0,259475509383087 
659	 0,257632067535646 
660	 0,255840372857895 
661	 0,254220648109197 
662	 0,252878067563271 
663	 0,251318629705895 
664	 0,249384127400397 
665	 0,247890646086366 
666	 0,246756925680169 
667	 0,245685019194651 
668	 0,244868987397221 
669	 0,244315727686755 
670	 0,243874145386127 
671	 0,243576893062748 
672	 0,243425670904766 
673	 0,243117071504229 
674	 0,242734793878743 
675	 0,242612925395193 
676	 0,242545339348519 
677	 0,2424670412955 
678	 0,242387551274146 
679	 0,242513267705884 
680	 0,243076718892591 
681	 0,243752065324124 
682	 0,244525577834712 
683	 0,245647121764428 
684	 0,246767148096744 
685	 0,247747643219301 
686	 0,249058205163034 
687	 0,25117998382021 
688	 0,254874129224026 
689	 0,258224196115646 
690	 0,261064494701312 
691	 0,265423266157739 
692	 0,270718428848145 
693	 0,276363124942444 
694	 0,282641286938732 
695	 0,289644764385047 
696	 0,297508912884856 
697	 0,305969641297801 
698	 0,314817924308649 
699	 0,323688449987908 
700	 0,332661565216926 
701	 0,341904587733438 
702	 0,351134043055879 
703	 0,360241339446323 
704	 0,369332774242455 
705	 0,378017488143533 
706	 0,386067836887148 
707	 0,393945065653256 
708	 0,401544677806305 
709	 0,408585780272505 
710	 0,415119697473541 
711	 0,421304144753424 
712	 0,427901136251775 
713	 0,433839187993414 
714	 0,438169759616607 
715	 0,442428245826917 
716	 0,446768483330771 
717	 0,45075290983519 
718	 0,454425901461751 
719	 0,457792487494958 
720	 0,460908739934365 
721	 0,46380973710977 
722	 0,46651433778526 
723	 0,469008636554572 
724	 0,471197614593982 
725	 0,472633095545865 
726	 0,474299037481531 
727	 0,47670518178053 
728	 0,478600485732333 
729	 0,479953731303034 
730	 0,481003586401587 
731	 0,482295818914944 
732	 0,483862888806069 
733	 0,484953726770531 
734	 0,485854505876622 
735	 0,486828167711342 
736	 0,487661904886541 
737	 0,488381582750143 
738	 0,489081969490749 
739	 0,489980719512485 
740	 0,491024616524061 
741	 0,491406036660437 
742	 0,491559525804698 
743	 0,492063475368658 
744	 0,492750992168271 
745	 0,493503192016143 
746	 0,494103097050186 
747	 0,494463022896809 
748	 0,494580978845653 
749	 0,494847152411812 
750	 0,495164408468522 
751	 0,495303267227197 
752	 0,495415077284672 
753	 0,495546448739609 
754	 0,495690570667656 
755	 0,495890068093662 
756	 0,49617192243475 
757	 0,496523300400305 
758	 0,496793809284881 
759	 0,496641203863105 
760	 0,496878336368097 
761	 0,497626334299861 
762	 0,498066335175109 
763	 0,498384745852832 
764	 0,498766939454979 
765	 0,49858989253636 
766	 0,498240841283884 
767	 0,499034209281473 
768	 0,499676017785936 
769	 0,499717376527459 
770	 0,499828311839882 
771	 0,499962921637406 
772	 0,500012197328925 
773	 0,500332897210931 
774	 0,500874714462943 
775	 0,501284014179617 
776	 0,50142623629883 
777	 0,501303341440876 
778	 0,501521410495356 
779	 0,501875700425442 
780	 0,501961306454636 
781	 0,502060117498638 
782	 0,502275994996056 
783	 0,502746318671111 
784	 0,503051268138173 
785	 0,502968481601465 
786	 0,503169393954132 
787	 0,503477024706378 
788	 0,503400916883096 
789	 0,503365603860267 
790	 0,503479747959871 
791	 0,503651778806862 
792	 0,503713614471082 
793	 0,503561765788658 
794	 0,503570126563612 
795	 0,50373065491208 
796	 0,503888533370495 
797	 0,504010261278417 
798	 0,50407877357667 
799	 0,504128200431249 
800	 0,504156899057758 
801	 0,504187619623652 
802	 0,504641016470983 
803	 0,505219206556852 
804	 0,504934721313363 
805	 0,504862198836256 
806	 0,505288218643668 
807	 0,505367367937917 
808	 0,505594557612403 
809	 0,506488040098177 
810	 0,506484070691145 
811	 0,505859962672005 
812	 0,506315563157036 
813	 0,50679256863008 
814	 0,506919393945982 
815	 0,507189658266142 
816	 0,507636029624177 
817	 0,508240037584316 
818	 0,508636346167429 
819	 0,508765207548689 
820	 0,508723245983272 
821	 0,508748704896654 
822	 0,508999979261107 
823	 0,509600489948122 
824	 0,510080130274224 
825	 0,509850150879658 
826	 0,510156468742109 
827	 0,51094468910129 
828	 0,51101874125999 
829	 0,511183908054864 
830	 0,511773163260708 
831	 0,512095484292115 
832	 0,512216551556626 
833	 0,512329586561155 
834	 0,512641412153612 
835	 0,513011243810216 
836	 0,512703675452304 
837	 0,512790450815202 
838	 0,513687705246115 
839	 0,513952690737205 
840	 0,513684092352676 
841	 0,513261383875985 
842	 0,51369220078789 
843	 0,514663158429127 
844	 0,514200575996159 
845	 0,513654121823809 
846	 0,513734116151382 
847	 0,51376755257519 
848	 0,513893669120682 
849	 0,514394566589319 
850	 0,51464772823237 
851	 0,514477496814196 
852	 0,513807545823321 
853	 0,51358335394509 
854	 0,514201319822796 
855	 0,514391169203648 
856	 0,514467439468496 
857	 0,515051931700518 
858	 0,514770356896752 
859	 0,513933957171473 
860	 0,51461337884061 
861	 0,515342127195717 
862	 0,515466631130277 
863	 0,516076732055779 
864	 0,516727800780501 
865	 0,516727902366738 
866	 0,516838536830392 
867	 0,517144116591977 
868	 0,517344558051774 
869	 0,517362605551837 
870	 0,517315583261391 
871	 0,518154066116661 
872	 0,519207794729501 
873	 0,519585109637978 
874	 0,519890010209292 
875	 0,520243960503942 
876	 0,520603276765411 
877	 0,521075130090493 
878	 0,521592903429578 
879	 0,521496664731599 
880	 0,521457837788845 
881	 0,522182255853682 
882	 0,522131607665092 
883	 0,521578649747298 
884	 0,522062902465966 
885	 0,522554502991952 
886	 0,522736891133338 
887	 0,523027591177218 
888	 0,523035234018886 
889	 0,522456555985944 
890	 0,522323850482807 
891	 0,522688030072617 
892	 0,523218639129061 
893	 0,523773215582612 
894	 0,524093114113199 
895	 0,523407423686892 
896	 0,522991650133787 
897	 0,523753068531783 
898	 0,524170006733756 
899	 0,524144936519618 
900	 0,523926460632985 
901	 0,524125995880662 
902	 0,524805008619106 
903	 0,525531599697157 
904	 0,525553928766471 
905	 0,52465666808842 
906	 0,525022286591059 
907	 0,525670462062517 
908	 0,524850566279165 
909	 0,524765663092788 
910	 0,525703006083791 
911	 0,526930992995476 
912	 0,527386971187406 
913	 0,526746636511339 
914	 0,526688819580917 
915	 0,526769184216928 
916	 0,526384635646954 
917	 0,526814340853841 
918	 0,527704909554317 
919	 0,527440719055816 
920	 0,527868501328978 
921	 0,52908826302726 
922	 0,528521731331531 
923	 0,52741503136224 
924	 0,526963168368448 
925	 0,527144787761238 
926	 0,52765854983204 
927	 0,527971326803542 
928	 0,527633606700879 
929	 0,526720956709727 
930	 0,525879593432369 
931	 0,526062779068559 
932	 0,527478432101025 
933	 0,527516404271776 
934	 0,526614842713182 
935	 0,525775154108192 
936	 0,525618249072789 
937	 0,5259915403294 
938	 0,526025796796623 
939	 0,525638031252001 
940	 0,524813867770136 
941	 0,523704865591321 
942	 0,523342630077801 
943	 0,524381939798076 
944	 0,52392348790213 
945	 0,522744435599944 
946	 0,523276614198936 
947	 0,522403105690462 
948	 0,520160894824715 
949	 0,520011059393973 
950	 0,519882816314212 
951	 0,518774230524134 
952	 0,518399608742375 
953	 0,518346558209086 
954	 0,517922076638323 
955	 0,517397350144171 
956	 0,516634048357482 
957	 0,515042281074117 
958	 0,514260883329793 
959	 0,514627539107891 
960	 0,514800781873388 
961	 0,514420999063878 
962	 0,513345100260977 
963	 0,512419079331586 
964	 0,512079419091531 
965	 0,512724560271308 
966	 0,513394710062787 
967	 0,513541136825312 
968	 0,512234039463182 
969	 0,512090150883642 
970	 0,513687522862256 
971	 0,513434558820368 
972	 0,51280745336206 
973	 0,513303836645224 
974	 0,513729274589154 
975	 0,514145333871481 
976	 0,515037705341567 
977	 0,514698050598983 
978	 0,513162747763893 
979	 0,511941528813762 
980	 0,512504252621374 
981	 0,515237251449449 
982	 0,517776470019072 
983	 0,518720126290419 
984	 0,517121830804009 
985	 0,515824428670123 
986	 0,515552114135114 
987	 0,516470570734708 
988	 0,517933091767998 
989	 0,519384883607027 
990	 0,520048255275446 
991	 0,519719651612527 
992	 0,518753254060626 
993	 0,519870914956356 
994	 0,520879492107275 
995	 0,519575639577083 
996	 0,52040845322703 
997	 0,522546173739049 
998	 0,522815259695683 
999	 0,523259037593617 
1000	 0,524361996845681 
1001	 0,525882748420062 
1002	 0,526977820326208 
1003	 0,527469127875039 
1004	 0,529231262521156 
1005	 0,530726697529432 
1006	 0,530514001836289 
1007	 0,531160584688295 
1008	 0,532019191680764 
1009	 0,531178456419565 
1010	 0,531281693335498 
1011	 0,532310099185227 
1012	 0,531428011430233 
1013	 0,532635537159729 
1014	 0,536407438902633 
1015	 0,535769143674752 
1016	 0,534133789550974 
1017	 0,534660289110637 
1018	 0,535753903221377 
1019	 0,535498619291826 
1020	 0,53163765929312 
1021	 0,533911509196738 
1022	 0,540784991508843 
1023	 0,541239042266875 
1024	 0,541507262621016 
1025	 0,542112604661083 
1026	 0,535748014841655 
1027	 0,532407624996147 
1028	 0,537509010723173 
1029	 0,539472680921585 
1030	 0,540814759968416 
1031	 0,545590967073942 
1032	 0,549249010473094 
1033	 0,550493593284809 
1034	 0,54876930889044 
1035	 0,547437828293905 
1036	 0,54709178042984 
1037	 0,545536278999817 
1038	 0,544089558708343 
1039	 0,543371609124203 
1040	 0,542989624549381 
1041	 0,54373679309154 
1042	 0,546276833142676 
1043	 0,550821571499982 
1044	 0,554737748286234 
1045	 0,554853344678199 
1046	 0,55750433252088 
1047	 0,55897666580147 
1048	 0,547182749720771 
1049	 0,543169278581831 
1050	 0,550129572147246 
1051	 0,552890432371273 
1052	 0,557162407786854 
1053	 0,563228862210474 
1054	 0,558934013727501 
1055	 0,551989265517285 
1056	 0,550172664781481 
1057	 0,554237388306677 
1058	 0,557785631908359 
1059	 0,552376280409434 
1060	 0,551434000095479 
1061	 0,554985525353516 
1062	 0,555834538522416 
1063	 0,560404954989664 
1064	 0,566866021833568 
1065	 0,562112324421949 
1066	 0,556025201406756 
1067	 0,553031169377967 
1068	 0,55101127263959 
1069	 0,548640089247693 
1070	 0,546111783909721 
1071	 0,551070570515118 
1072	 0,557362862745804 
1073	 0,556942316318954 
1074	 0,557889391845465 
1075	 0,55831588328961 
