Wavelength	ABBE00493.asd
325	 0,128559652806155 
326	 9,99749561733033E-02 
327	 9,14498708766395E-02 
328	 5,61795173462653E-02 
329	 1,24228082037413E-02 
330	-1,42182906606625E-02 
331	-8,05080981000777E-03 
332	 1,58002491236283E-02 
333	 5,10479654242868E-02 
334	 0,110793119934081 
335	 7,91241582483165E-02 
336	-2,80958535972996E-02 
337	-4,15823951293928E-02 
338	-2,09879473139971E-02 
339	-1,74293752393002E-02 
340	 3,65261886555132E-02 
341	 0,100600063490589 
342	 0,112733469347994 
343	 9,68177166896168E-02 
344	 5,96633255301004E-02 
345	-7,05553294779135E-03 
346	-3,02519712907544E-02 
347	 4,88612356632808E-02 
348	 6,98685788669466E-02 
349	 3,92583883310002E-02 
350	 4,95846159436925E-02 
351	 0,061718687178619 
352	 6,14140316480452E-02 
353	 5,06158988862109E-02 
354	 3,45538401013124E-02 
355	 2,23413045517968E-02 
356	 2,82254694303257E-02 
357	 4,64395390503833E-02 
358	 6,19748509175285E-02 
359	 4,06490116003565E-02 
360	-1,65482389695984E-02 
361	 2,56982793020179E-02 
362	 8,69102589487526E-02 
363	 3,88562933282452E-02 
364	 7,30504192221404E-03 
365	 0,014271706615389 
366	 2,70586920453374E-02 
367	 4,05870960953672E-02 
368	 4,88865944175245E-02 
369	 3,59540306764068E-02 
370	 1,36590335194434E-02 
371	 7,18599739944851E-03 
372	 1,38285576276157E-02 
373	 2,64660830449156E-02 
374	 1,84860724613501E-02 
375	 1,51995265108129E-02 
376	 3,33052981155739E-02 
377	 0,030085956738257 
378	 1,80363084194488E-02 
379	 4,05073649754501E-02 
380	 3,67346752309337E-02 
381	 1,5770855007435E-03 
382	 1,55133793865129E-02 
383	 4,17862899212473E-02 
384	 4,38173256789009E-02 
385	 2,58539290702005E-02 
386	 3,44050415019475E-03 
387	 1,35465145674354E-02 
388	 2,72242785939852E-02 
389	 3,16666271396951E-02 
390	 2,52942948953262E-02 
391	 1,80569447800412E-02 
392	 0,021695806987027 
393	 1,87267872836208E-02 
394	 1,16463824141264E-02 
395	 1,87522737754071E-02 
396	 2,53063095214944E-02 
397	 2,40943744385364E-02 
398	 0,024634655837611 
399	 2,48450174542306E-02 
400	 2,00514411330757E-02 
401	 1,63406695519264E-02 
402	 1,56120711130418E-02 
403	 1,80045335053292E-02 
404	 2,09809941921259E-02 
405	 2,22090921136511E-02 
406	 1,41999940221361E-02 
407	 6,75096623899193E-03 
408	 2,21612485863231E-02 
409	 2,80153602354388E-02 
410	 1,94206937498487E-02 
411	 2,13236551028579E-02 
412	 2,57587982647781E-02 
413	 2,43391573613379E-02 
414	 1,96896287857982E-02 
415	 1,50102346349196E-02 
416	 1,69744482767996E-02 
417	 2,06275018042663E-02 
418	 2,29064818411616E-02 
419	 1,85914864039241E-02 
420	 0,014771462784576 
421	 2,08116581240457E-02 
422	 2,31170056699344E-02 
423	 2,03199270196015E-02 
424	 1,84298498713823E-02 
425	 1,79008824599327E-02 
426	 1,87718622315091E-02 
427	 1,80943418528637E-02 
428	 1,68912020450735E-02 
429	 1,74353674567391E-02 
430	 2,09975698853516E-02 
431	 2,60899046917705E-02 
432	 2,53067984522307E-02 
433	 2,26742339368785E-02 
434	 2,19524502235697E-02 
435	 2,12770830453456E-02 
436	 2,11161876668774E-02 
437	 2,35278601808499E-02 
438	 2,47523527125176E-02 
439	 0,023681476421534 
440	 2,39665526077782E-02 
441	 2,45131298062542E-02 
442	 2,35597702497495E-02 
443	 2,27380398133663E-02 
444	 2,29254987556674E-02 
445	 2,63334606304187E-02 
446	 2,62274965166487E-02 
447	 1,96730534621762E-02 
448	 1,97539675531626E-02 
449	 2,34535870333046E-02 
450	 2,17017199219929E-02 
451	 2,08416935042454E-02 
452	 2,21667178362902E-02 
453	 2,24711316383143E-02 
454	 0,02332728747552 
455	 2,60659805875595E-02 
456	 2,63248021196834E-02 
457	 2,44495694685892E-02 
458	 2,34157796851035E-02 
459	 2,35724543004108E-02 
460	 2,48789221405234E-02 
461	 2,52751893226728E-02 
462	 2,52610364727396E-02 
463	 0,025787524391292 
464	 2,57807809449337E-02 
465	 2,50716712440149E-02 
466	 2,36534496569363E-02 
467	 2,38627288718265E-02 
468	 2,66433787710895E-02 
469	 2,55128751472021E-02 
470	 2,27924764293251E-02 
471	 2,51192687653583E-02 
472	 2,65111444376827E-02 
473	 2,53047972218187E-02 
474	 2,28323390048086E-02 
475	 2,19862395300881E-02 
476	 2,52718968332263E-02 
477	 2,66624292759781E-02 
478	 2,57750547825205E-02 
479	 2,49186296062859E-02 
480	 2,61811046806725E-02 
481	 2,94695684135126E-02 
482	 2,63777921181576E-02 
483	 2,16764129950002E-02 
484	 2,36444095337555E-02 
485	 2,62753617270958E-02 
486	 2,70991058784544E-02 
487	 2,30998659094252E-02 
488	 1,95808651307587E-02 
489	 0,020615415659471 
490	 2,39400900820013E-02 
491	 2,71871476992693E-02 
492	 2,61035663749944E-02 
493	 2,53431325273333E-02 
494	 2,60864429545881E-02 
495	 2,52893247308812E-02 
496	 2,37350761564497E-02 
497	 2,25512183863067E-02 
498	 2,28962461862903E-02 
499	 2,43858719260967E-02 
500	 2,50597113549929E-02 
501	 2,51221672776913E-02 
502	 2,48788222037606E-02 
503	 2,60441498904254E-02 
504	 2,75289136940049E-02 
505	 2,71065071983546E-02 
506	 2,63092537046084E-02 
507	 2,57196759550162E-02 
508	 2,57718236681996E-02 
509	 2,55190249541766E-02 
510	 2,42258073936454E-02 
511	 2,42549977109027E-02 
512	 2,58082292329644E-02 
513	 2,86920576504524E-02 
514	 2,93290924438005E-02 
515	 2,68379929850095E-02 
516	 2,68342773808498E-02 
517	 2,81321629553523E-02 
518	 2,82647084842275E-02 
519	 2,83505124548388E-02 
520	 2,86704748958652E-02 
521	 2,96301384231325E-02 
522	 2,94078546151298E-02 
523	 2,70356282889477E-02 
524	 2,69699594160649E-02 
525	 2,84879845386465E-02 
526	 2,83165483631325E-02 
527	 2,82315027592801E-02 
528	 2,86039047091289E-02 
529	 2,84772159907482E-02 
530	 2,79311053302196E-02 
531	 2,71493613696487E-02 
532	 2,71663609197789E-02 
533	 2,79909330949148E-02 
534	 2,89750614321074E-02 
535	 2,92995108627322E-02 
536	 2,86232981600965E-02 
537	 0,028567196003658 
538	 2,90664035860765E-02 
539	 2,96304747060523E-02 
540	 2,95794811698294E-02 
541	 2,90299929047175E-02 
542	 2,97915118382194E-02 
543	 3,03767016356032E-02 
544	 2,93566199125268E-02 
545	 2,91892175599634E-02 
546	 2,98343754377377E-02 
547	 2,97252058068852E-02 
548	 2,95550909296875E-02 
549	 2,96834171858528E-02 
550	 3,03213308311855E-02 
551	 3,08582682498196E-02 
552	 3,03090892960749E-02 
553	 3,00131396784879E-02 
554	 3,02519371013641E-02 
555	 3,04605998094519E-02 
556	 3,05757939513542E-02 
557	 3,05792649748036E-02 
558	 3,08970101436107E-02 
559	 3,12241035943357E-02 
560	 3,04690322470087E-02 
561	 3,03583826978406E-02 
562	 3,13863368251073E-02 
563	 3,19402555907582E-02 
564	 0,031946203397651 
565	 3,15088836680617E-02 
566	 3,19613818228462E-02 
567	 3,31581106002401E-02 
568	 3,32428589815503E-02 
569	 3,32370039933675E-02 
570	 3,38199645130476E-02 
571	 3,41931935155409E-02 
572	 3,45234990023941E-02 
573	 3,54513278857312E-02 
574	 3,62588518857648E-02 
575	 3,67831679644013E-02 
576	 3,76529294239286E-02 
577	 3,85272791699956E-02 
578	 3,89887136980418E-02 
579	 3,94234669525179E-02 
580	 3,97988587019245E-02 
581	 3,96431124955456E-02 
582	 3,98510227512578E-02 
583	 4,07944180067759E-02 
584	 4,10021623502761E-02 
585	 0,040881311013983 
586	 4,15040304417873E-02 
587	 4,19497715737489E-02 
588	 0,042074611164369 
589	 4,25452809785549E-02 
590	 4,29095927286196E-02 
591	 4,27685316709049E-02 
592	 4,31153856911635E-02 
593	 4,37463239095466E-02 
594	 4,35564014002339E-02 
595	 4,33427425744294E-02 
596	 4,34265975182222E-02 
597	 4,32901674809745E-02 
598	 4,31854819846274E-02 
599	 0,043589586716875 
600	 4,32457920027328E-02 
601	 4,21764887171263E-02 
602	 4,18038915788683E-02 
603	 4,20102417073561E-02 
604	 4,25758096582752E-02 
605	 4,23729558145605E-02 
606	 4,15607450229083E-02 
607	 4,08691219897168E-02 
608	 4,10906431156858E-02 
609	 4,22161350344803E-02 
610	 4,21256900120577E-02 
611	 0,041338391586779 
612	 4,07367390749269E-02 
613	 0,040061897626307 
614	 3,94905394648826E-02 
615	 3,96428232486008E-02 
616	 3,99667601300897E-02 
617	 4,00380388958117E-02 
618	 3,94943019317134E-02 
619	 3,89164688348176E-02 
620	 3,96142630833719E-02 
621	 3,98241887628746E-02 
622	 3,91267888462394E-02 
623	 3,84896662025988E-02 
624	 3,83105426143876E-02 
625	 3,88972445345652E-02 
626	 3,90995280169166E-02 
627	 3,89647259722454E-02 
628	 3,94544607452029E-02 
629	 3,99041088524032E-02 
630	 3,99966215927504E-02 
631	 4,01032671423975E-02 
632	 0,040174548162692 
633	 4,00442431990974E-02 
634	 4,01428996911483E-02 
635	 4,05324934905305E-02 
636	 4,08983920836527E-02 
637	 4,11360059118292E-02 
638	 4,12267914611142E-02 
639	 4,21026808364446E-02 
640	 4,33070100224545E-02 
641	 0,043243729710095 
642	 4,33605534160734E-02 
643	 4,40299229950733E-02 
644	 4,37524420794885E-02 
645	 4,33025719917337E-02 
646	 4,38373750980418E-02 
647	 4,43118153057011E-02 
648	 4,45026298248588E-02 
649	 4,46754158294237E-02 
650	 4,45736839688983E-02 
651	 4,40574044755856E-02 
652	 4,35371149590701E-02 
653	 4,29214937659907E-02 
654	 4,18273624561922E-02 
655	 4,10427361402967E-02 
656	 4,07280197359825E-02 
657	 4,02589069883296E-02 
658	 0,039430188928177 
659	 3,81266038441276E-02 
660	 3,77958905929277E-02 
661	 3,81858811147825E-02 
662	 3,77166864093389E-02 
663	 3,67067873570331E-02 
664	 3,54846894951438E-02 
665	 3,53389179853079E-02 
666	 3,55191131759614E-02 
667	 3,45862009413361E-02 
668	 3,41862037049055E-02 
669	 3,46332267827073E-02 
670	 0,035347528951898 
671	 3,55779721026608E-02 
672	 3,48131683572665E-02 
673	 3,43227612317643E-02 
674	 3,42301792739196E-02 
675	 3,42504326079121E-02 
676	 3,42303217322872E-02 
677	 3,40973111694702E-02 
678	 3,38587990389973E-02 
679	 3,39161916149991E-02 
680	 3,47181530121198E-02 
681	 3,50091910892606E-02 
682	 3,48520064659885E-02 
683	 3,54899809868933E-02 
684	 3,61441051523349E-02 
685	 3,63922098151624E-02 
686	 3,66641684197206E-02 
687	 3,72917930825516E-02 
688	 3,87737775892906E-02 
689	 4,00353631609206E-02 
690	 0,040966108735166 
691	 4,26531892547245E-02 
692	 4,46664803513199E-02 
693	 4,66092961603488E-02 
694	 4,90107534113311E-02 
695	 5,18758413198086E-02 
696	 5,49086641741798E-02 
697	 5,84879593050431E-02 
698	 6,26228110744456E-02 
699	 6,64198845954187E-02 
700	 7,01988602945108E-02 
701	 7,44742136696339E-02 
702	 7,95919727070561E-02 
703	 8,50697739793206E-02 
704	 8,91217028737997E-02 
705	 9,30334839661754E-02 
706	 9,76182702221439E-02 
707	 0,102419490157784 
708	 0,10694959932249 
709	 0,11044932410398 
710	 0,113778026637018 
711	 0,117258108344268 
712	 0,121023078238844 
713	 0,124450056250082 
714	 0,127000237843271 
715	 0,129650700485383 
716	 0,132347659424906 
717	 0,134388675909606 
718	 0,136498895688397 
719	 0,138875381885733 
720	 0,140801104894746 
721	 0,142371855754473 
722	 0,143791470410291 
723	 0,1449408382896 
724	 0,145973221021209 
725	 0,147403443894125 
726	 0,148741651089464 
727	 0,149718814077357 
728	 0,150809857192022 
729	 0,15186325603332 
730	 0,152463075409113 
731	 0,153410636296067 
732	 0,154663833225796 
733	 0,154855838348984 
734	 0,15520613572185 
735	 0,156681799509089 
736	 0,15698963543619 
737	 0,1565574350547 
738	 0,157511261678234 
739	 0,158375682257744 
740	 0,158696961428265 
741	 0,159173699801427 
742	 0,159583104996715 
743	 0,159625414371492 
744	 0,159969652949852 
745	 0,160512014919529 
746	 0,160361424738611 
747	 0,160564311268342 
748	 0,161509082286048 
749	 0,161690985813569 
750	 0,161450561863248 
751	 0,161578854030243 
752	 0,161933494458418 
753	 0,162322354689954 
754	 0,162064704712338 
755	 0,161991885727967 
756	 0,162647281934233 
757	 0,163045772860178 
758	 0,163175505287751 
759	 0,163349670130881 
760	 0,163421706777945 
761	 0,16341709909265 
762	 0,163580773877681 
763	 0,163888169240145 
764	 0,164288038640379 
765	 0,164578220401264 
766	 0,164712236926836 
767	 0,164676393782677 
768	 0,164698899029804 
769	 0,164892104269893 
770	 0,165234722548923 
771	 0,165596588704663 
772	 0,165829792883982 
773	 0,165933294773949 
774	 0,166013961860965 
775	 0,166417103439334 
776	 0,166710172715329 
777	 0,166690864657709 
778	 0,166655615280554 
779	 0,166696727185016 
780	 0,166885377934375 
781	 0,16733286670037 
782	 0,167861663727379 
783	 0,167798036149931 
784	 0,167591027457843 
785	 0,167556786834267 
786	 0,167643729744309 
787	 0,167755576726985 
788	 0,167704722775971 
789	 0,167933731328681 
790	 0,168422563184823 
791	 0,168562990569659 
792	 0,168425494875713 
793	 0,168151453816547 
794	 0,16847379919769 
795	 0,169080169638115 
796	 0,169020756798831 
797	 0,169036883561951 
798	 0,169297923681666 
799	 0,169439079554004 
800	 0,169388238791282 
801	 0,169129250085517 
802	 0,169134566779309 
803	 0,169448157260506 
804	 0,169940083663632 
805	 0,170424765785677 
806	 0,170761561702946 
807	 0,170812067464674 
808	 0,170669023660593 
809	 0,170458352010416 
810	 0,170392949877263 
811	 0,170477574156992 
812	 0,170529972330737 
813	 0,170773811407216 
814	 0,171241712110437 
815	 0,171569175090484 
816	 0,171787520855913 
817	 0,171979427512178 
818	 0,17223138544562 
819	 0,172430165692403 
820	 0,172143833586882 
821	 0,171954005317927 
822	 0,172160867256483 
823	 0,172707468197913 
824	 0,173118317548152 
825	 0,172816589987512 
826	 0,172510528472005 
827	 0,172429797093387 
828	 0,172658343152734 
829	 0,172991383411917 
830	 0,173299448504251 
831	 0,173613697324002 
832	 0,173763570133526 
833	 0,173531918776565 
834	 0,173649513112123 
835	 0,174071868601574 
836	 0,173976272115292 
837	 0,173990643928154 
838	 0,174372781389467 
839	 0,174375065907353 
840	 0,174323434048643 
841	 0,174782889289461 
842	 0,174806610115874 
843	 0,174479301706899 
844	 0,174929141283147 
845	 0,175245909573918 
846	 0,174986917251995 
847	 0,174834246088616 
848	 0,174731467640258 
849	 0,174488032584203 
850	 0,174665821802509 
851	 0,175145113384599 
852	 0,175079845839358 
853	 0,174914048973534 
854	 0,174944136787967 
855	 0,175470518776182 
856	 0,175967561706938 
857	 0,175694241933838 
858	 0,175057805966898 
859	 0,174544985517942 
860	 0,175327951174322 
861	 0,176054269612975 
862	 0,176055949298404 
863	 0,176045139669988 
864	 0,176190605780821 
865	 0,176608168165855 
866	 0,177027685492505 
867	 0,177198346461715 
868	 0,17658223426664 
869	 0,176059482332097 
870	 0,176114577998239 
871	 0,176729602713045 
872	 0,177342850242566 
873	 0,177306991753564 
874	 0,177261273120961 
875	 0,177313713226806 
876	 0,177308679363868 
877	 0,177493848095601 
878	 0,177881943404774 
879	 0,177927882797143 
880	 0,177884038302782 
881	 0,178050295238263 
882	 0,177966101694915 
883	 0,177708270983853 
884	 0,177704544527109 
885	 0,177676916523575 
886	 0,177668567915032 
887	 0,178371046315658 
888	 0,179077598808888 
889	 0,179125343912966 
890	 0,179240006515178 
891	 0,179343043074393 
892	 0,178957158916185 
893	 0,178739526486389 
894	 0,178813459302808 
895	 0,178648174712307 
896	 0,178518454462658 
897	 0,178609489723741 
898	 0,178383246663743 
899	 0,178183678735608 
900	 0,178754642551462 
901	 0,179333246557404 
902	 0,179628748794318 
903	 0,179479241628348 
904	 0,179392188862421 
905	 0,179652283887813 
906	 0,179778720937842 
907	 0,179763535583921 
908	 0,179681054570106 
909	 0,180007516925546 
910	 0,180612692938784 
911	 0,180732371346282 
912	 0,18068268759022 
913	 0,180592197334543 
914	 0,180266523172298 
915	 0,180157795930003 
916	 0,180717333786304 
917	 0,180843786254517 
918	 0,180564625205625 
919	 0,180567673059371 
920	 0,180496565641155 
921	 0,180262290048616 
922	 0,179890973848248 
923	 0,179914669695571 
924	 0,180636204862289 
925	 0,180525668378794 
926	 0,180010539161623 
927	 0,180362925523896 
928	 0,179642258844845 
929	 0,17819700647966 
930	 0,179213184030353 
931	 0,180677981290503 
932	 0,181263498747292 
933	 0,180906805366796 
934	 0,18007483028534 
935	 0,179434330710939 
936	 0,17998660765868 
937	 0,180939784375522 
938	 0,179217756151604 
939	 0,178570732714463 
940	 0,179841255322716 
941	 0,179406720759802 
942	 0,178546569546884 
943	 0,178550549621001 
944	 0,178904558804424 
945	 0,178904561068912 
946	 0,177353609523334 
947	 0,176984548350481 
948	 0,177950059075873 
949	 0,177659452925598 
950	 0,177295757967588 
951	 0,177345655890544 
952	 0,176303324933025 
953	 0,175276866207239 
954	 0,175710507295745 
955	 0,176278875817075 
956	 0,176370725225367 
957	 0,175216326153509 
958	 0,173979256749003 
959	 0,173244544322277 
960	 0,173380788820128 
961	 0,173766203472116 
962	 0,173874660244704 
963	 0,173740987812254 
964	 0,173446671187838 
965	 0,173125185321342 
966	 0,173224895212744 
967	 0,17378288117907 
968	 0,174634222569743 
969	 0,174830706338022 
970	 0,174118578788645 
971	 0,173633752307866 
972	 0,173495321472203 
973	 0,173669504243911 
974	 0,173146014579133 
975	 0,173142182229466 
976	 0,176148884149264 
977	 0,176952960070154 
978	 0,174869698067947 
979	 0,172725717260264 
980	 0,172255348547321 
981	 0,173997224377703 
982	 0,174861329261374 
983	 0,175711823043712 
984	 0,17744877989694 
985	 0,176795046519364 
986	 0,174997506313833 
987	 0,175497423296784 
988	 0,177095922385398 
989	 0,178994383800429 
990	 0,179950025035474 
991	 0,178753828775982 
992	 0,175755307353791 
993	 0,176976535729969 
994	 0,17848110261495 
995	 0,176119932053465 
996	 0,176982028965923 
997	 0,179304450801691 
998	 0,177142076494772 
999	 0,177845048591764 
1000	 0,181292007870906 
1001	 0,179009201098753 
1002	 0,178866990841868 
1003	 0,183641283041153 
1004	 0,185053042029789 
1005	 0,184136651750694 
1006	 0,182820095827189 
1007	 0,184094696362418 
1008	 0,185708962237347 
1009	 0,182677976557132 
1010	 0,182889204765603 
1011	 0,186340387609533 
1012	 0,185811635124558 
1013	 0,184989641978471 
1014	 0,185279609586656 
1015	 0,185606648885006 
1016	 0,184889078146871 
1017	 0,18274950944394 
1018	 0,183625399218902 
1019	 0,186211350373403 
1020	 0,187551123985375 
1021	 0,18875108609904 
1022	 0,190059446062945 
1023	 0,191964852655705 
1024	 0,191346663037161 
1025	 0,187809330524817 
1026	 0,184670122669221 
1027	 0,183741588382582 
1028	 0,185721804268296 
1029	 0,187307266418708 
1030	 0,18805392894868 
1031	 0,187955576205563 
1032	 0,187808685504685 
1033	 0,187697348167114 
1034	 0,187402555048558 
1035	 0,186884929682581 
1036	 0,186612560131148 
1037	 0,187854842796838 
1038	 0,190888405014605 
1039	 0,194376245540363 
1040	 0,190936443429795 
1041	 0,187967965359287 
1042	 0,191275924862174 
1043	 0,193323749875329 
1044	 0,194738007489256 
1045	 0,197721128766924 
1046	 0,200805081754597 
1047	 0,202162654516247 
1048	 0,198479136801797 
1049	 0,197880690409661 
1050	 0,200093665222265 
1051	 0,192880598319412 
1052	 0,190257603112793 
1053	 0,1971471289537 
1054	 0,199217346991783 
1055	 0,197861959964962 
1056	 0,195273547680483 
1057	 0,193863007529319 
1058	 0,190783922861063 
1059	 0,182269099730518 
1060	 0,188221511433618 
1061	 0,201122022769367 
1062	 0,193791604523844 
1063	 0,192461165270571 
1064	 0,199575865526383 
1065	 0,194302582353789 
1066	 0,190483554133756 
1067	 0,193446596324955 
1068	 0,199562837031436 
1069	 0,193962198304468 
1070	 0,170905135233334 
1071	 0,169038447909815 
1072	 0,184117445981685 
1073	 0,203339130966182 
1074	 0,200699481705791 
1075	 0,184703668467578 
