Wavelength	ABBE00431.asd
325	 0,173329200073271 
326	 0,137390433258202 
327	 8,48066966046281E-02 
328	 3,68733679589084E-03 
329	-4,74104124408384E-02 
330	-6,15839169863038E-02 
331	-0,052667027792347 
332	-4,77477986456929E-02 
333	-1,92714262481704E-02 
334	 0,10840928769242 
335	 0,150918301836604 
336	 0,094916262937167 
337	 6,41044667941382E-02 
338	 3,78871353257277E-02 
339	-9,21872081000446E-03 
340	 4,61169038141317E-02 
341	 0,12606133810287 
342	 0,052300701248417 
343	-4,47212501737054E-04 
344	 5,63982886036562E-03 
345	 2,66035432416477E-02 
346	 4,88873593117772E-02 
347	 6,17128124696092E-02 
348	 1,75933314376628E-02 
349	-3,01792206409582E-02 
350	 0,077676331041549 
351	 0,11729563874135 
352	 3,24892436251397E-02 
353	 0,028712992184382 
354	 5,42286389639863E-02 
355	 0,024609787619137 
356	 1,03597924041048E-02 
357	 2,10336633527172E-02 
358	 5,48089741155375E-02 
359	 6,17122875289569E-02 
360	 2,79474476318803E-02 
361	 3,59482395805412E-02 
362	 5,34871683087573E-02 
363	 2,40809641925841E-02 
364	 7,0893846467623E-03 
365	 1,06443283432687E-02 
366	 1,15708208636516E-02 
367	 1,43211193537734E-02 
368	 2,13647887330996E-02 
369	 3,53752587180326E-02 
370	 4,45088802843946E-02 
371	 2,47622074504501E-02 
372	 1,38536950826702E-02 
373	 2,17520286187942E-02 
374	 3,79416490462001E-02 
375	 5,26882947002684E-02 
376	 5,74134831227839E-02 
377	 4,68493878904903E-02 
378	 3,19063388578516E-02 
379	 3,79773315714631E-02 
380	 3,46381851905073E-02 
381	 1,79370431155232E-02 
382	 2,16277442890007E-02 
383	 3,05852325815553E-02 
384	 2,95976869751965E-02 
385	 2,26525114594926E-02 
386	 1,64760543245175E-02 
387	 2,74879619733065E-02 
388	 3,24588544469266E-02 
389	 2,45443000428516E-02 
390	 1,79971157819718E-02 
391	 1,98702501284721E-02 
392	 3,65754479633428E-02 
393	 3,75672135856889E-02 
394	 2,47772628322179E-02 
395	 2,21360573106359E-02 
396	 2,86919948764013E-02 
397	 4,17377348030527E-02 
398	 4,67507471619543E-02 
399	 4,40543273821103E-02 
400	 3,68559406101198E-02 
401	 0,027599077290137 
402	 1,98647679255754E-02 
403	 2,16702863930812E-02 
404	 2,36374210375847E-02 
405	 1,98047278627033E-02 
406	 1,72369689442634E-02 
407	 0,018214355046503 
408	 2,54615492471724E-02 
409	 3,00323641110253E-02 
410	 3,05428743670805E-02 
411	 3,45212421148121E-02 
412	 3,76419492789973E-02 
413	 3,58255503544247E-02 
414	 2,93534945009697E-02 
415	 2,34853286235469E-02 
416	 3,16901434800862E-02 
417	 0,036918542880279 
418	 3,33951009526419E-02 
419	 3,18354372469101E-02 
420	 3,08847195351952E-02 
421	 2,76037096888251E-02 
422	 2,79130100068425E-02 
423	 3,02813679598952E-02 
424	 2,51151781918832E-02 
425	 2,14918760402705E-02 
426	 2,45791606253698E-02 
427	 2,74370172185263E-02 
428	 2,88902368237104E-02 
429	 0,028523025103562 
430	 2,81621038572797E-02 
431	 2,83187921082651E-02 
432	 0,028409634916937 
433	 2,81260938056929E-02 
434	 0,027214415888428 
435	 2,52789049190219E-02 
436	 2,40986076369725E-02 
437	 2,82986525608492E-02 
438	 3,20703870155134E-02 
439	 0,032846848135732 
440	 3,12636979618967E-02 
441	 0,029575026583866 
442	 3,04522378058815E-02 
443	 3,20864865635466E-02 
444	 3,36229304073655E-02 
445	 3,40900217970984E-02 
446	 3,31569362638426E-02 
447	 0,031188297519405 
448	 3,32038874330826E-02 
449	 3,64988172732502E-02 
450	 3,49922715644754E-02 
451	 3,22860447126213E-02 
452	 3,03434738660306E-02 
453	 3,26537119462228E-02 
454	 3,47381033325267E-02 
455	 3,25841944500562E-02 
456	 3,13809502095203E-02 
457	 3,14609074429534E-02 
458	 3,03377041618817E-02 
459	 3,22600256600398E-02 
460	 3,75268040286816E-02 
461	 3,66054266798198E-02 
462	 3,34790045119968E-02 
463	 3,46155691362106E-02 
464	 3,45200296780219E-02 
465	 3,28956794429455E-02 
466	 3,33163097004014E-02 
467	 3,39363015900373E-02 
468	 3,36859069162725E-02 
469	 3,46191532276308E-02 
470	 3,61121656239444E-02 
471	 3,64361610434352E-02 
472	 0,036442897309378 
473	 3,63169152403536E-02 
474	 3,56243245862602E-02 
475	 3,50590562173399E-02 
476	 0,035362703548212 
477	 3,78180775557653E-02 
478	 0,040915234812451 
479	 4,00498013702574E-02 
480	 3,93380941885075E-02 
481	 4,02080329522987E-02 
482	 3,82586123749128E-02 
483	 3,54410900196864E-02 
484	 3,52266205802951E-02 
485	 0,035950809084351 
486	 0,036665110447009 
487	 3,55141651726949E-02 
488	 3,44541740278492E-02 
489	 3,50271452954964E-02 
490	 3,68860467028874E-02 
491	 3,87203468024961E-02 
492	 3,77671767229072E-02 
493	 3,72391932538462E-02 
494	 3,78671705242688E-02 
495	 3,70866646526237E-02 
496	 3,56257907330583E-02 
497	 3,45262053960832E-02 
498	 3,60192145931925E-02 
499	 3,90880031052208E-02 
500	 3,92354661025482E-02 
501	 3,83287727227988E-02 
502	 3,76800645133337E-02 
503	 3,88877796054892E-02 
504	 0,040543416332806 
505	 3,98167831764942E-02 
506	 3,93910802200296E-02 
507	 3,96597098552955E-02 
508	 3,85008218626543E-02 
509	 3,79001393115152E-02 
510	 3,95586614268126E-02 
511	 0,040044370298201 
512	 4,00078640357933E-02 
513	 4,32380845355107E-02 
514	 4,49311962816446E-02 
515	 4,34926835307685E-02 
516	 4,31633621566192E-02 
517	 4,35426342740252E-02 
518	 4,34463794729228E-02 
519	 4,31575929732266E-02 
520	 4,30192919291815E-02 
521	 0,044307564623388 
522	 4,45374933906918E-02 
523	 4,22881203904199E-02 
524	 4,26994910081895E-02 
525	 4,48699247222223E-02 
526	 4,50326601758939E-02 
527	 4,45875337571498E-02 
528	 4,41047542254122E-02 
529	 4,44251351761325E-02 
530	 0,04475048966474 
531	 4,41132979983854E-02 
532	 4,40098031297713E-02 
533	 4,45756143927622E-02 
534	 4,50588027610371E-02 
535	 4,58312017965206E-02 
536	 0,046909351498625 
537	 4,66623851702226E-02 
538	 0,045917806163307 
539	 4,66088530206041E-02 
540	 4,70041571927081E-02 
541	 4,68121715310339E-02 
542	 4,73380843468524E-02 
543	 4,76440088751764E-02 
544	 4,68519383441163E-02 
545	 4,71224895796934E-02 
546	 4,81368952420827E-02 
547	 4,77118461781267E-02 
548	 4,74465439208708E-02 
549	 0,047989022772579 
550	 4,81175334021071E-02 
551	 4,80431701418166E-02 
552	 4,83015797291795E-02 
553	 4,84858388527475E-02 
554	 4,85772218177634E-02 
555	 0,048973431013821 
556	 4,92881384504917E-02 
557	 4,92400593698141E-02 
558	 4,96757393144813E-02 
559	 5,01519402979451E-02 
560	 0,049025560817287 
561	 4,85705505353723E-02 
562	 4,95546912083616E-02 
563	 0,050553351627558 
564	 5,08956285663546E-02 
565	 4,99018478347004E-02 
566	 4,97437298932258E-02 
567	 5,05795550999834E-02 
568	 5,07565068074972E-02 
569	 5,08522920060923E-02 
570	 0,051220778776557 
571	 5,11890934304212E-02 
572	 5,10410362371591E-02 
573	 5,16048312964845E-02 
574	 5,21019002623452E-02 
575	 5,24368893327772E-02 
576	 0,053675317261424 
577	 0,054817656474909 
578	 5,47103935396887E-02 
579	 5,49804683264575E-02 
580	 5,57546479420004E-02 
581	 5,61767436644477E-02 
582	 5,65684036533304E-02 
583	 5,70787674729598E-02 
584	 5,74476742941829E-02 
585	 5,77730297935546E-02 
586	 5,82992419950756E-02 
587	 5,85217855391786E-02 
588	 5,85572763834581E-02 
589	 0,059670703932155 
590	 6,06270292629223E-02 
591	 6,03054171214173E-02 
592	 6,04992695297499E-02 
593	 6,11520030561342E-02 
594	 6,11020009269701E-02 
595	 6,10174457016421E-02 
596	 6,11457333278189E-02 
597	 6,09604573519725E-02 
598	 6,08373602097136E-02 
599	 0,06142233459049 
600	 6,15797360256786E-02 
601	 6,11171689918947E-02 
602	 6,05762621614433E-02 
603	 6,04051247128511E-02 
604	 0,060880841970166 
605	 6,09572783997139E-02 
606	 6,07102679694179E-02 
607	 0,060828468371359 
608	 0,060806072791756 
609	 6,05127142326215E-02 
610	 6,03345838343857E-02 
611	 6,00866444078855E-02 
612	 5,95069695272822E-02 
613	 5,94918123701504E-02 
614	 5,98149592277381E-02 
615	 5,88486065106867E-02 
616	 5,83653162382139E-02 
617	 5,92947880900476E-02 
618	 5,90269966720993E-02 
619	 5,82744799974588E-02 
620	 5,92711298806584E-02 
621	 5,96843430239502E-02 
622	 5,90097118526129E-02 
623	 5,86986224842034E-02 
624	 5,87897411381339E-02 
625	 5,92045580171836E-02 
626	 5,90749429776477E-02 
627	 5,86917532485672E-02 
628	 5,95123705720441E-02 
629	 6,03134801102593E-02 
630	 6,04558639006271E-02 
631	 6,02514025920102E-02 
632	 6,01515737837734E-02 
633	 6,08334884998562E-02 
634	 6,11401938459135E-02 
635	 6,10106236858022E-02 
636	 6,17900952132946E-02 
637	 6,22634788151831E-02 
638	 6,15469928330876E-02 
639	 6,25482848607708E-02 
640	 6,45171928819586E-02 
641	 0,064192963342837 
642	 6,40095012573534E-02 
643	 6,47235954965109E-02 
644	 6,47492169626504E-02 
645	 6,45310375371888E-02 
646	 6,48146671858047E-02 
647	 6,50858456062246E-02 
648	 6,51857075276185E-02 
649	 6,49878033334283E-02 
650	 6,49438835704478E-02 
651	 6,52595406809946E-02 
652	 6,49013329405468E-02 
653	 6,39994302397257E-02 
654	 6,30858774576615E-02 
655	 6,24682532691237E-02 
656	 0,062182726743171 
657	 6,16830808136013E-02 
658	 0,060974558111377 
659	 0,060125896453274 
660	 5,98986439608156E-02 
661	 5,99077767476746E-02 
662	 5,84832033066105E-02 
663	 5,73667093200401E-02 
664	 5,73004991049473E-02 
665	 5,67453893760279E-02 
666	 5,59322346331468E-02 
667	 5,54799613495248E-02 
668	 5,53372598041443E-02 
669	 5,54768856094571E-02 
670	 5,58138384142726E-02 
671	 5,61156805175314E-02 
672	 5,61671686711216E-02 
673	 5,56813834584951E-02 
674	 5,50500417604397E-02 
675	 5,52947280405926E-02 
676	 5,55979710694529E-02 
677	 0,055710975529256 
678	 5,60717272003393E-02 
679	 5,63353224643782E-02 
680	 5,60730983320817E-02 
681	 5,59978712265786E-02 
682	 5,63363984551275E-02 
683	 5,72078923974914E-02 
684	 0,058061383968479 
685	 5,85913501676949E-02 
686	 5,92265382467603E-02 
687	 6,01262271856986E-02 
688	 6,14495452890291E-02 
689	 6,29807749555906E-02 
690	 6,45995199861362E-02 
691	 6,61386368923005E-02 
692	 6,77977326363332E-02 
693	 6,97472617150747E-02 
694	 7,15822721487089E-02 
695	 7,35881186482633E-02 
696	 7,67357513697519E-02 
697	 0,079798137790527 
698	 8,23097597834488E-02 
699	 8,49292206839143E-02 
700	 8,76176332196212E-02 
701	 9,02467901655276E-02 
702	 9,33719286952955E-02 
703	 9,68079857238222E-02 
704	 9,96013315160924E-02 
705	 0,101957546025765 
706	 0,104103103545683 
707	 0,106901978474948 
708	 0,1096867917357 
709	 0,110973731657632 
710	 0,112236336807407 
711	 0,114008538684587 
712	 0,116444191813742 
713	 0,118513673103973 
714	 0,119334389989403 
715	 0,120476178919152 
716	 0,122004192935439 
717	 0,123235157872952 
718	 0,124467540851675 
719	 0,125735821281262 
720	 0,126590096378138 
721	 0,127347157694034 
722	 0,128453884614079 
723	 0,128949049609637 
724	 0,129046051471208 
725	 0,130230542800695 
726	 0,131422730050064 
727	 0,131962138123002 
728	 0,132371562889737 
729	 0,13259309538386 
730	 0,132335562846874 
731	 0,132739881945539 
732	 0,133858647502105 
733	 0,134281525562607 
734	 0,134379639192895 
735	 0,134536550227539 
736	 0,134787225725093 
737	 0,135163703865781 
738	 0,135713989672894 
739	 0,136161649651769 
740	 0,136404528482608 
741	 0,136624891875552 
742	 0,13673592027638 
743	 0,136631408600682 
744	 0,136710143092314 
745	 0,137043665733717 
746	 0,137587540210669 
747	 0,137863096058068 
748	 0,137674949276687 
749	 0,137721363335054 
750	 0,137879073341458 
751	 0,137812765883891 
752	 0,137994054403578 
753	 0,138380041097295 
754	 0,138292675270401 
755	 0,138274581429621 
756	 0,138682208878142 
757	 0,138863112078535 
758	 0,138919299838559 
759	 0,139279315780888 
760	 0,139513579126126 
761	 0,139582477044257 
762	 0,139990186970336 
763	 0,140394627565899 
764	 0,140462108600765 
765	 0,140441117570243 
766	 0,140420419481278 
767	 0,140476845942229 
768	 0,140618244216203 
769	 0,140825301928193 
770	 0,140938549937066 
771	 0,141083666734088 
772	 0,141417456967609 
773	 0,141620348819083 
774	 0,141670602944515 
775	 0,141755790044566 
776	 0,14174696637652 
777	 0,141672812073845 
778	 0,142187020956243 
779	 0,142792297508245 
780	 0,14266961780539 
781	 0,142634128909291 
782	 0,142818044177037 
783	 0,142862969849207 
784	 0,142947369456074 
785	 0,143149788824459 
786	 0,143094163265848 
787	 0,14292701929033 
788	 0,142978488905786 
789	 0,143299881128572 
790	 0,14381676244335 
791	 0,144232442114566 
792	 0,144207958909953 
793	 0,143577755724171 
794	 0,143430971105374 
795	 0,143819321182686 
796	 0,144465615743088 
797	 0,14480451709864 
798	 0,144694160202201 
799	 0,144682552718059 
800	 0,144609581192785 
801	 0,144334718883539 
802	 0,144340806337332 
803	 0,144656022277212 
804	 0,145166007539479 
805	 0,145406737771672 
806	 0,14526130204108 
807	 0,145249058081836 
808	 0,145408023576444 
809	 0,145706867799107 
810	 0,145451034956489 
811	 0,144965859631248 
812	 0,145609911131956 
813	 0,146047696392849 
814	 0,145828698578554 
815	 0,145899729090685 
816	 0,14624950917385 
817	 0,146749624537174 
818	 0,146766388374736 
819	 0,146413647023096 
820	 0,146441962540135 
821	 0,1468065063794 
822	 0,147433922120056 
823	 0,147979668871491 
824	 0,148105997873377 
825	 0,147469308459035 
826	 0,147224610425241 
827	 0,147526278843762 
828	 0,147908066700984 
829	 0,147942380077223 
830	 0,14749559654973 
831	 0,147432229844707 
832	 0,147639989666326 
833	 0,14782608577576 
834	 0,147873056939621 
835	 0,147850560779357 
836	 0,148167059786271 
837	 0,148294743938105 
838	 0,148042441123042 
839	 0,148214158465409 
840	 0,148628286836739 
841	 0,148903108422215 
842	 0,148741367609382 
843	 0,148357993696337 
844	 0,148769725930657 
845	 0,149062309166093 
846	 0,148798446321805 
847	 0,148718959995011 
848	 0,14876551460186 
849	 0,14873749603151 
850	 0,148717024805081 
851	 0,148767263010828 
852	 0,149122732938973 
853	 0,149057599554786 
854	 0,148315169670774 
855	 0,147966847157517 
856	 0,148257571908566 
857	 0,149315877394188 
858	 0,149071735340212 
859	 0,147919195046387 
860	 0,148918969003375 
861	 0,149910724123293 
862	 0,149836669955174 
863	 0,149693518626312 
864	 0,149476621324737 
865	 0,149070828380979 
866	 0,149428342270903 
867	 0,150243892680941 
868	 0,149859336532835 
869	 0,149604790320079 
870	 0,150017390063116 
871	 0,150258005128361 
872	 0,150211075914422 
873	 0,149863044145849 
874	 0,150245855132662 
875	 0,151007331073678 
876	 0,150312896477679 
877	 0,150399274091593 
878	 0,151737632048928 
879	 0,151262150267615 
880	 0,15037215135919 
881	 0,150760572420093 
882	 0,150657136224591 
883	 0,150100196825574 
884	 0,150024517141848 
885	 0,150336791796993 
886	 0,150972018823866 
887	 0,151788901250509 
888	 0,151901056752054 
889	 0,150678738566508 
890	 0,150690541646655 
891	 0,15151391756083 
892	 0,151036824159107 
893	 0,151528011767422 
894	 0,153110143443965 
895	 0,153179773796564 
896	 0,152388883253205 
897	 0,151402913651849 
898	 0,15061008787749 
899	 0,150358532066502 
900	 0,151062644357445 
901	 0,151719988687218 
902	 0,152054026735668 
903	 0,152403097053139 
904	 0,152549313077094 
905	 0,152418262491106 
906	 0,152537063817435 
907	 0,152588985481046 
908	 0,152044209997948 
909	 0,15212965093227 
910	 0,152696560945572 
911	 0,152249161178733 
912	 0,151963752260994 
913	 0,152300381206448 
914	 0,152450733735885 
915	 0,152468217668502 
916	 0,152518697323243 
917	 0,153248338673655 
918	 0,154226128136727 
919	 0,154093872500507 
920	 0,153613871351214 
921	 0,153231937628773 
922	 0,153710097314968 
923	 0,154115710862904 
924	 0,153713993525974 
925	 0,153634243195819 
926	 0,153751131606399 
927	 0,153522360505039 
928	 0,15313886242949 
929	 0,152912746088282 
930	 0,153820790190238 
931	 0,154364260502753 
932	 0,153777256745202 
933	 0,153387434541258 
934	 0,153447293385168 
935	 0,154038995003498 
936	 0,153939233878084 
937	 0,153432301101461 
938	 0,154226349735613 
939	 0,154683068260949 
940	 0,154204929833895 
941	 0,153042375369681 
942	 0,152802962968967 
943	 0,15459375790807 
944	 0,154751347586473 
945	 0,153821151570291 
946	 0,154000537149579 
947	 0,154081599391293 
948	 0,153877024642433 
949	 0,153853696099736 
950	 0,153850698893074 
951	 0,153787180735253 
952	 0,153677216243624 
953	 0,153920161935534 
954	 0,154884058676077 
955	 0,154099901337241 
956	 0,152205695590196 
957	 0,152100195174319 
958	 0,152669850220185 
959	 0,153345523765158 
960	 0,153191667457649 
961	 0,152914525281489 
962	 0,153070085400452 
963	 0,153496046630467 
964	 0,153192819285506 
965	 0,150734845242424 
966	 0,151241691120146 
967	 0,154299307926679 
968	 0,154565697030676 
969	 0,153787030027103 
970	 0,152786372036321 
971	 0,15209186644959 
972	 0,152067684400878 
973	 0,15288638897019 
974	 0,153417318831649 
975	 0,15376589504894 
976	 0,154547760812293 
977	 0,154530564358298 
978	 0,153580474833656 
979	 0,15216414469247 
980	 0,15242422089778 
981	 0,154930466261242 
982	 0,15615792851021 
983	 0,156335097698888 
984	 0,156097377664985 
985	 0,156248744182535 
986	 0,156759459332786 
987	 0,157185075222341 
988	 0,157950837687907 
989	 0,158520945523367 
990	 0,156614444108505 
991	 0,155035853023852 
992	 0,155301789847884 
993	 0,156553933433215 
994	 0,157060158738578 
995	 0,155408533600925 
996	 0,155766791803733 
997	 0,157512407747749 
998	 0,157908309773855 
999	 0,158634660580388 
1000	 0,159411959080184 
1001	 0,157776609231833 
1002	 0,156097101092487 
1003	 0,15580320885726 
1004	 0,157212074397097 
1005	 0,158706052256415 
1006	 0,158832581244413 
1007	 0,159830950930833 
1008	 0,1614900927128 
1009	 0,162807874717934 
1010	 0,163083715939475 
1011	 0,162540383217226 
1012	 0,162648206870664 
1013	 0,16278801644564 
1014	 0,162537973499158 
1015	 0,161403955484393 
1016	 0,158681224585406 
1017	 0,154792657432824 
1018	 0,158278639163822 
1019	 0,163673499925183 
1020	 0,161286359917 
1021	 0,161093468676364 
1022	 0,163668663453217 
1023	 0,1644835888251 
1024	 0,161856200790648 
1025	 0,157094427960971 
1026	 0,159212426492194 
1027	 0,162441824373413 
1028	 0,16306820317771 
1029	 0,164965184808309 
1030	 0,166439470380823 
1031	 0,165268279634903 
1032	 0,1638358978139 
1033	 0,162949820334173 
1034	 0,163286428396289 
1035	 0,159563756668439 
1036	 0,154500618658698 
1037	 0,162801947296097 
1038	 0,169375257181435 
1039	 0,16760420867302 
1040	 0,162908706330285 
1041	 0,158291204870986 
1042	 0,156762668525778 
1043	 0,162930412030962 
1044	 0,170083031775478 
1045	 0,168850780954385 
1046	 0,169016504084799 
1047	 0,170550014683474 
1048	 0,167931269538735 
1049	 0,171495864370876 
1050	 0,179654915628462 
1051	 0,17320268432753 
1052	 0,169428012093128 
1053	 0,175496468353415 
1054	 0,179450562163358 
1055	 0,177814315903078 
1056	 0,169980513533916 
1057	 0,174240618690383 
1058	 0,177446658862929 
1059	 0,159455138607857 
1060	 0,160203752327302 
1061	 0,173937246933804 
1062	 0,167343912596774 
1063	 0,159752802664483 
1064	 0,15691864553002 
1065	 0,159187297347399 
1066	 0,163707883160469 
1067	 0,167820543035975 
1068	 0,166902843500475 
1069	 0,163639298953186 
1070	 0,160881561118352 
1071	 0,159082855799626 
1072	 0,15993122254749 
1073	 0,164763404688207 
1074	 0,16701691609726 
1075	 0,164726145629264 
