Wavelength	ABBE00247.asd
325	 0,257355324155617 
326	 0,155488772017698 
327	 0,141081583065121 
328	 0,167473959080605 
329	 6,48816768086545E-02 
330	 3,56984998561262E-02 
331	 0,239260093606069 
332	 0,230724530068361 
333	 0,111619529167098 
334	 0,213527036226759 
335	 0,273834547669095 
336	 0,24366973842048 
337	 0,180859949333536 
338	 0,10570934549338 
339	 0,020416581119749 
340	 4,51485417396214E-02 
341	 0,12576556487267 
342	 0,104466942812101 
343	 9,80001768637013E-02 
344	 0,126471561685402 
345	 0,138542926412683 
346	 0,130828783504886 
347	 0,105371135577824 
348	 9,06409301510994E-02 
349	 9,13435991494234E-02 
350	 0,108368572803667 
351	 0,102160526482849 
352	 0,065284526367643 
353	 5,06413035372289E-02 
354	 4,32650493312763E-02 
355	 2,21861881312482E-02 
356	 4,47609896880704E-02 
357	 9,51459983286966E-02 
358	 0,108390574868796 
359	 8,92563780592499E-02 
360	 4,64088925614503E-02 
361	 0,028387211018677 
362	 3,21334291423545E-02 
363	 4,30863339420867E-02 
364	 6,05824195297445E-02 
365	 7,60836923934558E-02 
366	 0,063619808018642 
367	 5,26580068360504E-02 
368	 5,91431150920523E-02 
369	 5,60926074945743E-02 
370	 4,98078081675363E-02 
371	 5,81506101101686E-02 
372	 6,36672589576828E-02 
373	 6,19337075492734E-02 
374	 0,058470946667234 
375	 5,05204734517867E-02 
376	 3,90093462238274E-02 
377	 0,056319786305354 
378	 7,92106745163887E-02 
379	 4,52756499691449E-02 
380	 3,26023305593326E-02 
381	 5,69401608342296E-02 
382	 0,064275308291631 
383	 5,17262397547071E-02 
384	 2,29705066571555E-02 
385	 2,99156017045365E-02 
386	 5,76162273343934E-02 
387	 3,71385365705333E-02 
388	 3,44879362542871E-02 
389	 6,33738641816439E-02 
390	 5,49503292884088E-02 
391	 3,59400152031778E-02 
392	 4,34757863602991E-02 
393	 4,21315218773858E-02 
394	 3,32719674193361E-02 
395	 4,39080400698396E-02 
396	 4,76815821134477E-02 
397	 3,55113061564733E-02 
398	 4,79255898826571E-02 
399	 6,80976419478083E-02 
400	 6,59678385539823E-02 
401	 5,35617606835978E-02 
402	 3,90381031267196E-02 
403	 3,89899459771942E-02 
404	 4,18928656747982E-02 
405	 3,96443345508697E-02 
406	 3,57283724641984E-02 
407	 3,17593491343558E-02 
408	 2,92184245237158E-02 
409	 3,18525122841027E-02 
410	 3,89890333270753E-02 
411	 4,27148700018031E-02 
412	 0,042587276667937 
413	 3,89997468296163E-02 
414	 3,24957017987237E-02 
415	 2,76938250602718E-02 
416	 3,57777257262621E-02 
417	 0,042692673625934 
418	 4,26854951250624E-02 
419	 3,94663046087441E-02 
420	 3,53272467691057E-02 
421	 3,26607667144215E-02 
422	 3,22035335351955E-02 
423	 3,40340754526623E-02 
424	 3,85778549479847E-02 
425	 4,00650032409302E-02 
426	 3,57006093084789E-02 
427	 3,38385027026819E-02 
428	 3,45935989398715E-02 
429	 3,62960427167678E-02 
430	 3,64137146303812E-02 
431	 3,50084108657582E-02 
432	 0,03657894580905 
433	 3,77206460555925E-02 
434	 3,54751450927104E-02 
435	 3,29367039725815E-02 
436	 3,21221715535947E-02 
437	 3,70813824654205E-02 
438	 3,86770805381775E-02 
439	 0,034502763848958 
440	 3,45917549548301E-02 
441	 3,69282515484719E-02 
442	 3,78649154680223E-02 
443	 3,76255148536168E-02 
444	 3,67542308126531E-02 
445	 3,72342038793389E-02 
446	 3,76979745357557E-02 
447	 3,72329126325441E-02 
448	 3,53646921684622E-02 
449	 3,40706181614215E-02 
450	 3,72151079670043E-02 
451	 3,81674616675148E-02 
452	 0,03605017459133 
453	 3,77201793313917E-02 
454	 3,85043982134061E-02 
455	 3,42921153167714E-02 
456	 0,033582713732342 
457	 3,60264963298278E-02 
458	 3,60432391284113E-02 
459	 3,69197947196817E-02 
460	 3,90213352153959E-02 
461	 3,62365930147307E-02 
462	 3,32107888183347E-02 
463	 3,67511572079309E-02 
464	 3,90571649058631E-02 
465	 3,85997164939453E-02 
466	 3,72708970449906E-02 
467	 3,66613734129558E-02 
468	 3,75529265005034E-02 
469	 3,62606208492026E-02 
470	 3,46338608080069E-02 
471	 3,76422123656161E-02 
472	 0,038673875412822 
473	 3,64731202256164E-02 
474	 3,59272765424245E-02 
475	 0,036011002851887 
476	 3,55538583818449E-02 
477	 3,74632375616676E-02 
478	 4,01636150812842E-02 
479	 0,037774877201063 
480	 3,63901814886749E-02 
481	 3,81958870824143E-02 
482	 3,69422147545242E-02 
483	 3,45526576982036E-02 
484	 3,47646143544438E-02 
485	 3,62949821723324E-02 
486	 3,78489736285491E-02 
487	 3,58476851885032E-02 
488	 3,40189377365266E-02 
489	 3,51121124468122E-02 
490	 3,62522617460126E-02 
491	 3,65758402381226E-02 
492	 3,51130573551527E-02 
493	 3,44118834544386E-02 
494	 3,52053873989386E-02 
495	 0,035914018600629 
496	 0,036192137371994 
497	 3,57975484651033E-02 
498	 3,31227636342871E-02 
499	 2,96534546291313E-02 
500	 3,06145379703038E-02 
501	 3,26233551719705E-02 
502	 3,37460415881174E-02 
503	 3,54207917913674E-02 
504	 3,63160095911117E-02 
505	 3,36604080554679E-02 
506	 3,35799371778124E-02 
507	 3,66671366524547E-02 
508	 3,68551400248798E-02 
509	 3,61285669239727E-02 
510	 3,64643303796576E-02 
511	 3,62765661449101E-02 
512	 3,60340120105477E-02 
513	 3,79130868026732E-02 
514	 3,82020546152681E-02 
515	 3,61116042042858E-02 
516	 0,037783745333214 
517	 4,05634713376697E-02 
518	 3,99937153062492E-02 
519	 3,93153248816375E-02 
520	 3,91765673249853E-02 
521	 3,87809505718209E-02 
522	 3,84540856878282E-02 
523	 3,84342605703833E-02 
524	 3,85908727088013E-02 
525	 0,038814816179967 
526	 3,89643359791915E-02 
527	 3,89459382390929E-02 
528	 3,87783415213693E-02 
529	 3,88902430091202E-02 
530	 0,038719602984784 
531	 3,76196639548785E-02 
532	 3,67631788446229E-02 
533	 3,66372109029254E-02 
534	 3,79034985203409E-02 
535	 3,87047596440702E-02 
536	 3,80700777075521E-02 
537	 0,037975289214776 
538	 3,82570995294607E-02 
539	 3,80807932419817E-02 
540	 3,81335356580078E-02 
541	 0,038443948760877 
542	 3,82133137833449E-02 
543	 3,77491507756839E-02 
544	 3,74248851850717E-02 
545	 3,80617081452587E-02 
546	 0,039143261006875 
547	 0,038846017757685 
548	 3,82041004109372E-02 
549	 3,78336041678116E-02 
550	 3,81905584070911E-02 
551	 3,89500862459209E-02 
552	 3,95605606843489E-02 
553	 0,039543036243765 
554	 3,89769162716998E-02 
555	 0,038929928263203 
556	 3,87156516542069E-02 
557	 3,78262476547664E-02 
558	 3,76155938467915E-02 
559	 0,037854466527273 
560	 3,73178301879927E-02 
561	 3,68505627565518E-02 
562	 3,67958330230913E-02 
563	 3,71612880163095E-02 
564	 3,72708232155035E-02 
565	 3,62438429183512E-02 
566	 3,64362235168946E-02 
567	 3,77592437308854E-02 
568	 3,76254353301135E-02 
569	 3,74488325273887E-02 
570	 3,81289280481244E-02 
571	 3,82063806473892E-02 
572	 3,80062118084029E-02 
573	 0,038654061221636 
574	 0,039698992306007 
575	 4,08776728390183E-02 
576	 4,15780480957127E-02 
577	 4,24322996306708E-02 
578	 4,41613357844606E-02 
579	 4,49123203281202E-02 
580	 4,47348879161263E-02 
581	 4,50737587053716E-02 
582	 4,60069784103551E-02 
583	 4,74444236078601E-02 
584	 4,81011732086381E-02 
585	 4,83790332848658E-02 
586	 4,93351636356602E-02 
587	 4,98706597805194E-02 
588	 0,04989303469268 
589	 5,03851973335696E-02 
590	 5,13361216413355E-02 
591	 5,26402158129328E-02 
592	 5,35513339736359E-02 
593	 5,37535532009743E-02 
594	 5,27311403348054E-02 
595	 5,23141126508317E-02 
596	 5,31657393992668E-02 
597	 5,30793129171353E-02 
598	 5,27218589946544E-02 
599	 0,053469141160557 
600	 5,34872210331096E-02 
601	 5,25974098218564E-02 
602	 5,21429078251084E-02 
603	 5,20207349334727E-02 
604	 5,20729790234333E-02 
605	 5,16501588694578E-02 
606	 5,08481281166712E-02 
607	 5,01270019385476E-02 
608	 4,97186896760845E-02 
609	 4,96693216728534E-02 
610	 4,95240103504851E-02 
611	 4,91656014307715E-02 
612	 4,85150946061316E-02 
613	 4,77406833052438E-02 
614	 4,70198015328707E-02 
615	 4,67030145693397E-02 
616	 4,65212764497159E-02 
617	 4,63075374625787E-02 
618	 0,046268184628387 
619	 4,62513564259499E-02 
620	 4,59038581184657E-02 
621	 4,56843109054587E-02 
622	 4,56735997119893E-02 
623	 4,54091784283872E-02 
624	 4,53198161993873E-02 
625	 4,58310144349652E-02 
626	 4,57595675539194E-02 
627	 4,53545058490238E-02 
628	 4,61308850602732E-02 
629	 0,046841203044293 
630	 4,68967884974011E-02 
631	 4,70160602470948E-02 
632	 4,73922467155132E-02 
633	 4,82247989594932E-02 
634	 4,85636675501823E-02 
635	 4,84099602350477E-02 
636	 4,90372422070706E-02 
637	 4,97698808579835E-02 
638	 5,00719443142018E-02 
639	 5,11399868494996E-02 
640	 5,26338827456443E-02 
641	 5,32810168928928E-02 
642	 5,34232743558603E-02 
643	 5,33123128180489E-02 
644	 5,37038542414261E-02 
645	 5,43555875700966E-02 
646	 5,48542644125786E-02 
647	 5,48704896117159E-02 
648	 5,44686497895164E-02 
649	 5,42024612155821E-02 
650	 0,054064069403608 
651	 5,39709200238123E-02 
652	 5,32213640999006E-02 
653	 5,20309547077206E-02 
654	 5,10524288966206E-02 
655	 4,99896896136725E-02 
656	 4,88258440113546E-02 
657	 4,78947558830184E-02 
658	 4,67411114082798E-02 
659	 4,49325323317982E-02 
660	 4,40719926761869E-02 
661	 4,37979477434983E-02 
662	 4,19837291213174E-02 
663	 4,03699209989696E-02 
664	 3,97421443254822E-02 
665	 3,90445556248461E-02 
666	 3,80066374762334E-02 
667	 3,63460438517538E-02 
668	 3,58176352916745E-02 
669	 3,64550993726696E-02 
670	 0,036248018722174 
671	 3,58117222697176E-02 
672	 3,56465687265767E-02 
673	 3,51779946341352E-02 
674	 3,45524337292984E-02 
675	 0,034275380679825 
676	 3,42856735443581E-02 
677	 3,44682827748795E-02 
678	 3,41538021493821E-02 
679	 0,034108325024265 
680	 3,52720478164096E-02 
681	 3,58117957492221E-02 
682	 3,56588796306271E-02 
683	 3,60593211884928E-02 
684	 3,66457340143797E-02 
685	 3,72417578624606E-02 
686	 3,79908405835464E-02 
687	 3,92637636275693E-02 
688	 4,17058362099503E-02 
689	 0,04393437171181 
690	 4,58438996985448E-02 
691	 4,89492623372595E-02 
692	 5,26688429999101E-02 
693	 5,64747142687203E-02 
694	 6,11411031670449E-02 
695	 6,69043947664146E-02 
696	 7,39048772966464E-02 
697	 8,18546722240151E-02 
698	 9,06019270125632E-02 
699	 0,100051926548399 
700	 0,110298704831517 
701	 0,121481688619342 
702	 0,13347405668756 
703	 0,145864900360459 
704	 0,157771896789703 
705	 0,169527234791388 
706	 0,181355909461624 
707	 0,19352508904202 
708	 0,205321141462183 
709	 0,21537901364811 
710	 0,225525670011175 
711	 0,236082939604821 
712	 0,245848893847238 
713	 0,254801003895344 
714	 0,262981959705129 
715	 0,270793126601852 
716	 0,278227184304881 
717	 0,285056512113504 
718	 0,291332989145392 
719	 0,297038493937709 
720	 0,302036293178337 
721	 0,306632388399076 
722	 0,311192321257573 
723	 0,315329934358609 
724	 0,319069559927373 
725	 0,32270915230972 
726	 0,326099845719807 
727	 0,329132811005922 
728	 0,33166651271091 
729	 0,33379037824545 
730	 0,335648436134974 
731	 0,337744195355601 
732	 0,340008731294828 
733	 0,341299208336428 
734	 0,342631039095642 
735	 0,344822168837355 
736	 0,346190090993515 
737	 0,346926452728327 
738	 0,348262022888147 
739	 0,349573501376484 
740	 0,350660645024767 
741	 0,351683308518129 
742	 0,352523280359238 
743	 0,353045424260387 
744	 0,353494638669375 
745	 0,354031907900805 
746	 0,354923303695218 
747	 0,355798486760003 
748	 0,356441349741197 
749	 0,356934204344906 
750	 0,357323177814997 
751	 0,357658845470539 
752	 0,35809776953041 
753	 0,358597935456559 
754	 0,358817919034892 
755	 0,358940245264067 
756	 0,359151322866555 
757	 0,359854907774046 
758	 0,36073108404335 
759	 0,360981346171288 
760	 0,361480259066283 
761	 0,362274231109975 
762	 0,362175734287646 
763	 0,362057973922154 
764	 0,362748528260887 
765	 0,363205275497548 
766	 0,363427021511838 
767	 0,363957826798488 
768	 0,364436270410423 
769	 0,364697909478572 
770	 0,364651434332558 
771	 0,364628456536313 
772	 0,365015975814255 
773	 0,365501759361491 
774	 0,365958710507656 
775	 0,366280740874997 
776	 0,366415068518117 
777	 0,366402558247275 
778	 0,366710946187743 
779	 0,367159939346804 
780	 0,36741236725095 
781	 0,367440976543655 
782	 0,367360324305935 
783	 0,367648679330929 
784	 0,367830547090339 
785	 0,367639577432905 
786	 0,367630852319705 
787	 0,367831096492896 
788	 0,36815556852005 
789	 0,368303122924315 
790	 0,368232522436035 
791	 0,368288769770815 
792	 0,368165387731025 
793	 0,367689661236272 
794	 0,36778237412364 
795	 0,368228962366723 
796	 0,368261277445842 
797	 0,36807749845602 
798	 0,367832762305033 
799	 0,368011304969928 
800	 0,368252121836269 
801	 0,368198549336677 
802	 0,368020183961571 
803	 0,367967427210498 
804	 0,368641403614854 
805	 0,369056704772763 
806	 0,368963961512549 
807	 0,369204579065989 
808	 0,369730088015308 
809	 0,370396879302331 
810	 0,370695769223417 
811	 0,370708466026957 
812	 0,371010400859504 
813	 0,371235446917315 
814	 0,371294165947648 
815	 0,371526983409586 
816	 0,371929229411423 
817	 0,372448486912853 
818	 0,372707733487891 
819	 0,372739595908013 
820	 0,372884151295126 
821	 0,373285910156159 
822	 0,373941507920223 
823	 0,374280583375531 
824	 0,374498712602436 
825	 0,37492119320407 
826	 0,374986467612807 
827	 0,37484866506622 
828	 0,375406065746774 
829	 0,375942576603667 
830	 0,376140164539059 
831	 0,3765490369631 
832	 0,377080909507052 
833	 0,377542034409664 
834	 0,377729755666592 
835	 0,37764652004287 
836	 0,377416222941399 
837	 0,377582106199293 
838	 0,378321429402846 
839	 0,378579213717141 
840	 0,378544825118938 
841	 0,378662373948403 
842	 0,378743663915091 
843	 0,378860577955805 
844	 0,379397580966154 
845	 0,379727652220046 
846	 0,379543732932493 
847	 0,379313239628269 
848	 0,379309923333721 
849	 0,379820746876186 
850	 0,380079031195752 
851	 0,379829335357417 
852	 0,378881769616979 
853	 0,378381770962157 
854	 0,378872222282104 
855	 0,379215857490248 
856	 0,37951649246431 
857	 0,380094599286827 
858	 0,379810291326816 
859	 0,379038246594869 
860	 0,379902873596713 
861	 0,380634163535377 
862	 0,380479464826146 
863	 0,380978482077443 
864	 0,381744470715783 
865	 0,38208121627847 
866	 0,382306021533706 
867	 0,382496716147887 
868	 0,382649336649342 
869	 0,382979677060792 
870	 0,383530560927036 
871	 0,383882028379874 
872	 0,384088175394754 
873	 0,384265919142709 
874	 0,384353281028741 
875	 0,384414756540164 
876	 0,384609079146372 
877	 0,384985438461958 
878	 0,385538752865065 
879	 0,386137737207931 
880	 0,386553239544266 
881	 0,386573879848718 
882	 0,386504148271567 
883	 0,386565381711118 
884	 0,387142613858122 
885	 0,38767564167419 
886	 0,38796687805967 
887	 0,388225966604209 
888	 0,388480384759408 
889	 0,388732185927823 
890	 0,38876302215351 
891	 0,388656608562859 
892	 0,388612419628469 
893	 0,389178017878246 
894	 0,390127511448528 
895	 0,38958106946753 
896	 0,389155456737072 
897	 0,389997199057281 
898	 0,389854888407611 
899	 0,389289457527967 
900	 0,3899037515837 
901	 0,390402463067653 
902	 0,390573129042874 
903	 0,391118135022663 
904	 0,39132762634945 
905	 0,390935665245945 
906	 0,391522729686123 
907	 0,392216741666641 
908	 0,39154443459452 
909	 0,390605006335193 
910	 0,390091729972749 
911	 0,391265608315514 
912	 0,39218350421034 
913	 0,391910465645451 
914	 0,391117928602946 
915	 0,39042021062131 
916	 0,390445873683677 
917	 0,391515249242734 
918	 0,392791037795015 
919	 0,392037750457254 
920	 0,39148460347964 
921	 0,391697263500878 
922	 0,391396857666037 
923	 0,39084774318254 
924	 0,390311332557449 
925	 0,389569263012595 
926	 0,389021400285372 
927	 0,389469531935505 
928	 0,388770444995542 
929	 0,387014505401686 
930	 0,386840875848181 
931	 0,38718411736008 
932	 0,387247848772276 
933	 0,386301934146821 
934	 0,384903325199449 
935	 0,383911802599426 
936	 0,383880838000602 
937	 0,384229862568247 
938	 0,382897001297019 
939	 0,381957566805953 
940	 0,381787271331737 
941	 0,379982367618853 
942	 0,378180521315094 
943	 0,377805205218631 
944	 0,376814300919083 
945	 0,375316914208944 
946	 0,374134349550177 
947	 0,37316539569958 
948	 0,372167884942851 
949	 0,370356459805729 
950	 0,368254439095404 
951	 0,366366623295199 
952	 0,365683840000605 
953	 0,365240824135106 
954	 0,363770713014381 
955	 0,362015342725641 
956	 0,360040303356722 
957	 0,357457170359011 
958	 0,355900815227343 
959	 0,35560864642921 
960	 0,354571236947481 
961	 0,35397534091986 
962	 0,354502538215268 
963	 0,353734561088206 
964	 0,35205982233581 
965	 0,35059533153457 
966	 0,3510225881746 
967	 0,352631792365138 
968	 0,351920643754335 
969	 0,350411333890317 
970	 0,349076772881041 
971	 0,34928284737749 
972	 0,350628669985958 
973	 0,352388671279027 
974	 0,351926170159247 
975	 0,351182332542481 
976	 0,354502448030952 
977	 0,35478067454921 
978	 0,351668178429382 
979	 0,350948878253862 
980	 0,351313345509067 
981	 0,35188992359705 
982	 0,350793732765026 
983	 0,351182288537391 
984	 0,355730383565202 
985	 0,35544376287502 
986	 0,352101801883544 
987	 0,352213645713702 
988	 0,355133121486416 
989	 0,359272255069901 
990	 0,359401860143686 
991	 0,359132592439772 
992	 0,360323686110722 
993	 0,361902751681347 
994	 0,362391599137145 
995	 0,3607779122023 
996	 0,363019823808699 
997	 0,366902059043229 
998	 0,366105606312277 
999	 0,364456573184522 
1000	 0,363668536751474 
1001	 0,365678460976968 
1002	 0,367694071656444 
1003	 0,368480944709623 
1004	 0,370102845284313 
1005	 0,372117026989973 
1006	 0,373809918469227 
1007	 0,373393022699051 
1008	 0,372677972732558 
1009	 0,375314208857625 
1010	 0,378260881861669 
1011	 0,379761000706237 
1012	 0,376430562842638 
1013	 0,376393665289745 
1014	 0,381875686507066 
1015	 0,384439201348253 
1016	 0,38311706488028 
1017	 0,378460956450141 
1018	 0,37859717804268 
1019	 0,382022295376328 
1020	 0,38447094486585 
1021	 0,389128096585905 
1022	 0,393391492221133 
1023	 0,388213459362598 
1024	 0,38374504750972 
1025	 0,383777398068412 
1026	 0,387479296497342 
1027	 0,390695912067388 
1028	 0,390925814295673 
1029	 0,391235337065308 
1030	 0,393761195474731 
1031	 0,399913699746709 
1032	 0,398821398375669 
1033	 0,394799576501312 
1034	 0,400909808206517 
1035	 0,403883157743594 
1036	 0,401454608297298 
1037	 0,39963153416524 
1038	 0,399000889731585 
1039	 0,400126816682069 
1040	 0,403283782255741 
1041	 0,405107195219407 
1042	 0,403245682511427 
1043	 0,401135681579156 
1044	 0,402828271762631 
1045	 0,412497243035757 
1046	 0,419495731818976 
1047	 0,417999593872701 
1048	 0,400431615393106 
1049	 0,400932066978378 
1050	 0,420473048315476 
1051	 0,418251173813597 
1052	 0,412868281722388 
1053	 0,413560492722374 
1054	 0,417147392638574 
1055	 0,415320343020125 
1056	 0,403801403373257 
1057	 0,410836586954055 
1058	 0,420274815381138 
1059	 0,405885942249663 
1060	 0,40878521984055 
1061	 0,424314426681883 
1062	 0,421341036943287 
1063	 0,418334269374718 
1064	 0,418915901859402 
1065	 0,417124124481139 
1066	 0,414459376317241 
1067	 0,411679647822628 
1068	 0,410465436364278 
1069	 0,403175630507591 
1070	 0,388674225056788 
1071	 0,399230073593925 
1072	 0,413945425245643 
1073	 0,405606450571163 
1074	 0,413477951416911 
1075	 0,425614387995204 
