Wavelength	AULNE200095.asd
325	 0,25393011972941 
326	 0,318927072849909 
327	 0,33903029480305 
328	 0,295475059098832 
329	 0,286828149413875 
330	 0,286638987955396 
331	 0,265342854303858 
332	 0,23302769625786 
333	 0,219954235956668 
334	 0,315933941603685 
335	 0,316867859783735 
336	 0,221793877613766 
337	 0,268328829073526 
338	 0,289818152714938 
339	 0,128438593534701 
340	 8,53638445063414E-02 
341	 0,142847910171589 
342	 0,15527427246974 
343	 0,164077145851268 
344	 0,172973342052118 
345	 0,141616122732565 
346	 0,121735142727293 
347	 0,145882024800132 
348	 0,154450839042571 
349	 0,142943778698122 
350	 0,124508216672165 
351	 0,136292709350174 
352	 0,178647130475371 
353	 0,154804341761366 
354	 0,121602666009232 
355	 0,144774005091605 
356	 0,147468201198133 
357	 0,133323449237364 
358	 0,163491201113233 
359	 0,181041504055384 
360	 0,165423457763757 
361	 0,174779318747287 
362	 0,186380590940371 
363	 0,162967942705651 
364	 0,160864699748553 
365	 0,179381902372165 
366	 0,156897840305109 
367	 0,1429174858766 
368	 0,162325114241075 
369	 0,174268179653837 
370	 0,172892810399465 
371	 0,155086571862122 
372	 0,145838549062329 
373	 0,154022077749742 
374	 0,185153754268403 
375	 0,192923948713864 
376	 0,150391911602799 
377	 0,162205407666103 
378	 0,198953103364221 
379	 0,164378109108341 
380	 0,14312521236398 
381	 0,158417732773623 
382	 0,165622552704253 
383	 0,167609819010226 
384	 0,168476201142852 
385	 0,175202672918809 
386	 0,180819531425552 
387	 0,164551199468728 
388	 0,157224041336225 
389	 0,168636852678411 
390	 0,167821238529901 
391	 0,159752271442828 
392	 0,153824810851363 
393	 0,150902191318577 
394	 0,15306828695912 
395	 0,16563768442755 
396	 0,178875134087126 
397	 0,18644141303029 
398	 0,182064041435258 
399	 0,173903636671495 
400	 0,175093885197115 
401	 0,171888947575047 
402	 0,162648533076038 
403	 0,151513005011902 
404	 0,151334480296424 
405	 0,168557535244798 
406	 0,179236372872044 
407	 0,180927567095569 
408	 0,177052142124037 
409	 0,174101250294606 
410	 0,17281563369223 
411	 0,164123644961706 
412	 0,15578660860098 
413	 0,155549424839528 
414	 0,16229263068989 
415	 0,17067784869499 
416	 0,169022534830487 
417	 0,165540864108931 
418	 0,164057074640177 
419	 0,164579235405378 
420	 0,166448434559959 
421	 0,168778039486888 
422	 0,168437195770652 
423	 0,166182725161987 
424	 0,166674332448278 
425	 0,168959983530294 
426	 0,171685158129996 
427	 0,168607625311637 
428	 0,163534083148561 
429	 0,164775159951902 
430	 0,165256318188639 
431	 0,163655626372468 
432	 0,163052422849682 
433	 0,164509127753128 
434	 0,168468572217909 
435	 0,169779706935706 
436	 0,167602233231144 
437	 0,161264054316023 
438	 0,160090412352794 
439	 0,166258430326491 
440	 0,166337539052625 
441	 0,164000846293611 
442	 0,165303905904635 
443	 0,166698030902284 
444	 0,167238375212262 
445	 0,166374967967666 
446	 0,166244131093349 
447	 0,16789337143626 
448	 0,168071150390364 
449	 0,167290014055609 
450	 0,167206005066705 
451	 0,168628656274485 
452	 0,171086780238235 
453	 0,170925825312655 
454	 0,171276198431407 
455	 0,174888849951257 
456	 0,176051761147239 
457	 0,174950306102088 
458	 0,174701563534401 
459	 0,175989831943115 
460	 0,178660518864182 
461	 0,179692672842039 
462	 0,178501196948741 
463	 0,174727516242317 
464	 0,172551966931481 
465	 0,173214606075443 
466	 0,176608025136843 
467	 0,179349984496738 
468	 0,179283270913681 
469	 0,179324059458094 
470	 0,179635263233014 
471	 0,179699199372195 
472	 0,179160563054468 
473	 0,178187418933127 
474	 0,177961912208799 
475	 0,178537841934868 
476	 0,17976264875999 
477	 0,178722982307087 
478	 0,176480959677234 
479	 0,177553810878496 
480	 0,179218907284019 
481	 0,18004683683294 
482	 0,179200279994482 
483	 0,17850471135809 
484	 0,18090503773554 
485	 0,179095050751477 
486	 0,17381986020463 
487	 0,175387047087185 
488	 0,178172269586215 
489	 0,177894028364228 
490	 0,177847126862791 
491	 0,177592270106547 
492	 0,174467580519641 
493	 0,174099580640133 
494	 0,177483413302385 
495	 0,17851978791894 
496	 0,177589188298989 
497	 0,175743672781771 
498	 0,177643363099236 
499	 0,181609631125401 
500	 0,178781648936207 
501	 0,176955707642586 
502	 0,179916991073706 
503	 0,17988274906451 
504	 0,178611619206769 
505	 0,180908138513958 
506	 0,182470423496546 
507	 0,182826371268009 
508	 0,185977770595297 
509	 0,18809266621582 
510	 0,185932431223204 
511	 0,186220245173483 
512	 0,188901347544014 
513	 0,190586690443506 
514	 0,191120580003316 
515	 0,190569753796759 
516	 0,190352873817214 
517	 0,19110476465741 
518	 0,193473663816625 
519	 0,194616409425767 
520	 0,194338555373057 
521	 0,194889281420241 
522	 0,195863112885468 
523	 0,196812720944229 
524	 0,196434787843803 
525	 0,195312191387753 
526	 0,195195175038827 
527	 0,195041858449663 
528	 0,194669477793039 
529	 0,194936562528264 
530	 0,195154310177758 
531	 0,194501871084842 
532	 0,194735792800666 
533	 0,195748123845224 
534	 0,195967838426738 
535	 0,195746318024703 
536	 0,195400591867593 
537	 0,195823481901022 
538	 0,196585806497497 
539	 0,196689194085772 
540	 0,196633725505057 
541	 0,19658238868603 
542	 0,196523974703967 
543	 0,19671270123772 
544	 0,197379845729633 
545	 0,198320610979246 
546	 0,199272411429538 
547	 0,199794374951603 
548	 0,199973652640195 
549	 0,199881300819114 
550	 0,199697020721351 
551	 0,199694623206996 
552	 0,200247753581148 
553	 0,200758147863305 
554	 0,200806442716224 
555	 0,199414098353108 
556	 0,198633032618484 
557	 0,199970628274903 
558	 0,199932480568164 
559	 0,198493153043674 
560	 0,197126206635159 
561	 0,196183901659342 
562	 0,195844635445412 
563	 0,195604283604222 
564	 0,195250792863753 
565	 0,194563787045123 
566	 0,195357570888359 
567	 0,1972279684639 
568	 0,196973018603618 
569	 0,196998042896445 
570	 0,198876045321386 
571	 0,200486342874217 
572	 0,201678480868729 
573	 0,202782309548869 
574	 0,204525839808764 
575	 0,206930141417597 
576	 0,208409602674929 
577	 0,209905071321703 
578	 0,212568899883516 
579	 0,21530210006279 
580	 0,217451062651792 
581	 0,217783979505144 
582	 0,218454067786325 
583	 0,220598162077518 
584	 0,222356321625809 
585	 0,223835217353839 
586	 0,225702474493372 
587	 0,227288251516301 
588	 0,228412564592838 
589	 0,229328784539366 
590	 0,229835890129266 
591	 0,229800504113057 
592	 0,230373857649477 
593	 0,231165392610371 
594	 0,230205914238866 
595	 0,230306015383404 
596	 0,232368668045623 
597	 0,232980680941635 
598	 0,232554211245982 
599	 0,232256465503482 
600	 0,232344614321117 
601	 0,232618392704324 
602	 0,231859765072627 
603	 0,230737438219818 
604	 0,229834362886031 
605	 0,229251535337929 
606	 0,22872779465527 
607	 0,227537225355334 
608	 0,226402284321139 
609	 0,225595275263359 
610	 0,225039857794066 
611	 0,224243731659427 
612	 0,222622270977053 
613	 0,221706320030172 
614	 0,221460140288998 
615	 0,22038136514671 
616	 0,219317910308218 
617	 0,218791027157451 
618	 0,218210012142599 
619	 0,217791279518085 
620	 0,218281155529507 
621	 0,21754309374855 
622	 0,215541431199384 
623	 0,215786799599847 
624	 0,216573277847615 
625	 0,216001561081167 
626	 0,216191775678033 
627	 0,217179748641629 
628	 0,21790459791878 
629	 0,218053147740422 
630	 0,217694621850652 
631	 0,218830291422905 
632	 0,220480327796445 
633	 0,220662718930082 
634	 0,221303484841702 
635	 0,222653635940092 
636	 0,223284832665851 
637	 0,224200380776953 
638	 0,226169128166325 
639	 0,227386862160493 
640	 0,22792891728148 
641	 0,228896511047593 
642	 0,229563899705232 
643	 0,229868036667674 
644	 0,23105177829111 
645	 0,232541605692382 
646	 0,233475622482211 
647	 0,233170261469649 
648	 0,231825582231055 
649	 0,230743190968561 
650	 0,230016812221628 
651	 0,229557585700498 
652	 0,227858706208056 
653	 0,225413388534999 
654	 0,223722426521094 
655	 0,221733873121892 
656	 0,219246865436129 
657	 0,216976224728267 
658	 0,214574938861319 
659	 0,211662212637502 
660	 0,208864560089443 
661	 0,206178360763458 
662	 0,203059288849817 
663	 0,200451716881854 
664	 0,198663114382471 
665	 0,196164057636377 
666	 0,193463589874021 
667	 0,191598296969275 
668	 0,190310909613919 
669	 0,189439836966239 
670	 0,188600584883228 
671	 0,187809462202879 
672	 0,187101927898634 
673	 0,186681194968474 
674	 0,186364558285227 
675	 0,185559834081664 
676	 0,185201163448206 
677	 0,185526003941555 
678	 0,185732678633967 
679	 0,185796604434494 
680	 0,185781019195388 
681	 0,186557485778156 
682	 0,188058548755024 
683	 0,189321985025787 
684	 0,190750525108606 
685	 0,192663326100487 
686	 0,195607386486353 
687	 0,199081391158267 
688	 0,201996984969361 
689	 0,206115586654702 
690	 0,211873841500367 
691	 0,218588127032072 
692	 0,225586376040623 
693	 0,232413418704665 
694	 0,240948842791026 
695	 0,251042883677635 
696	 0,261459098557041 
697	 0,272156891422384 
698	 0,283150494833948 
699	 0,295007767587623 
700	 0,307344694144364 
701	 0,319618270503351 
702	 0,331854150504267 
703	 0,343934719864098 
704	 0,355693860438681 
705	 0,36707956940884 
706	 0,378041207185848 
707	 0,388536431687422 
708	 0,39865873647023 
709	 0,408609419803846 
710	 0,41784740641578 
711	 0,426228132012522 
712	 0,433956954200308 
713	 0,441250549684262 
714	 0,448270730363784 
715	 0,454953671516904 
716	 0,461219415744054 
717	 0,466830146113819 
718	 0,472016741294591 
719	 0,476904543515178 
720	 0,481625383918139 
721	 0,485917478662593 
722	 0,48944466562825 
723	 0,492922411854269 
724	 0,496306767227358 
725	 0,498744312683537 
726	 0,501097252181531 
727	 0,503842294466404 
728	 0,506126521042755 
729	 0,507990298051011 
730	 0,509727786987212 
731	 0,511143984469429 
732	 0,512344132506545 
733	 0,513966357794618 
734	 0,515458614601736 
735	 0,516355095519966 
736	 0,517301091945099 
737	 0,518375891020084 
738	 0,5195191870918 
739	 0,520356555928669 
740	 0,520800853322514 
741	 0,521322890585069 
742	 0,521843733602963 
743	 0,52222701779124 
744	 0,522669260482785 
745	 0,523198337589094 
746	 0,523754081123107 
747	 0,52429608183855 
748	 0,524787524240045 
749	 0,525193367622937 
750	 0,525527176513217 
751	 0,525809572366269 
752	 0,526228526754729 
753	 0,526749506117139 
754	 0,527054696225929 
755	 0,527185613038989 
756	 0,527215161714133 
757	 0,527502771546466 
758	 0,527894142820449 
759	 0,527929537278523 
760	 0,528178921930824 
761	 0,528667421547338 
762	 0,528626266523277 
763	 0,528445186027865 
764	 0,528527611706249 
765	 0,528728434162185 
766	 0,529041027467867 
767	 0,529586264892077 
768	 0,529734716913016 
769	 0,529362022737654 
770	 0,529395854816952 
771	 0,529608138910042 
772	 0,529639031133104 
773	 0,529802220609554 
774	 0,530066323185235 
775	 0,530160810686643 
776	 0,530147492165014 
777	 0,530095796670497 
778	 0,530304992616688 
779	 0,530442517971024 
780	 0,529969353324996 
781	 0,530004721841271 
782	 0,530583218465006 
783	 0,530696513215673 
784	 0,530686572787829 
785	 0,530777917968572 
786	 0,530869589972228 
787	 0,530973272978426 
788	 0,531133053983639 
789	 0,531205016954096 
790	 0,531132723193274 
791	 0,530891205806044 
792	 0,530649092090205 
793	 0,530565175190222 
794	 0,530787336659974 
795	 0,531164840128984 
796	 0,531378951072674 
797	 0,531221479339372 
798	 0,530780083193091 
799	 0,530872925504227 
800	 0,531063083147697 
801	 0,530923128705388 
802	 0,530908375560565 
803	 0,531121088467496 
804	 0,531691650479333 
805	 0,5318484804637 
806	 0,531419755743912 
807	 0,531240572731116 
808	 0,531406116830583 
809	 0,531917425005136 
810	 0,532121113763078 
811	 0,532052848124889 
812	 0,532304297754826 
813	 0,532261227691704 
814	 0,531827079033813 
815	 0,531986469475302 
816	 0,532435555532641 
817	 0,532708673882711 
818	 0,532920653833995 
819	 0,532992344571687 
820	 0,532612243078394 
821	 0,53245295083416 
822	 0,532809036127444 
823	 0,53327790130166 
824	 0,533496289376931 
825	 0,533076270016367 
826	 0,532741671825274 
827	 0,532717115586816 
828	 0,533061820322908 
829	 0,53343417205446 
830	 0,53361108029043 
831	 0,53356905242174 
832	 0,533351472580927 
833	 0,533027908291359 
834	 0,532883408977754 
835	 0,532958651295136 
836	 0,53316319594113 
837	 0,532992568185836 
838	 0,532377391642372 
839	 0,532920284909552 
840	 0,533860274546015 
841	 0,533892769567663 
842	 0,533346423301819 
843	 0,532658612085182 
844	 0,532995049699446 
845	 0,533336198935989 
846	 0,53322600880206 
847	 0,533805394192034 
848	 0,534361019733397 
849	 0,533752878681819 
850	 0,533312891440501 
851	 0,533377108401802 
852	 0,533877082814784 
853	 0,534146734770593 
854	 0,533880648872774 
855	 0,533822174079621 
856	 0,533927501966061 
857	 0,53401916133381 
858	 0,533458838745559 
859	 0,532608843145395 
860	 0,533136717039808 
861	 0,533664502332693 
862	 0,533507778797422 
863	 0,533342317288337 
864	 0,533133208428566 
865	 0,532760344162008 
866	 0,532596402142709 
867	 0,532719841484573 
868	 0,533043601020085 
869	 0,533511916987661 
870	 0,533995897077856 
871	 0,534058426013134 
872	 0,533899184165261 
873	 0,533812836894341 
874	 0,533731130464199 
875	 0,533733206885238 
876	 0,5341249385859 
877	 0,534091564092031 
878	 0,533472940471835 
879	 0,533579195202634 
880	 0,53368521467079 
881	 0,532977043833324 
882	 0,532997776801741 
883	 0,533693575664463 
884	 0,534157068937077 
885	 0,534252769347973 
886	 0,534033932586488 
887	 0,534319963446248 
888	 0,534541335821064 
889	 0,534157323781189 
890	 0,533830948822562 
891	 0,533643526500147 
892	 0,533473967397722 
893	 0,533443491450772 
894	 0,533542782692489 
895	 0,533598108774191 
896	 0,533523995078047 
897	 0,533289948341974 
898	 0,533173771459589 
899	 0,533276422085215 
900	 0,53369954746156 
901	 0,533832918251953 
902	 0,533615572503398 
903	 0,533516867670185 
904	 0,533822336304981 
905	 0,534464426289994 
906	 0,533478776672857 
907	 0,532399939163498 
908	 0,533689842722077 
909	 0,533728882417613 
910	 0,532453789248788 
911	 0,532511591580929 
912	 0,533079038688096 
913	 0,533660462956373 
914	 0,533748292973116 
915	 0,533075482965629 
916	 0,531564377319688 
917	 0,531867607108189 
918	 0,533231446089327 
919	 0,532219639732518 
920	 0,531735497495924 
921	 0,532438033763017 
922	 0,532548913379632 
923	 0,532303216321057 
924	 0,531936785396773 
925	 0,531169461121359 
926	 0,53026962594376 
927	 0,529731565549965 
928	 0,529612227309025 
929	 0,529713289219708 
930	 0,52922983045396 
931	 0,528772541103305 
932	 0,528701011892563 
933	 0,528931775686019 
934	 0,528716247977166 
935	 0,527202160119789 
936	 0,526936672396956 
937	 0,527612035315464 
938	 0,526711877319413 
939	 0,525510644029705 
940	 0,524557349810046 
941	 0,524120378188857 
942	 0,523841795413546 
943	 0,523284735702565 
944	 0,521484158960853 
945	 0,519509633877784 
946	 0,51962301850332 
947	 0,519220085239551 
948	 0,517801401449742 
949	 0,516433967633263 
950	 0,515517732615874 
951	 0,515089882786701 
952	 0,513728659233188 
953	 0,511936750236108 
954	 0,510507141118859 
955	 0,50877896642168 
956	 0,50735003886374 
957	 0,50822458373692 
958	 0,507558747572412 
959	 0,504928787761124 
960	 0,505026413201694 
961	 0,505872463966466 
962	 0,505759710586443 
963	 0,504780851473978 
964	 0,503616035063296 
965	 0,503294501939926 
966	 0,502367206684744 
967	 0,501204153574279 
968	 0,501983294100773 
969	 0,50318220860188 
970	 0,50389835375088 
971	 0,503421343373072 
972	 0,502152040418401 
973	 0,500683561120273 
974	 0,500357659058614 
975	 0,500974452929275 
976	 0,501684910197354 
977	 0,502649020713074 
978	 0,503486055977816 
979	 0,503153512940314 
980	 0,501837305011681 
981	 0,500367595186179 
982	 0,502748344349606 
983	 0,50498554293288 
984	 0,503063096476681 
985	 0,502864982167258 
986	 0,503854621098412 
987	 0,50284215140818 
988	 0,50270568892677 
989	 0,503820737545885 
990	 0,50457154057796 
991	 0,505109425581589 
992	 0,505444203819108 
993	 0,505181759622231 
994	 0,505787376708979 
995	 0,508471009780818 
996	 0,508936605713059 
997	 0,508235893026118 
998	 0,509984509231804 
999	 0,51062015030278 
1000	 0,509827140472216 
1001	 0,510023678200851 
1002	 0,510992095225623 
1003	 0,512286029873066 
1004	 0,511693350834718 
1005	 0,511591057084786 
1006	 0,514085850018938 
1007	 0,514172050525427 
1008	 0,51335362792896 
1009	 0,515749341431134 
1010	 0,517517332708803 
1011	 0,518134723727981 
1012	 0,519873178712084 
1013	 0,519306373165543 
1014	 0,515796417350664 
1015	 0,513890810402612 
1016	 0,514608767872129 
1017	 0,5181942959328 
1018	 0,521759499542075 
1019	 0,523478721276466 
1020	 0,521672284180321 
1021	 0,521397821475691 
1022	 0,522848215945839 
1023	 0,522932889111566 
1024	 0,521635819012893 
1025	 0,519739711942624 
1026	 0,521174834461095 
1027	 0,521334093634394 
1028	 0,518076110903652 
1029	 0,518938939718649 
1030	 0,522033707108609 
1031	 0,524122932126542 
1032	 0,526621301166951 
1033	 0,527500071703374 
1034	 0,522384950157954 
1035	 0,520291867682761 
1036	 0,522302463826223 
1037	 0,521424339558621 
1038	 0,524095997646113 
1039	 0,531272939558058 
1040	 0,533143689435758 
1041	 0,531665886336593 
1042	 0,52942204746254 
1043	 0,530099506522603 
1044	 0,529968424152524 
1045	 0,523792526351023 
1046	 0,52545927968374 
1047	 0,532998455377774 
1048	 0,534456702840699 
1049	 0,536545088580995 
1050	 0,539419492867843 
1051	 0,53740241206363 
1052	 0,532286338743714 
1053	 0,526000423192196 
1054	 0,522198366935762 
1055	 0,521769205749538 
1056	 0,524814227037829 
1057	 0,52829070625514 
1058	 0,530383773845655 
1059	 0,529762998414832 
1060	 0,532221923352876 
1061	 0,535884760523241 
1062	 0,533624201681488 
1063	 0,530754724743364 
1064	 0,529010179783384 
1065	 0,528034907565063 
1066	 0,529976139211797 
1067	 0,533529718343751 
1068	 0,527982660373155 
1069	 0,521465199601673 
1070	 0,520852722702831 
1071	 0,526327394078141 
1072	 0,536359946681823 
1073	 0,546639164805357 
1074	 0,539717894975962 
1075	 0,526449368996856 
