Wavelength	AULNE200343.asd
325	 0,157005609011796 
326	 0,366803050577152 
327	 0,33953256861015 
328	 5,49631080016237E-02 
329	 9,64509201745676E-02 
330	 0,191090946904632 
331	 0,041466807584257 
332	-4,10710107062428E-02 
333	-7,0444091022927E-03 
334	 0,232991025487144 
335	 0,25193946307924 
336	 5,06441111061767E-02 
337	 0,119056753673575 
338	 0,204072875141975 
339	 0,048724354081373 
340	-2,46786980708797E-02 
341	-5,43724894872829E-04 
342	 3,08163790883338E-02 
343	 4,50502039634775E-02 
344	 3,83022529655687E-02 
345	 5,56425338941676E-02 
346	 6,51367430497432E-02 
347	 4,50465509379918E-02 
348	 5,79337340446575E-02 
349	 8,69055731854034E-02 
350	 6,48055722581198E-02 
351	 3,40431068129581E-02 
352	 1,66487098248968E-02 
353	 4,34750723715099E-02 
354	 6,81804657014852E-02 
355	 4,27681291225603E-02 
356	 2,57002795114849E-02 
357	 2,84928574401232E-02 
358	 5,20770127410693E-02 
359	 5,33399347454053E-02 
360	 0,019761118900183 
361	 2,60972211200478E-02 
362	 5,08801856008159E-02 
363	 5,63114323045145E-02 
364	 6,50596131319502E-02 
365	 6,90227571957721E-02 
366	 0,016093196517373 
367	-5,39326668101878E-03 
368	 4,33029473610018E-02 
369	 5,22404803100696E-02 
370	 3,49727533964073E-02 
371	 0,042161955447911 
372	 3,90505456095564E-02 
373	 2,76338349203642E-02 
374	 5,96975557484225E-02 
375	 6,38969158335697E-02 
376	-5,05249009015967E-03 
377	-8,65323090891543E-03 
378	 3,49096735314331E-02 
379	 4,06882718960402E-02 
380	 3,91449777946246E-02 
381	 3,87055267064538E-02 
382	 4,41686363033842E-02 
383	 4,34897445388858E-02 
384	 2,69471115138584E-02 
385	 4,25394858166223E-02 
386	 6,94194910387087E-02 
387	 4,10897782086597E-02 
388	 2,27185100200149E-02 
389	 3,81530794731585E-02 
390	 4,50275052731597E-02 
391	 4,50031349435525E-02 
392	 0,044408924763312 
393	 2,73974150780709E-02 
394	 3,61694942223948E-03 
395	 1,14119579923974E-02 
396	 2,77887730585257E-02 
397	 0,03880027395035 
398	 3,73311660084625E-02 
399	 3,23069723251745E-02 
400	 3,87612469410831E-02 
401	 3,68981650318224E-02 
402	 2,62473158067777E-02 
403	 2,23034163066917E-02 
404	 2,27703623805425E-02 
405	 2,57756268139804E-02 
406	 3,26252220972012E-02 
407	 3,78078021955203E-02 
408	 3,03785995285654E-02 
409	 2,70753664387838E-02 
410	 3,12719766184681E-02 
411	 3,31494602391342E-02 
412	 3,23263291598621E-02 
413	 0,029453540133392 
414	 3,51478032060015E-02 
415	 4,32298203326492E-02 
416	 3,31968060416246E-02 
417	 2,49336282679427E-02 
418	 2,56616398681714E-02 
419	 2,26176379018369E-02 
420	 0,020746845534314 
421	 2,74757418567992E-02 
422	 3,04822178828581E-02 
423	 2,88067150384642E-02 
424	 2,90408175618244E-02 
425	 2,95513442608965E-02 
426	 2,91469079897118E-02 
427	 2,60901171908339E-02 
428	 2,26350644499057E-02 
429	 2,31605951373546E-02 
430	 2,34013447875722E-02 
431	 2,26225676408838E-02 
432	 2,32971072621058E-02 
433	 2,45898458702797E-02 
434	 2,57091926820915E-02 
435	 2,79966608911488E-02 
436	 2,99772530525724E-02 
437	 2,75807880698019E-02 
438	 2,40552177652352E-02 
439	 2,17550108952432E-02 
440	 2,55468947927932E-02 
441	 2,98140273841062E-02 
442	 2,73024760424518E-02 
443	 2,50252155868924E-02 
444	 2,44216413192907E-02 
445	 0,023635643270276 
446	 0,02534821429719 
447	 0,030239327655799 
448	 2,98321095245612E-02 
449	 2,62964582289933E-02 
450	 2,56886741435291E-02 
451	 2,76005860057426E-02 
452	 3,07511013957772E-02 
453	 2,96409072755015E-02 
454	 2,70568203266496E-02 
455	 0,025999431730851 
456	 2,83373188810222E-02 
457	 0,031719020226862 
458	 2,85809568712812E-02 
459	 2,81222139655657E-02 
460	 3,31010628531912E-02 
461	 3,49239225068922E-02 
462	 3,30579014848496E-02 
463	 2,78798504069757E-02 
464	 2,61707640118668E-02 
465	 2,85485305477681E-02 
466	 3,02645252978338E-02 
467	 3,09113059464357E-02 
468	 3,02594873362917E-02 
469	 2,92931419905978E-02 
470	 2,87062888654042E-02 
471	 2,94183460259736E-02 
472	 3,08265667619269E-02 
473	 3,21226493805902E-02 
474	 0,030668900077817 
475	 2,92877696988245E-02 
476	 3,07304611704789E-02 
477	 2,95008764984272E-02 
478	 2,68103993540649E-02 
479	 2,93230129365899E-02 
480	 3,08013241800871E-02 
481	 2,86614189899974E-02 
482	 2,59780566906173E-02 
483	 2,57085578667651E-02 
484	 0,031703935150775 
485	 3,26095092647763E-02 
486	 2,78778307921062E-02 
487	 2,79028574239493E-02 
488	 0,029323631865573 
489	 2,94718452088734E-02 
490	 0,029395461684264 
491	 0,029155718049695 
492	 2,83593927187204E-02 
493	 2,89171617638895E-02 
494	 3,11253103977258E-02 
495	 3,28478218047006E-02 
496	 3,31270718265011E-02 
497	 3,11952641323738E-02 
498	 3,21995223249332E-02 
499	 3,49104980955771E-02 
500	 3,14614524955233E-02 
501	 0,029075095824316 
502	 3,12919439562685E-02 
503	 3,08712219392802E-02 
504	 0,02982242478562 
505	 3,34734934170694E-02 
506	 3,46662098849211E-02 
507	 3,24241531776217E-02 
508	 3,23154191932368E-02 
509	 3,31317318437602E-02 
510	 3,35192473592382E-02 
511	 3,26982455325047E-02 
512	 3,17551336604707E-02 
513	 3,39805769520263E-02 
514	 3,61130874436317E-02 
515	 3,65626165376317E-02 
516	 3,50538155992492E-02 
517	 3,37804619452788E-02 
518	 0,035771630748925 
519	 3,70686378560757E-02 
520	 3,71267728489579E-02 
521	 3,82479728944977E-02 
522	 0,038493757574272 
523	 3,66765166509465E-02 
524	 3,58154684647516E-02 
525	 3,59985989710938E-02 
526	 3,63496665511792E-02 
527	 3,61935767497285E-02 
528	 3,55884823552598E-02 
529	 3,65522664029189E-02 
530	 3,77195502484038E-02 
531	 3,74061335123515E-02 
532	 3,63377858310495E-02 
533	 3,54008166120484E-02 
534	 3,68205709311109E-02 
535	 3,79654184527257E-02 
536	 3,74255457751116E-02 
537	 3,74149023099207E-02 
538	 3,77300968004993E-02 
539	 3,74210156318353E-02 
540	 3,72637794545843E-02 
541	 3,74129091942836E-02 
542	 3,74673690958432E-02 
543	 3,73040161824171E-02 
544	 3,68932714396325E-02 
545	 0,03791719595371 
546	 3,96732124162555E-02 
547	 3,93425306996001E-02 
548	 3,87562720915512E-02 
549	 0,038836691705044 
550	 3,94109924873258E-02 
551	 0,039977702451146 
552	 3,97696454625385E-02 
553	 3,99182796972992E-02 
554	 4,04463657161104E-02 
555	 4,00258652370467E-02 
556	 3,97301445216753E-02 
557	 0,040385794332389 
558	 4,03522085917855E-02 
559	 3,99144112768625E-02 
560	 4,06923969021158E-02 
561	 4,06478521033778E-02 
562	 3,93238771228315E-02 
563	 3,92061767965349E-02 
564	 3,97586633306256E-02 
565	 3,99681934639267E-02 
566	 4,04820249225359E-02 
567	 4,12556084162827E-02 
568	 4,16464866385681E-02 
569	 0,042105899629214 
570	 4,29343557644977E-02 
571	 4,39412553309627E-02 
572	 4,46132673164449E-02 
573	 4,37975220888693E-02 
574	 4,36987165550193E-02 
575	 4,48434383579625E-02 
576	 4,52755327608798E-02 
577	 4,56085978654139E-02 
578	 4,66744065560609E-02 
579	 4,82622790283389E-02 
580	 4,97187761310742E-02 
581	 4,92873980684647E-02 
582	 4,85013771675417E-02 
583	 4,83466165209363E-02 
584	 4,88419546598952E-02 
585	 0,04974066952769 
586	 5,06347757137438E-02 
587	 5,11008328939691E-02 
588	 5,11599670312538E-02 
589	 5,17118627480551E-02 
590	 5,21328382482589E-02 
591	 5,18468047737339E-02 
592	 5,17651443292227E-02 
593	 5,18299157419901E-02 
594	 5,12506845257416E-02 
595	 0,051129867152922 
596	 5,18683837409243E-02 
597	 5,24424001851099E-02 
598	 5,26270551760111E-02 
599	 5,22719889080112E-02 
600	 5,19862687647572E-02 
601	 5,18490564700034E-02 
602	 5,13675690086935E-02 
603	 0,050777626723817 
604	 5,03455019185786E-02 
605	 5,08745143450438E-02 
606	 5,17220534472993E-02 
607	 0,051019688197738 
608	 5,02530016327112E-02 
609	 4,99440802876972E-02 
610	 4,96455943044362E-02 
611	 4,94023205443164E-02 
612	 4,93002481347042E-02 
613	 4,91824623764238E-02 
614	 4,90044405019453E-02 
615	 0,048774826288534 
616	 4,85394922541074E-02 
617	 4,83313257439108E-02 
618	 4,80915909663136E-02 
619	 4,79689188742772E-02 
620	 4,83468387716186E-02 
621	 4,80741128461218E-02 
622	 4,71690130336866E-02 
623	 4,77287061331639E-02 
624	 4,84675383992794E-02 
625	 4,80069460237259E-02 
626	 4,83953604323623E-02 
627	 4,94824899943295E-02 
628	 0,049696648807638 
629	 4,91905303141784E-02 
630	 4,82779775586563E-02 
631	 4,88091111935516E-02 
632	 0,049828246573329 
633	 4,93729110104687E-02 
634	 4,98961188315653E-02 
635	 5,15227093181496E-02 
636	 5,17792076244384E-02 
637	 5,17376650723477E-02 
638	 0,052326729836012 
639	 5,25352729524837E-02 
640	 5,25550761201425E-02 
641	 5,33837280522662E-02 
642	 5,37332917404069E-02 
643	 5,33449901771723E-02 
644	 5,40010423974348E-02 
645	 5,50822885792404E-02 
646	 5,55882954943719E-02 
647	 5,56818336012638E-02 
648	 5,53561904010415E-02 
649	 5,44627083114912E-02 
650	 0,053851174732647 
651	 5,40034816543159E-02 
652	 5,36934659461511E-02 
653	 5,29342750345718E-02 
654	 5,21274523750939E-02 
655	 5,14173250063087E-02 
656	 5,08690104045225E-02 
657	 0,050419816159854 
658	 4,98360814851032E-02 
659	 0,048890209375194 
660	 4,77609859310499E-02 
661	 4,66437532089882E-02 
662	 0,045890131188021 
663	 4,54085618689741E-02 
664	 4,50945087121972E-02 
665	 4,46297935125188E-02 
666	 4,39114274813973E-02 
667	 4,28254019740723E-02 
668	 4,22343839473036E-02 
669	 4,22141869537427E-02 
670	 4,19472146101837E-02 
671	 4,15990795793692E-02 
672	 4,13497779936316E-02 
673	 4,15938397201678E-02 
674	 4,19622406941338E-02 
675	 4,13351603545719E-02 
676	 4,10871308065903E-02 
677	 0,041611026948072 
678	 4,20424500916144E-02 
679	 4,21178514350408E-02 
680	 4,16340541520746E-02 
681	 0,041880208039599 
682	 4,27684457127192E-02 
683	 4,28942648887391E-02 
684	 4,32237289599949E-02 
685	 4,42773449019792E-02 
686	 4,54352955230034E-02 
687	 4,64056360281464E-02 
688	 4,68057959552162E-02 
689	 4,75287104935521E-02 
690	 4,89246191057582E-02 
691	 5,09883666755044E-02 
692	 5,34788260936601E-02 
693	 0,05616363126275 
694	 5,88575927299539E-02 
695	 6,18002797811481E-02 
696	 6,57850603639327E-02 
697	 6,96985834083932E-02 
698	 7,32447337788744E-02 
699	 7,77194841252754E-02 
700	 8,25223608680213E-02 
701	 8,67493772814114E-02 
702	 0,09078297295326 
703	 9,49120195495855E-02 
704	 9,99244235223445E-02 
705	 0,104468998613075 
706	 0,107798656108879 
707	 0,111490524879462 
708	 0,115475253817919 
709	 0,119194349714822 
710	 0,122708496204631 
711	 0,125960427833139 
712	 0,12874609882016 
713	 0,131331974906925 
714	 0,133945023558026 
715	 0,136182514535331 
716	 0,138190086112195 
717	 0,14049317146268 
718	 0,142785912740925 
719	 0,14487456257623 
720	 0,146486621753623 
721	 0,147774854637501 
722	 0,148973124505749 
723	 0,150046484860525 
724	 0,151076534808257 
725	 0,152298255110634 
726	 0,153443775942247 
727	 0,154341493039704 
728	 0,155043349761903 
729	 0,155685422338644 
730	 0,15650350644836 
731	 0,157116152027872 
732	 0,157545485892029 
733	 0,158432753526612 
734	 0,159249310648813 
735	 0,159522715212483 
736	 0,159475688513994 
737	 0,159461514156986 
738	 0,160252398035631 
739	 0,160942398369231 
740	 0,161194674977975 
741	 0,161262753873271 
742	 0,161430228517843 
743	 0,161986448188792 
744	 0,16224258239161 
745	 0,16221875394287 
746	 0,162501271071995 
747	 0,162739591304516 
748	 0,162814373291781 
749	 0,163258076120014 
750	 0,163816990355728 
751	 0,164022747203862 
752	 0,164030539239282 
753	 0,163950274428038 
754	 0,164018412488061 
755	 0,164155522544561 
756	 0,164303292078215 
757	 0,164522750973241 
758	 0,164725420220199 
759	 0,164696057750637 
760	 0,164881474978051 
761	 0,165331287966871 
762	 0,16555322319458 
763	 0,165624968898355 
764	 0,165647615537657 
765	 0,165631250252686 
766	 0,165646164915317 
767	 0,165876383402017 
768	 0,16592510318677 
769	 0,165739400627018 
770	 0,166016329836294 
771	 0,166394151769851 
772	 0,166390936990672 
773	 0,166480168865969 
774	 0,166686953203043 
775	 0,166793197112817 
776	 0,16668258427636 
777	 0,166419090940485 
778	 0,16692364235862 
779	 0,167576156602998 
780	 0,1673302963867 
781	 0,167175401890467 
782	 0,167316398935879 
783	 0,167491694015528 
784	 0,167637362649498 
785	 0,167726348393101 
786	 0,167965672289655 
787	 0,168224948664406 
788	 0,168226966783168 
789	 0,168161272861386 
790	 0,16816726475012 
791	 0,168591164733216 
792	 0,168842256406349 
793	 0,168485644078465 
794	 0,168193974999886 
795	 0,168169986103562 
796	 0,168599278107252 
797	 0,168930522875356 
798	 0,168936532855317 
799	 0,168598763437813 
800	 0,168360173790359 
801	 0,168612147766729 
802	 0,16879068308717 
803	 0,168930561105266 
804	 0,169459455341346 
805	 0,169735475683357 
806	 0,169624176141661 
807	 0,169871983869123 
808	 0,170048726158474 
809	 0,169683557979921 
810	 0,169801163797394 
811	 0,170231155107141 
812	 0,169832081250213 
813	 0,169729137275494 
814	 0,170242776741524 
815	 0,170198806165573 
816	 0,170117797487313 
817	 0,170704933805184 
818	 0,170949872753178 
819	 0,170773729089364 
820	 0,170646079928715 
821	 0,170588507962905 
822	 0,170609282017955 
823	 0,170523969860488 
824	 0,170512757413264 
825	 0,170818251918257 
826	 0,170696654418169 
827	 0,170259604929101 
828	 0,170391621278852 
829	 0,170836095888731 
830	 0,171391281230509 
831	 0,171695691869258 
832	 0,171656764056864 
833	 0,171230286294358 
834	 0,171356379062136 
835	 0,171898198032866 
836	 0,171529486197111 
837	 0,171264629854521 
838	 0,17155806347554 
839	 0,171453336636809 
840	 0,171223844002476 
841	 0,171392868775335 
842	 0,171573427394993 
843	 0,17163793782338 
844	 0,171521765607198 
845	 0,171294997211376 
846	 0,171073425128469 
847	 0,171253667458906 
848	 0,171717275077341 
849	 0,172230584885895 
850	 0,172265828875261 
851	 0,171897320987145 
852	 0,171873254732577 
853	 0,171894455079052 
854	 0,171789295374455 
855	 0,171463582005469 
856	 0,171258422809183 
857	 0,171636700448389 
858	 0,171707131244511 
859	 0,171516477001711 
860	 0,171946064534565 
861	 0,172555210900605 
862	 0,172983832956776 
863	 0,172605475104086 
864	 0,171824402038124 
865	 0,171263786282964 
866	 0,17133982962195 
867	 0,171873080446181 
868	 0,171972289594779 
869	 0,171974315476615 
870	 0,172030140938064 
871	 0,172109839571103 
872	 0,172261325280364 
873	 0,172530207879762 
874	 0,172689307196114 
875	 0,172608690233844 
876	 0,171987159714188 
877	 0,171908485837018 
878	 0,172613831720233 
879	 0,172546644748854 
880	 0,172172079030569 
881	 0,172122265129014 
882	 0,172210677193248 
883	 0,172252295482836 
884	 0,171833032941994 
885	 0,171344808768327 
886	 0,17108812801673 
887	 0,171677240108832 
888	 0,172440815436407 
889	 0,172710118512506 
890	 0,172744927223575 
891	 0,172625535873715 
892	 0,172442622012873 
893	 0,172214080342026 
894	 0,17198173564599 
895	 0,171712285426615 
896	 0,171980744220236 
897	 0,173079745646277 
898	 0,173457907152148 
899	 0,173191521867018 
900	 0,172877976328422 
901	 0,172832223488005 
902	 0,172961141130482 
903	 0,172323653499355 
904	 0,172173508388232 
905	 0,173067335284215 
906	 0,172895664392306 
907	 0,172335908745247 
908	 0,172707704269498 
909	 0,172502154833234 
910	 0,171814387011272 
911	 0,172037539674654 
912	 0,172597160920198 
913	 0,173086654632524 
914	 0,172782347729568 
915	 0,172504264554922 
916	 0,173151010851321 
917	 0,172849624902698 
918	 0,172007550518886 
919	 0,172600397356632 
920	 0,173385253225311 
921	 0,173779850247096 
922	 0,173212214024176 
923	 0,172578136009368 
924	 0,172617203660518 
925	 0,172623323354033 
926	 0,172477235191667 
927	 0,172192361848088 
928	 0,171327100494913 
929	 0,170314343814785 
930	 0,171062477995612 
931	 0,172175264356097 
932	 0,172742472097776 
933	 0,172839985378656 
934	 0,172689108317341 
935	 0,17258654100499 
936	 0,172441786124904 
937	 0,172075890800865 
938	 0,170934490103348 
939	 0,17003592332744 
940	 0,170098829648029 
941	 0,172481744649424 
942	 0,174236039842633 
943	 0,172913337247601 
944	 0,171783902872752 
945	 0,171356834404582 
946	 0,171502660461784 
947	 0,171516481822197 
948	 0,170914108025976 
949	 0,168611929611985 
950	 0,167897023311239 
951	 0,170112039061971 
952	 0,170867727273504 
953	 0,170013885469942 
954	 0,168084471171804 
955	 0,167376153479498 
956	 0,167679679294941 
957	 0,166949673791603 
958	 0,166404400566149 
959	 0,166485853330227 
960	 0,167455232590079 
961	 0,167626912717475 
962	 0,166141610077464 
963	 0,167332013252505 
964	 0,169119082670804 
965	 0,167505540325434 
966	 0,166392013928597 
967	 0,166497503795062 
968	 0,166841572170975 
969	 0,167419260776137 
970	 0,168001363718296 
971	 0,167836931346082 
972	 0,167154650485485 
973	 0,166384335048793 
974	 0,167138255223066 
975	 0,168611902875576 
976	 0,168899091834612 
977	 0,168599094207317 
978	 0,168293802105418 
979	 0,16961389968769 
980	 0,170013557176832 
981	 0,168594582736777 
982	 0,168290488946176 
983	 0,168040394848681 
984	 0,166669271998897 
985	 0,165948579571249 
986	 0,166507007729379 
987	 0,168949162560998 
988	 0,169664644900006 
989	 0,168431611160453 
990	 0,168717262275165 
991	 0,169000322030728 
992	 0,168729139783871 
993	 0,169357295803145 
994	 0,170594883630372 
995	 0,171946101644071 
996	 0,172993591661768 
997	 0,173806381667614 
998	 0,174867618423281 
999	 0,17260008414923 
1000	 0,168407679465776 
1001	 0,170841865364833 
1002	 0,173970466014732 
1003	 0,17476886130036 
1004	 0,174251734147706 
1005	 0,174705335358281 
1006	 0,177753131406831 
1007	 0,176471081248183 
1008	 0,173415903995734 
1009	 0,175094991163535 
1010	 0,177093814586314 
1011	 0,177787854779974 
1012	 0,175986497993519 
1013	 0,173891453565282 
1014	 0,172990764615082 
1015	 0,174963195460594 
1016	 0,176796980088286 
1017	 0,176140721936528 
1018	 0,176455101693007 
1019	 0,176990430281759 
1020	 0,175990834778301 
1021	 0,178183307176288 
1022	 0,181525824762752 
1023	 0,177313553809164 
1024	 0,172222257733525 
1025	 0,169901425285671 
1026	 0,175007418983082 
1027	 0,178288845064107 
1028	 0,174879675842103 
1029	 0,176539950414934 
1030	 0,181519242154086 
1031	 0,185870963555223 
1032	 0,186002048038161 
1033	 0,183027595769932 
1034	 0,180854507565947 
1035	 0,179731842329013 
1036	 0,17995479942564 
1037	 0,181902897882792 
1038	 0,181644373325601 
1039	 0,178761885765131 
1040	 0,181685425732573 
1041	 0,183070147191628 
1042	 0,17760200369713 
1043	 0,175459625423952 
1044	 0,179238049862968 
1045	 0,189412856899263 
1046	 0,186501844533424 
1047	 0,175848557919584 
1048	 0,180681885604457 
1049	 0,183181105294198 
1050	 0,181238737965494 
1051	 0,189056873602597 
1052	 0,190533942336177 
1053	 0,180811076266182 
1054	 0,181243039767312 
1055	 0,185836828291698 
1056	 0,188198072324535 
1057	 0,190797557443634 
1058	 0,191538194392015 
1059	 0,187721531133934 
1060	 0,184929151645602 
1061	 0,185080854350478 
1062	 0,189634821181306 
1063	 0,18490504802348 
1064	 0,173204315554037 
1065	 0,179360546333441 
1066	 0,182092535687376 
1067	 0,176309033824524 
1068	 0,189527230020987 
1069	 0,197235545330443 
1070	 0,18352896844362 
1071	 0,176850685217958 
1072	 0,177748853056063 
1073	 0,182352569992494 
1074	 0,189207881748707 
1075	 0,194797992850067 
