Wavelength	AULNE200308.asd
325	 0,264641586359355 
326	 0,323168529166544 
327	 0,293764564809159 
328	 0,192478330428138 
329	 0,239068356924593 
330	 0,283611789385035 
331	 0,177673595114857 
332	 0,119327269253311 
333	 0,123336023237346 
334	 0,202460759872259 
335	 0,218720451550034 
336	 0,17604507923711 
337	 0,281220292256295 
338	 0,307377935499471 
339	 4,97420951587907E-02 
340	 7,05486190984299E-02 
341	 0,245492492522026 
342	 0,125979912438836 
343	 4,33145866437105E-02 
344	 7,86161292271007E-02 
345	 0,12146035978518 
346	 0,140159826600888 
347	 0,132012189392538 
348	 0,131906331598558 
349	 0,138544107021165 
350	 0,127740268859928 
351	 0,137301606134223 
352	 0,166868348109097 
353	 0,118563018215166 
354	 0,07391388744839 
355	 0,120951650038373 
356	 0,147573092220319 
357	 0,143935196745531 
358	 0,156392845385166 
359	 0,147923342819328 
360	 0,109872161856915 
361	 0,115631841585637 
362	 0,145244558544111 
363	 0,163746469251996 
364	 0,165887650518184 
365	 0,151161502626339 
366	 0,126971220106258 
367	 0,127046324344896 
368	 0,161055442652351 
369	 0,156021903173785 
370	 0,125861794528525 
371	 0,11533681271404 
372	 0,100498680078219 
373	 8,89744907760267E-02 
374	 0,140724284532095 
375	 0,170277076507696 
376	 0,122933046116901 
377	 0,118145690274566 
378	 0,143695852362944 
379	 0,128370643354501 
380	 0,127193004922576 
381	 0,148678213855428 
382	 0,148066333981947 
383	 0,145793926625852 
384	 0,161346669246059 
385	 0,163958682478739 
386	 0,155095188708026 
387	 0,14825568239531 
388	 0,143857433569772 
389	 0,144571505747119 
390	 0,156665072943914 
391	 0,168907605113359 
392	 0,167864115876674 
393	 0,158321665361436 
394	 0,147328792998218 
395	 0,153892844103687 
396	 0,157578905538803 
397	 0,150126947709777 
398	 0,152241605830188 
399	 0,161197392433165 
400	 0,169944025128639 
401	 0,171210581121576 
402	 0,163626229803564 
403	 0,147788638411529 
404	 0,143408243146857 
405	 0,16051787243074 
406	 0,160722833783027 
407	 0,151001043682683 
408	 0,157224531001836 
409	 0,159523983755006 
410	 0,154278363286564 
411	 0,151211347047014 
412	 0,152762402467792 
413	 0,160132611630608 
414	 0,166732105000178 
415	 0,167943730302155 
416	 0,153449701665959 
417	 0,148826885584254 
418	 0,161126930339396 
419	 0,160829125177489 
420	 0,155513657021808 
421	 0,158012022186313 
422	 0,158965706925157 
423	 0,157331447532746 
424	 0,155931082168987 
425	 0,156599450917078 
426	 0,15963645661934 
427	 0,157342048769524 
428	 0,153802465026768 
429	 0,158699709838277 
430	 0,15779737961681 
431	 0,151019428758522 
432	 0,157258732959961 
433	 0,162863660756012 
434	 0,156126367151886 
435	 0,156946455658171 
436	 0,162943889363862 
437	 0,158795815048056 
438	 0,155704196049394 
439	 0,157573023179138 
440	 0,158815852464341 
441	 0,160227764776282 
442	 0,163454983083085 
443	 0,162549671907574 
444	 0,158033675471922 
445	 0,155992337684019 
446	 0,156987356707423 
447	 0,160771561396468 
448	 0,161663292212549 
449	 0,1612205811671 
450	 0,164056887803638 
451	 0,165676983195933 
452	 0,165256639158589 
453	 0,165449275496888 
454	 0,165974844443438 
455	 0,166545713541941 
456	 0,169098324573707 
457	 0,171497978356495 
458	 0,166700451072045 
459	 0,165409712051451 
460	 0,170605399463332 
461	 0,169317616658178 
462	 0,166106935833017 
463	 0,16861775115225 
464	 0,170015440659181 
465	 0,169556905564314 
466	 0,17115441837743 
467	 0,171173278093341 
468	 0,167749027467146 
469	 0,16680016819792 
470	 0,167810932587951 
471	 0,168013851951428 
472	 0,167981754561101 
473	 0,167820021559821 
474	 0,167678638815185 
475	 0,167524082200094 
476	 0,16731899199837 
477	 0,166966018159405 
478	 0,167056961051761 
479	 0,169524682791765 
480	 0,170803046444478 
481	 0,169340187183891 
482	 0,16680151487962 
483	 0,16552713123606 
484	 0,168612270256314 
485	 0,168696971179037 
486	 0,165630379919715 
487	 0,16686989321767 
488	 0,168847988279094 
489	 0,168826062031537 
490	 0,16886550466629 
491	 0,168144709735056 
492	 0,163439558458499 
493	 0,16177917916367 
494	 0,164923205017601 
495	 0,167722391988305 
496	 0,168375667138948 
497	 0,165491091214992 
498	 0,165450164156952 
499	 0,167986276099806 
500	 0,167282368165832 
501	 0,16675235482611 
502	 0,168053406772724 
503	 0,168081714762697 
504	 0,167826591299793 
505	 0,169680929916477 
506	 0,17137470786893 
507	 0,172247516013041 
508	 0,172615959098685 
509	 0,173190399377161 
510	 0,174509692184543 
511	 0,174667739858779 
512	 0,174173245134241 
513	 0,175300939284992 
514	 0,176322520106348 
515	 0,176609860840915 
516	 0,17708150974246 
517	 0,178044066931836 
518	 0,179825147540501 
519	 0,180501003332096 
520	 0,179890338216049 
521	 0,179210197450403 
522	 0,179104584143834 
523	 0,179919978378039 
524	 0,180267118666877 
525	 0,179985359761287 
526	 0,179196848182713 
527	 0,178662729814184 
528	 0,178638688549129 
529	 0,178681686223122 
530	 0,178632307895073 
531	 0,178359423225539 
532	 0,178465429278859 
533	 0,179047038830891 
534	 0,180089790640867 
535	 0,180455935442566 
536	 0,179638839001376 
537	 0,179496008049049 
538	 0,179791909759171 
539	 0,179549167164981 
540	 0,179756048400661 
541	 0,180361202300678 
542	 0,179771421061208 
543	 0,178932401734126 
544	 0,178851154795848 
545	 0,179588586138214 
546	 0,18076220314287 
547	 0,181435869792016 
548	 0,18155142089576 
549	 0,181156649751212 
550	 0,180990367669164 
551	 0,181111945371745 
552	 0,181454316493808 
553	 0,181814477676002 
554	 0,182012479604656 
555	 0,181637239553232 
556	 0,181486294676586 
557	 0,182084558396411 
558	 0,181233052735201 
559	 0,179414261850556 
560	 0,178766918027091 
561	 0,178264746237339 
562	 0,177655916705201 
563	 0,177717803233493 
564	 0,177839155131218 
565	 0,17714792542255 
566	 0,177093438375949 
567	 0,177740317574841 
568	 0,177849026350011 
569	 0,178299507070289 
570	 0,179632940803712 
571	 0,180756912999692 
572	 0,18179451628251 
573	 0,183377726134839 
574	 0,185267545579102 
575	 0,1872719817901 
576	 0,18885889905699 
577	 0,190329075439646 
578	 0,192071316776203 
579	 0,194288074314924 
580	 0,196561386084927 
581	 0,19737328466413 
582	 0,198563263910938 
583	 0,20096379482793 
584	 0,202130055167989 
585	 0,202724677733041 
586	 0,204523962090455 
587	 0,205717288211391 
588	 0,206093763503218 
589	 0,207233390171558 
590	 0,208393117343892 
591	 0,208876625763537 
592	 0,209975937572646 
593	 0,211293349244474 
594	 0,211036387063869 
595	 0,210827193051147 
596	 0,211343652385217 
597	 0,211723648854318 
598	 0,21163333455953 
599	 0,210687984121885 
600	 0,210409802424767 
601	 0,210855510917489 
602	 0,210467894451822 
603	 0,209544381920117 
604	 0,208436598968964 
605	 0,2081318726401 
606	 0,208215179444931 
607	 0,207213889690818 
608	 0,206246200853794 
609	 0,20567922713628 
610	 0,205151561373371 
611	 0,204450971273404 
612	 0,203355606434643 
613	 0,202257971569529 
614	 0,201371465500393 
615	 0,200925864820317 
616	 0,200804764526548 
617	 0,200838920364188 
618	 0,200341956007846 
619	 0,199542284474581 
620	 0,199106768688296 
621	 0,198563211350569 
622	 0,197996370025421 
623	 0,198452934296766 
624	 0,199107535113841 
625	 0,199074470706294 
626	 0,199077624488126 
627	 0,199295627726075 
628	 0,199855278130313 
629	 0,200099434784376 
630	 0,199898479013741 
631	 0,200980803677879 
632	 0,202591052815402 
633	 0,203183800726257 
634	 0,20404555080786 
635	 0,205323992656117 
636	 0,206057365065312 
637	 0,206907609001139 
638	 0,208416266674686 
639	 0,209880621215756 
640	 0,211054293368241 
641	 0,211662129667438 
642	 0,212196243186654 
643	 0,212942236171586 
644	 0,214186504826628 
645	 0,215348697506684 
646	 0,215666194596998 
647	 0,215890689018089 
648	 0,216001636551454 
649	 0,215247203153323 
650	 0,214409229128636 
651	 0,213889149844296 
652	 0,212172338684492 
653	 0,209864340761114 
654	 0,208640948239056 
655	 0,207210268665118 
656	 0,205277260273641 
657	 0,20360526110909 
658	 0,201743079126973 
659	 0,199204535296859 
660	 0,196589069376726 
661	 0,194090594280117 
662	 0,191787553400979 
663	 0,189691671824664 
664	 0,187762156537379 
665	 0,185636873335985 
666	 0,183610398010192 
667	 0,182175084657544 
668	 0,181281231312449 
669	 0,180728716554493 
670	 0,179846488248879 
671	 0,178880293443723 
672	 0,178084492493458 
673	 0,17786547829924 
674	 0,177930473051515 
675	 0,177421055815045 
676	 0,176886420498997 
677	 0,176590998958612 
678	 0,176824928850354 
679	 0,177154373859387 
680	 0,177049969965886 
681	 0,177557733519441 
682	 0,178698199309738 
683	 0,179626547997087 
684	 0,180963007865148 
685	 0,183096296741336 
686	 0,185928632414518 
687	 0,189302700285527 
688	 0,192964405940227 
689	 0,197093379172587 
690	 0,20202619919707 
691	 0,208774204979274 
692	 0,216531167651999 
693	 0,224592014126422 
694	 0,233928790535349 
695	 0,244495430788593 
696	 0,255699574801411 
697	 0,2679942074075 
698	 0,28145823656855 
699	 0,295522355925727 
700	 0,309826469008613 
701	 0,324022695374205 
702	 0,338161895857784 
703	 0,352297724808173 
704	 0,366799869450919 
705	 0,380799895451277 
706	 0,393714280384674 
707	 0,405852338303433 
708	 0,41746313277352 
709	 0,428892965064638 
710	 0,439854110788715 
711	 0,45021258449335 
712	 0,45982190338115 
713	 0,468765069789889 
714	 0,477087435665754 
715	 0,484630787215061 
716	 0,491664241798987 
717	 0,498933442861313 
718	 0,505307258606948 
719	 0,510511616677733 
720	 0,516030289292132 
721	 0,521406050286097 
722	 0,52589233421245 
723	 0,529867254153205 
724	 0,533441992672144 
725	 0,5365919314344 
726	 0,539699852724011 
727	 0,542967808876867 
728	 0,545870398282302 
729	 0,548371242834836 
730	 0,55057508051472 
731	 0,552214421401912 
732	 0,553492762707949 
733	 0,55557091883415 
734	 0,557497894208339 
735	 0,558479784536106 
736	 0,559816345865666 
737	 0,561451021430632 
738	 0,562671703258149 
739	 0,563700607865296 
740	 0,564569433042968 
741	 0,565028307499637 
742	 0,565605347561791 
743	 0,566897465312679 
744	 0,567700143050468 
745	 0,567989063482602 
746	 0,568551969334496 
747	 0,569356678941712 
748	 0,570298749417197 
749	 0,57068924834506 
750	 0,570787523921593 
751	 0,57112047292262 
752	 0,571437828876313 
753	 0,571790473207676 
754	 0,572610884137291 
755	 0,573246649994246 
756	 0,573280942211428 
757	 0,573603581218212 
758	 0,574094420572832 
759	 0,574205981493142 
760	 0,57442389102826 
761	 0,57477755500674 
762	 0,574626513256152 
763	 0,574521489019118 
764	 0,57496829953049 
765	 0,575143833509213 
766	 0,575128263204583 
767	 0,57558286592806 
768	 0,57588836114597 
769	 0,57585833548474 
770	 0,575949314448668 
771	 0,576057137002114 
772	 0,576021535226096 
773	 0,576104509550879 
774	 0,576352719042953 
775	 0,576764166945621 
776	 0,576914702853584 
777	 0,576706457603887 
778	 0,577249537672306 
779	 0,577769733333959 
780	 0,576957588603686 
781	 0,576781290248877 
782	 0,577472119971626 
783	 0,577886653131559 
784	 0,577970659614803 
785	 0,577757650024965 
786	 0,577971913065975 
787	 0,578314366461651 
788	 0,578039660354288 
789	 0,578046338391983 
790	 0,578393492719938 
791	 0,578112136500957 
792	 0,577902423863289 
793	 0,578294342257851 
794	 0,578538309725163 
795	 0,578502595654505 
796	 0,578134494136565 
797	 0,578166898871384 
798	 0,57867314543163 
799	 0,578639594644096 
800	 0,578493143590544 
801	 0,578644211918653 
802	 0,578330561043101 
803	 0,577856588638429 
804	 0,578333546391655 
805	 0,578858579194517 
806	 0,579063470648167 
807	 0,578907285912256 
808	 0,578860968657961 
809	 0,579396700395262 
810	 0,579655080842874 
811	 0,57961834686103 
812	 0,579785170727119 
813	 0,579887770530591 
814	 0,579831363347965 
815	 0,579689206636403 
816	 0,579630405388858 
817	 0,579842341187544 
818	 0,580371540325855 
819	 0,58091585506242 
820	 0,580547957673069 
821	 0,580363042396535 
822	 0,580802830907074 
823	 0,581033029017966 
824	 0,581051162465841 
825	 0,580966067038881 
826	 0,580900591279304 
827	 0,580970609445075 
828	 0,581429135932191 
829	 0,581735740389471 
830	 0,581618109019942 
831	 0,581391341293737 
832	 0,581179905129811 
833	 0,581097131182578 
834	 0,581290980366771 
835	 0,581651359161313 
836	 0,581722001994309 
837	 0,581709203495553 
838	 0,581735473355106 
839	 0,581829834030762 
840	 0,581967375632652 
841	 0,5821057716365 
842	 0,582004581333876 
843	 0,581805535078592 
844	 0,582236396495502 
845	 0,582369204351582 
846	 0,58185275764929 
847	 0,582113569227653 
848	 0,58263035518438 
849	 0,582455935863796 
850	 0,582268927779228 
851	 0,582199575745078 
852	 0,582050570806931 
853	 0,582212464752249 
854	 0,582761748233349 
855	 0,582689592144865 
856	 0,582419484406241 
857	 0,582679579634807 
858	 0,582451811968376 
859	 0,581791734806979 
860	 0,58156012819109 
861	 0,58192183832028 
862	 0,582754627751999 
863	 0,582573390202092 
864	 0,582142451511717 
865	 0,582643012952407 
866	 0,582726676584715 
867	 0,582458856743916 
868	 0,583031430298148 
869	 0,583485913391641 
870	 0,583454898328212 
871	 0,583812036195826 
872	 0,583867011556043 
873	 0,582779537844777 
874	 0,582751315451912 
875	 0,583601436211397 
876	 0,58333409921455 
877	 0,583026224702696 
878	 0,583082658068646 
879	 0,583243410092594 
880	 0,583176179357903 
881	 0,582622769299201 
882	 0,583243183916573 
883	 0,584401424948872 
884	 0,583504908328291 
885	 0,582703101255285 
886	 0,582734512094893 
887	 0,583058403114943 
888	 0,583438578651362 
889	 0,58364959216677 
890	 0,583527133778736 
891	 0,583152410480334 
892	 0,582717224246468 
893	 0,582706135632517 
894	 0,583173278408068 
895	 0,583572255794231 
896	 0,583564724074256 
897	 0,583022636350212 
898	 0,583259935776855 
899	 0,583705857842365 
900	 0,58294868466891 
901	 0,582754382691512 
902	 0,583313990687508 
903	 0,583302150981767 
904	 0,58340414714144 
905	 0,583910098126646 
906	 0,583591098506022 
907	 0,583219893536122 
908	 0,584070784514544 
909	 0,583972869841634 
910	 0,58296254422173 
911	 0,582873499071211 
912	 0,582936757607728 
913	 0,582889350118384 
914	 0,583357871608219 
915	 0,583675798690892 
916	 0,583100618482377 
917	 0,582432418665997 
918	 0,582006807791959 
919	 0,582170173522881 
920	 0,582657818443303 
921	 0,583168387396205 
922	 0,582930585963119 
923	 0,582355590146408 
924	 0,581904103217761 
925	 0,582387077766589 
926	 0,582622368469876 
927	 0,580217082798982 
928	 0,579361693764001 
929	 0,580554128299442 
930	 0,580808604190049 
931	 0,580932185710395 
932	 0,581285637944343 
933	 0,581152101802736 
934	 0,580800534491901 
935	 0,580660301077173 
936	 0,580374694135631 
937	 0,579720049873045 
938	 0,578119807360092 
939	 0,577438209990783 
940	 0,578035172315181 
941	 0,577756618851133 
942	 0,576637804399502 
943	 0,574989990859189 
944	 0,574567891931081 
945	 0,574662530925651 
946	 0,573345266753263 
947	 0,573047820263648 
948	 0,573404674214321 
949	 0,570397653732823 
950	 0,568065467848903 
951	 0,568475776937403 
952	 0,568875248119741 
953	 0,567954117611056 
954	 0,564703207263617 
955	 0,563472283881031 
956	 0,564266439680905 
957	 0,564653769128794 
958	 0,564082382572892 
959	 0,562678781289638 
960	 0,562505739949166 
961	 0,562695383975868 
962	 0,562440647105045 
963	 0,561368413407376 
964	 0,559885940807029 
965	 0,558685710879386 
966	 0,5596133895867 
967	 0,561753849277208 
968	 0,560721643175018 
969	 0,560215457652247 
970	 0,561190734064965 
971	 0,55968030289657 
972	 0,558558736999028 
973	 0,560364759555866 
974	 0,561008611241744 
975	 0,56077023499535 
976	 0,561466182506907 
977	 0,560398374854576 
978	 0,558068656535365 
979	 0,558682683899123 
980	 0,55924833309482 
981	 0,558566805286906 
982	 0,558815610404759 
983	 0,56000820692942 
984	 0,561740954274207 
985	 0,560848445328557 
986	 0,559083976965178 
987	 0,56110070985965 
988	 0,56095173542649 
989	 0,558571976064414 
990	 0,559964596798351 
991	 0,561783877805021 
992	 0,562395969831251 
993	 0,563354344060488 
994	 0,564667460149916 
995	 0,566168085592982 
996	 0,567566219258137 
997	 0,56818940741012 
998	 0,566856067590608 
999	 0,566501572379921 
1000	 0,567773527307417 
1001	 0,569654792683724 
1002	 0,570651927423172 
1003	 0,570092681757589 
1004	 0,568861025259969 
1005	 0,568824554690535 
1006	 0,571314089442203 
1007	 0,571380640372418 
1008	 0,570346364649926 
1009	 0,572057119287697 
1010	 0,573576330303564 
1011	 0,573726070015475 
1012	 0,57127457448773 
1013	 0,569604271739478 
1014	 0,570276827060761 
1015	 0,572343729286545 
1016	 0,574031053200483 
1017	 0,574197710320811 
1018	 0,576351819394078 
1019	 0,578481792163303 
1020	 0,577038656472573 
1021	 0,577261062036123 
1022	 0,579289586606925 
1023	 0,580056165645056 
1024	 0,579282685896341 
1025	 0,577472936095316 
1026	 0,57789425631789 
1027	 0,576893269028807 
1028	 0,573397362058655 
1029	 0,577779611224933 
1030	 0,583378703466465 
1031	 0,581489082826185 
1032	 0,579389594074747 
1033	 0,578857121326046 
1034	 0,580636019261822 
1035	 0,581357071988957 
1036	 0,580989838901904 
1037	 0,583402338996967 
1038	 0,584811246632545 
1039	 0,584000047112829 
1040	 0,583865953847898 
1041	 0,585786891052361 
1042	 0,589479410535216 
1043	 0,583805211158114 
1044	 0,577268612348343 
1045	 0,58292062168836 
1046	 0,588292932570277 
1047	 0,589651700678086 
1048	 0,584663956576224 
1049	 0,581364046860996 
1050	 0,582174916426089 
1051	 0,584925952442296 
1052	 0,585719159007884 
1053	 0,583250747692181 
1054	 0,583908955898181 
1055	 0,581119498121142 
1056	 0,571443872350426 
1057	 0,577694499044965 
1058	 0,590924288540065 
1059	 0,594694819825684 
1060	 0,592391810416742 
1061	 0,585319903882907 
1062	 0,57486498552907 
1063	 0,577667221985126 
1064	 0,59156030556032 
1065	 0,589478310604583 
1066	 0,582438899795687 
1067	 0,575219222465898 
1068	 0,563122104576848 
1069	 0,561413797684087 
1070	 0,577618266285619 
1071	 0,580183737884883 
1072	 0,578136650346908 
1073	 0,586277149856478 
1074	 0,585757863631552 
1075	 0,578541316707585 
