Wavelength	AULNE200323.asd
325	 0,221953096759757 
326	 0,205282396479614 
327	 0,230561777415779 
328	 0,299300365338236 
329	 0,244384407960735 
330	 0,157198647389138 
331	 0,153898268339611 
332	 0,100471658619631 
333	 3,54532202860146E-02 
334	 0,109945161220502 
335	 0,151694849371833 
336	 0,130270659893622 
337	 0,129513879457859 
338	 8,60211391721768E-02 
339	-4,71415684447396E-02 
340	-2,14760719174338E-02 
341	 9,63025302174759E-02 
342	 0,105770023177955 
343	 5,59139295614943E-02 
344	-2,27436861027293E-02 
345	 4,30683610620798E-02 
346	 8,99528458059912E-02 
347	-1,43119531018958E-03 
348	 7,14068715272553E-03 
349	 8,52737826547901E-02 
350	 4,93127542665039E-02 
351	 1,62822685367396E-02 
352	 2,19846093347869E-02 
353	 4,30184268561998E-04 
354	-9,9989515057228E-03 
355	 3,32360766918768E-02 
356	 5,36811141405632E-02 
357	 4,36968079572175E-02 
358	 2,91408475334676E-02 
359	 2,45565257018747E-02 
360	 3,34589321182381E-02 
361	 2,15021262889606E-02 
362	 1,06359554120971E-02 
363	 3,28298572520615E-02 
364	 4,73890740055348E-02 
365	 4,40092962094855E-02 
366	 2,44731206249312E-02 
367	 1,96243078590078E-02 
368	 4,16950556227754E-02 
369	 4,43275717809996E-02 
370	 3,23990333830147E-02 
371	 0,026814111348354 
372	 9,34723077413823E-03 
373	-1,23720862050712E-02 
374	 1,48781727471729E-02 
375	 3,09065460790376E-02 
376	-3,81131792716894E-03 
377	-2,14878588459022E-03 
378	 2,05312435462957E-02 
379	-9,45765988247581E-04 
380	 2,07028201936589E-03 
381	 3,69025188962172E-02 
382	 3,20270993692049E-02 
383	 2,17963276144206E-02 
384	 4,01231320615117E-02 
385	 4,58383997126626E-02 
386	 3,73317089294104E-02 
387	 2,39950734639187E-02 
388	 2,01535871904598E-02 
389	 3,05490835992617E-02 
390	 3,46263113526113E-02 
391	 3,45539414340605E-02 
392	 3,50981163783803E-02 
393	 3,51844443615726E-02 
394	 3,33295129386198E-02 
395	 2,48891287073427E-02 
396	 1,81394123461246E-02 
397	 1,75621025990187E-02 
398	 0,024092850064621 
399	 2,80435723289372E-02 
400	 1,45488975458773E-02 
401	 1,76268465703802E-02 
402	 0,034538689217047 
403	 2,21587199722312E-02 
404	 1,21256208025092E-02 
405	 2,44026658513847E-02 
406	 3,01844936201994E-02 
407	 2,78037346075999E-02 
408	 2,24959823201924E-02 
409	 1,86671073446711E-02 
410	 1,77324016009877E-02 
411	 1,68158061724487E-02 
412	 0,017210814734168 
413	 0,020012252823227 
414	 2,15984915801794E-02 
415	 2,14642288413514E-02 
416	 1,98066866980689E-02 
417	 1,97242439308883E-02 
418	 2,13053263315829E-02 
419	 1,55650776454243E-02 
420	 1,08365404532265E-02 
421	 1,82234597712941E-02 
422	 2,41350913403876E-02 
423	 0,02448122075543 
424	 1,56909784141471E-02 
425	 1,16593645716787E-02 
426	 1,92507969024109E-02 
427	 2,13232151152692E-02 
428	 1,87007269129023E-02 
429	 1,73216533773897E-02 
430	 1,43897643083524E-02 
431	 1,10290012957204E-02 
432	 1,41694031952854E-02 
433	 0,018931031588932 
434	 2,07298159978302E-02 
435	 2,18828089696003E-02 
436	 2,14385518323269E-02 
437	 1,53942014754126E-02 
438	 0,011981415065405 
439	 1,42666041029257E-02 
440	 1,75058693603756E-02 
441	 1,92885543919844E-02 
442	 1,73886757322693E-02 
443	 1,50058823673579E-02 
444	 0,013486421605421 
445	 1,38230392382133E-02 
446	 1,55014324437915E-02 
447	 1,76160391095406E-02 
448	 0,015960611469299 
449	 1,25951429390762E-02 
450	 1,22165755411686E-02 
451	 1,47107477881004E-02 
452	 1,86010373216519E-02 
453	 0,017220670669197 
454	 1,55285795593731E-02 
455	 1,82132015052061E-02 
456	 2,08971178071238E-02 
457	 2,13884005863738E-02 
458	 1,55472878647637E-02 
459	 1,32182508330507E-02 
460	 1,75771279507048E-02 
461	 1,84357285398364E-02 
462	 1,74457759679489E-02 
463	 1,81040210535628E-02 
464	 1,79252303943994E-02 
465	 1,71980907658908E-02 
466	 1,91432489146968E-02 
467	 1,96947506613626E-02 
468	 1,67448637302211E-02 
469	 1,72061256458292E-02 
470	 1,94872666605728E-02 
471	 1,84351319707603E-02 
472	 1,72276807821357E-02 
473	 1,66523002773293E-02 
474	 1,55167146126925E-02 
475	 1,50669206372697E-02 
476	 0,01642299176184 
477	 1,54830745317119E-02 
478	 1,33291836942791E-02 
479	 1,56265999678666E-02 
480	 1,64844170602536E-02 
481	 1,38018960578163E-02 
482	 1,31982114443245E-02 
483	 1,42092805342856E-02 
484	 1,52543370444156E-02 
485	 1,49467189686572E-02 
486	 1,37328178374025E-02 
487	 1,50480023447772E-02 
488	 1,65587404737356E-02 
489	 1,64159427130451E-02 
490	 1,48859339554397E-02 
491	 1,29181546593463E-02 
492	 1,21300754381586E-02 
493	 1,34416426135613E-02 
494	 1,66126251815315E-02 
495	 1,87673882553222E-02 
496	 1,87650683376429E-02 
497	 1,57463629474514E-02 
498	 1,57849121138782E-02 
499	 1,79386228787777E-02 
500	 1,43013946326152E-02 
501	 1,19711823811121E-02 
502	 1,44244069134695E-02 
503	 1,47736337408898E-02 
504	 1,42097743328503E-02 
505	 1,65696549682921E-02 
506	 1,68136011139242E-02 
507	 1,45071683027048E-02 
508	 1,45778863065115E-02 
509	 1,49834936295284E-02 
510	 0,013820788566241 
511	 1,37523953757289E-02 
512	 0,014797756772324 
513	 1,58551555834594E-02 
514	 1,64298336226298E-02 
515	 1,61813422357211E-02 
516	 1,46592405996293E-02 
517	 1,37112140256006E-02 
518	 1,59354587179151E-02 
519	 1,64350085422106E-02 
520	 1,49738407899597E-02 
521	 1,56280313929829E-02 
522	 1,65819468186841E-02 
523	 1,65070448911629E-02 
524	 1,63638403963531E-02 
525	 1,61251013879601E-02 
526	 1,52837051107842E-02 
527	 1,50380542812011E-02 
528	 1,55490272896644E-02 
529	 1,51792213541191E-02 
530	 1,45866564196503E-02 
531	 0,014646410029945 
532	 1,46569734104387E-02 
533	 1,48003140230689E-02 
534	 0,01640492978417 
535	 1,67951029803872E-02 
536	 1,47847707697726E-02 
537	 1,45315934772004E-02 
538	 1,55732190035979E-02 
539	 0,016044100773392 
540	 1,59343189594701E-02 
541	 1,53127837962817E-02 
542	 1,48967746953834E-02 
543	 1,44848762525336E-02 
544	 1,38985777862094E-02 
545	 1,45625633181727E-02 
546	 1,59425869794476E-02 
547	 1,58776982506215E-02 
548	 1,55124103953114E-02 
549	 1,53203767083639E-02 
550	 1,44623727414388E-02 
551	 1,39134658071268E-02 
552	 1,53117284226792E-02 
553	 1,62115688876747E-02 
554	 1,60098979017481E-02 
555	 1,53478684245956E-02 
556	 1,52654277382636E-02 
557	 1,64669925557869E-02 
558	 1,66424525494363E-02 
559	 1,59511550523782E-02 
560	 1,59041317377155E-02 
561	 1,57570519658315E-02 
562	 1,53435057391966E-02 
563	 1,52510396436071E-02 
564	 1,53695187139853E-02 
565	 1,54729909684634E-02 
566	 1,63213297883856E-02 
567	 1,76457280080457E-02 
568	 1,79000842455562E-02 
569	 1,79824635906004E-02 
570	 1,84904406607782E-02 
571	 1,87543214788545E-02 
572	 1,87839347131893E-02 
573	 1,88029110081115E-02 
574	 1,87774660136168E-02 
575	 1,87753001024924E-02 
576	 0,019065961949968 
577	 1,95435883723744E-02 
578	 0,02005757882993 
579	 0,020415936069694 
580	 2,04182826907765E-02 
581	 1,95861968561411E-02 
582	 1,89313519651143E-02 
583	 1,90410647368707E-02 
584	 1,93653173624036E-02 
585	 1,97459530226033E-02 
586	 2,00644970946217E-02 
587	 2,02524856878642E-02 
588	 2,03622104486758E-02 
589	 2,08539795039538E-02 
590	 2,09612315084054E-02 
591	 2,00439370344289E-02 
592	 1,99671365354052E-02 
593	 2,04391911452016E-02 
594	 1,94533717109008E-02 
595	 1,91275181242893E-02 
596	 2,01682915652419E-02 
597	 0,020328690098112 
598	 1,97245229126337E-02 
599	 1,88857839986528E-02 
600	 1,84772531552961E-02 
601	 1,85971726629866E-02 
602	 1,86402685264685E-02 
603	 1,86853147121601E-02 
604	 0,01877801698943 
605	 1,85803626395686E-02 
606	 1,84011379434633E-02 
607	 1,92909606213459E-02 
608	 1,93378589937157E-02 
609	 1,81401942215497E-02 
610	 1,79584953881164E-02 
611	 1,83276530788677E-02 
612	 0,018428763720867 
613	 1,85014739919258E-02 
614	 1,84188576050895E-02 
615	 1,75793161107396E-02 
616	 1,71372029900229E-02 
617	 0,017715972367673 
618	 1,76798453610064E-02 
619	 1,73305723401554E-02 
620	 1,78264926901377E-02 
621	 1,76414121309239E-02 
622	 0,016749815975921 
623	 1,76314735131919E-02 
624	 1,84106513886784E-02 
625	 1,71433708935876E-02 
626	 1,75104412110046E-02 
627	 1,91920061586972E-02 
628	 1,89858643101247E-02 
629	 1,82970747907478E-02 
630	 1,79490027303007E-02 
631	 1,86182331833707E-02 
632	 1,93918709888863E-02 
633	 1,86042970431952E-02 
634	 1,88849711038678E-02 
635	 2,03589028003617E-02 
636	 2,01250529457017E-02 
637	 1,99665135251193E-02 
638	 2,13342678540268E-02 
639	 2,18523225195864E-02 
640	 2,15326962048955E-02 
641	 2,15439748650243E-02 
642	 0,021310382189997 
643	 2,08971794548636E-02 
644	 2,18325715328575E-02 
645	 2,30900214740795E-02 
646	 0,023187871795138 
647	 2,31388177304017E-02 
648	 2,30862540810255E-02 
649	 0,022543410701935 
650	 2,24295818500538E-02 
651	 2,31991535879537E-02 
652	 2,29730996972376E-02 
653	 2,21455876221508E-02 
654	 2,21033210155084E-02 
655	 2,20424990108075E-02 
656	 2,18085022625166E-02 
657	 2,18780724137123E-02 
658	 2,20107073575106E-02 
659	 2,19228411520224E-02 
660	 0,021408171899065 
661	 2,06325057368851E-02 
662	 2,01842885346427E-02 
663	 1,97724754827275E-02 
664	 1,92875775192107E-02 
665	 1,89716944265638E-02 
666	 1,87563364230978E-02 
667	 1,84916640413095E-02 
668	 1,82796729948464E-02 
669	 1,82198537397118E-02 
670	 1,86580643709169E-02 
671	 1,88251152843745E-02 
672	 1,81830497577917E-02 
673	 1,81543472538211E-02 
674	 1,83914783386323E-02 
675	 1,72884732962707E-02 
676	 1,69436343426363E-02 
677	 1,78760524624174E-02 
678	 1,83038491210683E-02 
679	 1,81967522296965E-02 
680	 1,77191734762882E-02 
681	 1,81244077282364E-02 
682	 1,91377391760361E-02 
683	 1,88308187936944E-02 
684	 1,85102764858161E-02 
685	 1,88876376215941E-02 
686	 1,90906900796128E-02 
687	 1,90652007709998E-02 
688	 1,88794216428228E-02 
689	 1,90153992403458E-02 
690	 1,96601319734347E-02 
691	 2,08422655650783E-02 
692	 2,19183470117198E-02 
693	 0,022389983913995 
694	 2,35595404920428E-02 
695	 2,55179214617502E-02 
696	 2,78117191288608E-02 
697	 3,03206482633819E-02 
698	 3,30510889550109E-02 
699	 0,036540293930537 
700	 4,02939493435032E-02 
701	 4,36227629493447E-02 
702	 4,79624352675167E-02 
703	 0,053342458674486 
704	 5,86080046951541E-02 
705	 6,41406708017528E-02 
706	 7,01078756833353E-02 
707	 7,58474861213938E-02 
708	 8,17166346171216E-02 
709	 8,85412275303359E-02 
710	 9,55778072733666E-02 
711	 0,102485655000592 
712	 0,1090060317411 
713	 0,115332059131107 
714	 0,121649342453171 
715	 0,12819011289876 
716	 0,134781080374076 
717	 0,140763482331605 
718	 0,146859042892777 
719	 0,153200085452749 
720	 0,158799838754831 
721	 0,163785409073712 
722	 0,168455080180514 
723	 0,173186124282429 
724	 0,177876981371542 
725	 0,181775864821767 
726	 0,18548659501622 
727	 0,189327938833683 
728	 0,192560061243225 
729	 0,195401435949315 
730	 0,198437368023374 
731	 0,201017186330201 
732	 0,203146886051457 
733	 0,205704913987949 
734	 0,208195442303577 
735	 0,21016134566066 
736	 0,211773373772735 
737	 0,213277779334874 
738	 0,21523844733887 
739	 0,216912023244991 
740	 0,218063350416837 
741	 0,219082728522738 
742	 0,220218333241114 
743	 0,221697608831474 
744	 0,222758217634665 
745	 0,223469144560471 
746	 0,224617660437501 
747	 0,225746544708148 
748	 0,226627638829648 
749	 0,227494488305673 
750	 0,228310996985176 
751	 0,228986013932273 
752	 0,229573758754045 
753	 0,230108703508211 
754	 0,230680500497775 
755	 0,231058085836398 
756	 0,231147690969587 
757	 0,231723915518405 
758	 0,232594410777489 
759	 0,233128027900712 
760	 0,233582062387538 
761	 0,234016976570567 
762	 0,234419950833222 
763	 0,234688119193188 
764	 0,234752017408258 
765	 0,235016986958504 
766	 0,235522515456182 
767	 0,236203202252405 
768	 0,2365819931485 
769	 0,236581951507283 
770	 0,237100566719266 
771	 0,237590531035873 
772	 0,237348546335499 
773	 0,237459525319083 
774	 0,237984323256828 
775	 0,238341801525151 
776	 0,238486054602468 
777	 0,23846034223739 
778	 0,238844385374076 
779	 0,239388323663095 
780	 0,239635546733447 
781	 0,239657541095956 
782	 0,239631840742473 
783	 0,240169553762182 
784	 0,240517966118765 
785	 0,240286001027394 
786	 0,24067956760066 
787	 0,241361273421134 
788	 0,241444421966319 
789	 0,241330104248761 
790	 0,241243172285522 
791	 0,241646322287499 
792	 0,241914058606641 
793	 0,241603035483327 
794	 0,241666599966154 
795	 0,242055743218428 
796	 0,242336440954714 
797	 0,242463546481569 
798	 0,242448918272375 
799	 0,242511980912331 
800	 0,242675169932018 
801	 0,242942875026572 
802	 0,243229346239961 
803	 0,243535978163493 
804	 0,24397195920534 
805	 0,244147023940713 
806	 0,244035973940625 
807	 0,244386292197081 
808	 0,244790576581418 
809	 0,244777196930958 
810	 0,244814006650945 
811	 0,245048603821154 
812	 0,245679483360583 
813	 0,245949933256995 
814	 0,245642054765619 
815	 0,245570383753895 
816	 0,245965107376296 
817	 0,246967133710141 
818	 0,247378810900476 
819	 0,247202084981205 
820	 0,247382652487034 
821	 0,247467841999952 
822	 0,247343425246226 
823	 0,247581047893775 
824	 0,247924230136848 
825	 0,247978499668676 
826	 0,248271843564414 
827	 0,248752500586438 
828	 0,248873811770999 
829	 0,248929646011412 
830	 0,249071700077155 
831	 0,249251623978834 
832	 0,249377100883927 
833	 0,249331051259996 
834	 0,249555023489326 
835	 0,249967249835954 
836	 0,24990995741699 
837	 0,249886724297193 
838	 0,250183390140406 
839	 0,250774898045731 
840	 0,251209994064093 
841	 0,250884123359018 
842	 0,250605740618087 
843	 0,250593482880509 
844	 0,250761128354221 
845	 0,25111904815383 
846	 0,251565351640803 
847	 0,25139932897862 
848	 0,25124121320957 
849	 0,252054429660303 
850	 0,25241926539666 
851	 0,252140599206945 
852	 0,251821723809276 
853	 0,251589039478394 
854	 0,251584660769326 
855	 0,252121717264268 
856	 0,252572055828537 
857	 0,25206633965178 
858	 0,251540876001928 
859	 0,251504225486621 
860	 0,252821759065859 
861	 0,253706148978051 
862	 0,253333551097862 
863	 0,253251438389167 
864	 0,253153064802895 
865	 0,252456079953375 
866	 0,252758275410846 
867	 0,253841932587914 
868	 0,253884170384286 
869	 0,253822716250884 
870	 0,253985177632188 
871	 0,253534172753481 
872	 0,253261111479769 
873	 0,254128386773472 
874	 0,254216840146784 
875	 0,253722047070237 
876	 0,25452903857782 
877	 0,255121004688126 
878	 0,254929849767687 
879	 0,254612940071634 
880	 0,254432720529524 
881	 0,254606587968893 
882	 0,254945175663765 
883	 0,255238084704624 
884	 0,255008005594696 
885	 0,255069154459881 
886	 0,255615941581867 
887	 0,255993991632423 
888	 0,256133324963841 
889	 0,256028463400376 
890	 0,256015121690047 
891	 0,25600669216797 
892	 0,255616203906032 
893	 0,25556212267874 
894	 0,255974866076901 
895	 0,256318301580118 
896	 0,256400791115574 
897	 0,256152849450227 
898	 0,256328091717858 
899	 0,256548130851145 
900	 0,25591806693042 
901	 0,255522127565383 
902	 0,255616538078937 
903	 0,255880218324343 
904	 0,256093211701321 
905	 0,256111173352095 
906	 0,255991929099988 
907	 0,256112547528517 
908	 0,256973174914168 
909	 0,256407293384585 
910	 0,255003426490758 
911	 0,256416885098974 
912	 0,257470210127491 
913	 0,256856899080942 
914	 0,256521952271639 
915	 0,256438609351066 
916	 0,256370731854655 
917	 0,255744793744257 
918	 0,254941791468113 
919	 0,255186867978842 
920	 0,255794721108608 
921	 0,256276242065502 
922	 0,255586304420871 
923	 0,254849800054061 
924	 0,25495794476513 
925	 0,254626001763411 
926	 0,253822487410396 
927	 0,252843604416408 
928	 0,252008486369279 
929	 0,251591560083877 
930	 0,252120574840094 
931	 0,252574944830197 
932	 0,25220601389413 
933	 0,250518704427419 
934	 0,248783851519303 
935	 0,248643658127593 
936	 0,248629630978643 
937	 0,248149642386243 
938	 0,246457508693875 
939	 0,245152146220741 
940	 0,244867589877934 
941	 0,245211599068727 
942	 0,245410107410649 
943	 0,244718052377558 
944	 0,242582540014578 
945	 0,240106463244219 
946	 0,239462843889664 
947	 0,238411648957597 
948	 0,236468316171314 
949	 0,23434302683153 
950	 0,232350307098058 
951	 0,230818488860244 
952	 0,230601931701569 
953	 0,229743924758056 
954	 0,226021390135726 
955	 0,22437445947967 
956	 0,224481959593267 
957	 0,222664419978366 
958	 0,221054206901378 
959	 0,220264373171805 
960	 0,219799165731151 
961	 0,219201109855364 
962	 0,21822700989064 
963	 0,217969327233875 
964	 0,217834396594498 
965	 0,216719390052133 
966	 0,214983608935273 
967	 0,213454100512622 
968	 0,214095374715917 
969	 0,216096727070643 
970	 0,21844119769436 
971	 0,218416427999671 
972	 0,216375425138587 
973	 0,213326997537665 
974	 0,214023586961048 
975	 0,216464777994566 
976	 0,215533047405219 
977	 0,215758198372946 
978	 0,217419870740974 
979	 0,217501339858208 
980	 0,216070726735886 
981	 0,21380678806337 
982	 0,214260093863161 
983	 0,215893047852399 
984	 0,21668859078317 
985	 0,215433257219953 
986	 0,2136430704004 
987	 0,214651778003424 
988	 0,216999618623721 
989	 0,219636323756812 
990	 0,220744809513153 
991	 0,220387788384593 
992	 0,219000135039161 
993	 0,218708642291734 
994	 0,219293903518826 
995	 0,220304938335848 
996	 0,221994749867974 
997	 0,224241511808802 
998	 0,22694934061948 
999	 0,225835728522329 
1000	 0,222347865490103 
1001	 0,226177497720386 
1002	 0,230382716265112 
1003	 0,231164281038547 
1004	 0,228239508355346 
1005	 0,226015039125462 
1006	 0,22850276201942 
1007	 0,230416636848868 
1008	 0,23179424379828 
1009	 0,234390737961728 
1010	 0,234725249427466 
1011	 0,233136600135287 
1012	 0,234171425278964 
1013	 0,233294787785344 
1014	 0,230119517290468 
1015	 0,233261108163451 
1016	 0,236787566226022 
1017	 0,23590937492647 
1018	 0,238113154503081 
1019	 0,240352200874751 
1020	 0,236866498929843 
1021	 0,238675728425675 
1022	 0,244243011983623 
1023	 0,241484774442016 
1024	 0,240201163411143 
1025	 0,243119204793057 
1026	 0,246976581343678 
1027	 0,247813169909075 
1028	 0,244010905065549 
1029	 0,242966139419649 
1030	 0,245184280276366 
1031	 0,249750050988172 
1032	 0,251362270346514 
1033	 0,251285739914147 
1034	 0,254528725419467 
1035	 0,253396956840683 
1036	 0,248402535126267 
1037	 0,249017028289763 
1038	 0,251758965398503 
1039	 0,254711800902058 
1040	 0,256510136788205 
1041	 0,258074232719481 
1042	 0,25998522280444 
1043	 0,259908465910645 
1044	 0,259077126573091 
1045	 0,259630422563675 
1046	 0,263250742084593 
1047	 0,266466216645119 
1048	 0,25981296752414 
1049	 0,260282984649669 
1050	 0,268202685403563 
1051	 0,263687598061601 
1052	 0,258098699107326 
1053	 0,257664515966031 
1054	 0,262004044133452 
1055	 0,265905210487695 
1056	 0,265464805043046 
1057	 0,267948180229412 
1058	 0,272765855100099 
1059	 0,277478229045247 
1060	 0,273407469570525 
1061	 0,263537408173426 
1062	 0,258918278037262 
1063	 0,260566183806947 
1064	 0,266415911242247 
1065	 0,26783662184174 
1066	 0,262396623264168 
1067	 0,253455498039001 
1068	 0,262493455183945 
1069	 0,274244916570806 
1070	 0,275714173766159 
1071	 0,263994823601162 
1072	 0,254473930745893 
1073	 0,265851799331552 
1074	 0,275834009004986 
1075	 0,278842819916441 
