Wavelength	AULNE200427.asd
325	 0,423361128392518 
326	 0,338264660513109 
327	 0,261824928165796 
328	 0,248472981685332 
329	 0,240623147912962 
330	 0,216374088823501 
331	 0,168708165090377 
332	 0,101120001373971 
333	 7,13366825135548E-02 
334	 0,250296625260469 
335	 0,298007474006404 
336	 0,186561632089749 
337	 0,190676182198441 
338	 0,173111667753652 
339	 9,98410605655072E-03 
340	 3,25513074567299E-02 
341	 0,165137820913598 
342	 0,153252639711563 
343	 0,131688225991786 
344	 0,133759818481198 
345	 0,138264261839486 
346	 0,115172011014298 
347	 4,43472730635591E-02 
348	 7,45792483776113E-02 
349	 0,161632112065693 
350	 0,134721705125911 
351	 9,08612607364046E-02 
352	 6,64989273850895E-02 
353	 5,18224616671039E-02 
354	 4,62442651613689E-02 
355	 4,75121796193806E-02 
356	 6,40956711673051E-02 
357	 8,88391649499553E-02 
358	 0,102025638967148 
359	 7,98562799063359E-02 
360	 2,21964209214472E-02 
361	 0,025222548465851 
362	 6,16623833303625E-02 
363	 8,27330835831739E-02 
364	 8,73077692484216E-02 
365	 7,61437153865273E-02 
366	 6,25385583429829E-02 
367	 5,55840103824975E-02 
368	 5,69707613330671E-02 
369	 3,86705255546825E-02 
370	 1,39314196925008E-02 
371	 1,62313355085591E-02 
372	 2,65772606137467E-02 
373	 3,76096857348304E-02 
374	 4,64304128676882E-02 
375	 3,93908451365963E-02 
376	 9,79974376690235E-03 
377	 1,34633120167578E-02 
378	 4,01382319981853E-02 
379	 5,25151058643548E-02 
380	 6,01448941296193E-02 
381	 6,09586071444984E-02 
382	 4,34268020848452E-02 
383	 3,33814104946991E-02 
384	 5,50821012396546E-02 
385	 6,43985613257268E-02 
386	 5,65636824495725E-02 
387	 3,58283476292051E-02 
388	 0,026809590406244 
389	 3,82336572320007E-02 
390	 0,0418510106318 
391	 3,67657152185124E-02 
392	 2,57531007278254E-02 
393	 2,41914067223339E-02 
394	 0,031235621360309 
395	 0,034731707578979 
396	 3,38097342146909E-02 
397	 0,030257374949988 
398	 4,16423952862143E-02 
399	 5,36350253043102E-02 
400	 4,23614895056446E-02 
401	 0,034237887333185 
402	 3,29240688517399E-02 
403	 2,47576033685791E-02 
404	 1,91401892527928E-02 
405	 2,22455866015296E-02 
406	 3,01772214310686E-02 
407	 3,63783006835677E-02 
408	 0,029125910153186 
409	 2,84379467054231E-02 
410	 3,62052887078986E-02 
411	 3,09097374585594E-02 
412	 2,51097804391218E-02 
413	 0,030942252621227 
414	 3,62652885936481E-02 
415	 3,76788941345473E-02 
416	 3,18416796956923E-02 
417	 2,79189557088484E-02 
418	 2,92540627416916E-02 
419	 2,92859752333682E-02 
420	 2,79588400756828E-02 
421	 2,59921063718212E-02 
422	 2,66687395599175E-02 
423	 2,88837341218404E-02 
424	 2,59509497712171E-02 
425	 2,53270873334888E-02 
426	 3,02268651458656E-02 
427	 2,77171050271671E-02 
428	 2,15126203321551E-02 
429	 2,12273598912751E-02 
430	 2,14037219505579E-02 
431	 2,11540898168612E-02 
432	 2,33132056441084E-02 
433	 2,54647797536419E-02 
434	 2,54830114386852E-02 
435	 2,58417828910598E-02 
436	 2,61444816346581E-02 
437	 2,38314659203367E-02 
438	 2,33836361803296E-02 
439	 2,59623898248183E-02 
440	 2,64271184754278E-02 
441	 2,57606482382227E-02 
442	 2,57853374254054E-02 
443	 2,50843009050983E-02 
444	 2,35063661150603E-02 
445	 2,08201731394699E-02 
446	 2,14576738243871E-02 
447	 2,69756041191971E-02 
448	 2,56977075972268E-02 
449	 2,12514085900771E-02 
450	 2,36054455985307E-02 
451	 2,48618934862209E-02 
452	 2,35449940122428E-02 
453	 2,40956340930941E-02 
454	 2,48092195259612E-02 
455	 2,41346361496906E-02 
456	 2,62088538709987E-02 
457	 2,92986643550434E-02 
458	 2,67061883141574E-02 
459	 2,53802159026963E-02 
460	 2,76162283915187E-02 
461	 2,76037379039283E-02 
462	 2,65466356901907E-02 
463	 2,67430478507061E-02 
464	 2,70635543230567E-02 
465	 2,76068367262606E-02 
466	 0,030078386090355 
467	 3,03089877139395E-02 
468	 2,62391814175134E-02 
469	 0,025583423064754 
470	 2,76545542115091E-02 
471	 2,89030868607702E-02 
472	 2,91307868928508E-02 
473	 2,81304481801607E-02 
474	 2,58003431495257E-02 
475	 2,46701924424509E-02 
476	 2,69728727975029E-02 
477	 2,59369264069561E-02 
478	 2,30449114905982E-02 
479	 0,026856209467283 
480	 2,82033416417163E-02 
481	 2,38895149978901E-02 
482	 2,32630616489295E-02 
483	 2,49566761273704E-02 
484	 0,025486292727649 
485	 2,40631929211756E-02 
486	 2,16498411794405E-02 
487	 0,023053944223407 
488	 2,46346134173951E-02 
489	 2,37915617890618E-02 
490	 2,43807144284436E-02 
491	 2,53407296964026E-02 
492	 2,24236076817438E-02 
493	 2,16279182456826E-02 
494	 2,43624982444877E-02 
495	 2,61144203424393E-02 
496	 2,62862218148805E-02 
497	 2,46987345196033E-02 
498	 0,025472121672819 
499	 2,74204339058923E-02 
500	 2,32470360367405E-02 
501	 2,14176746797641E-02 
502	 2,57902248101686E-02 
503	 2,58909367802655E-02 
504	 2,37265422682377E-02 
505	 2,52417735973145E-02 
506	 2,55911098040365E-02 
507	 2,42158216126798E-02 
508	 2,49636477142222E-02 
509	 2,56660124430822E-02 
510	 2,43856927597404E-02 
511	 2,42291172898061E-02 
512	 2,54074333706907E-02 
513	 2,72760953888245E-02 
514	 2,74022567377578E-02 
515	 2,51533719414001E-02 
516	 2,39633154094493E-02 
517	 2,45064281836301E-02 
518	 2,71891161341861E-02 
519	 2,85288149765954E-02 
520	 2,80664067851922E-02 
521	 2,79915055250493E-02 
522	 2,81324793139349E-02 
523	 2,82237917990477E-02 
524	 2,67363023219165E-02 
525	 2,48612370575365E-02 
526	 2,59081858872434E-02 
527	 2,61586128305449E-02 
528	 2,49454357552228E-02 
529	 2,61556707681211E-02 
530	 2,76041457172787E-02 
531	 2,65552979198222E-02 
532	 2,53056144324125E-02 
533	 2,48542606011299E-02 
534	 2,66486749789718E-02 
535	 2,79097868015486E-02 
536	 2,70974519186497E-02 
537	 2,62113843302126E-02 
538	 2,56520123720179E-02 
539	 2,55534521804046E-02 
540	 0,025873612869131 
541	 2,63628804269857E-02 
542	 2,61194420174063E-02 
543	 2,55073811196029E-02 
544	 2,49812667946509E-02 
545	 2,56768775107476E-02 
546	 2,69706224758872E-02 
547	 2,64531298734507E-02 
548	 2,61455579613517E-02 
549	 2,68570234181734E-02 
550	 2,68572575765308E-02 
551	 2,66280715462303E-02 
552	 2,72206258066264E-02 
553	 2,76472060733259E-02 
554	 2,74943297943621E-02 
555	 2,61719569701387E-02 
556	 2,55099690058196E-02 
557	 2,68516400206138E-02 
558	 2,70735647735586E-02 
559	 2,62776244071302E-02 
560	 2,61941293874879E-02 
561	 2,61509729268114E-02 
562	 2,59654565579364E-02 
563	 2,59179193325868E-02 
564	 2,59327301359324E-02 
565	 2,58688246059285E-02 
566	 2,67596848904792E-02 
567	 2,81831878365521E-02 
568	 2,78088345795606E-02 
569	 2,70898866528433E-02 
570	 2,70644079471418E-02 
571	 2,71396273803434E-02 
572	 2,73721315853396E-02 
573	 2,81169924963218E-02 
574	 2,84567160448598E-02 
575	 2,82478031130074E-02 
576	 0,02857868455172 
577	 2,94233288971053E-02 
578	 3,06393257289706E-02 
579	 3,17634568392161E-02 
580	 3,24642905047703E-02 
581	 0,032159566763553 
582	 3,19295425221928E-02 
583	 3,23821541392856E-02 
584	 3,27982542225569E-02 
585	 3,31924252530854E-02 
586	 3,37609462415883E-02 
587	 0,034365753287317 
588	 0,034862528981217 
589	 3,48762781277063E-02 
590	 3,47277696706594E-02 
591	 3,47621574958276E-02 
592	 3,55384219498584E-02 
593	 3,64197739727068E-02 
594	 3,51967886410082E-02 
595	 3,48645614763104E-02 
596	 3,64143081463544E-02 
597	 3,63296191087749E-02 
598	 3,53156633183119E-02 
599	 3,49783704334485E-02 
600	 3,49461702728338E-02 
601	 0,035013143797408 
602	 3,45915171749631E-02 
603	 3,42302881325193E-02 
604	 3,43415613060611E-02 
605	 3,43226529235796E-02 
606	 3,41669970650327E-02 
607	 3,41719398907889E-02 
608	 0,033897920423145 
609	 3,33168634148699E-02 
610	 3,32855445132292E-02 
611	 3,33383881473587E-02 
612	 0,032820032057455 
613	 3,27754077689722E-02 
614	 3,30454415058918E-02 
615	 3,21602757120401E-02 
616	 3,15982801086112E-02 
617	 0,032146169004859 
618	 3,16848022510601E-02 
619	 3,08585667528789E-02 
620	 3,16413171701716E-02 
621	 3,15927621350088E-02 
622	 3,04583015744165E-02 
623	 3,11775512589552E-02 
624	 0,031955769733 
625	 3,08770118701561E-02 
626	 3,08195937036411E-02 
627	 3,17540523306615E-02 
628	 3,18367492318681E-02 
629	 0,031440101579044 
630	 3,09034238936853E-02 
631	 3,14149048430009E-02 
632	 3,23942959833095E-02 
633	 3,26690455741762E-02 
634	 3,30743495659004E-02 
635	 3,36342643318964E-02 
636	 3,34166066944688E-02 
637	 3,35701704363365E-02 
638	 3,49441261987762E-02 
639	 3,51616951114416E-02 
640	 3,44893174068515E-02 
641	 3,47037226078672E-02 
642	 0,035035448269982 
643	 3,52779663742631E-02 
644	 3,58293153470232E-02 
645	 3,65623312940049E-02 
646	 3,72823576550643E-02 
647	 3,75580414307843E-02 
648	 3,72959019686442E-02 
649	 3,65755265562502E-02 
650	 3,61160477595528E-02 
651	 3,62705592714039E-02 
652	 0,035447805444979 
653	 3,41042531035393E-02 
654	 3,36451000208723E-02 
655	 3,31951721325253E-02 
656	 3,25602905898324E-02 
657	 3,22293614753511E-02 
658	 3,17739773545838E-02 
659	 3,07527919137621E-02 
660	 2,98330141536798E-02 
661	 2,91840897053122E-02 
662	 0,028838377938157 
663	 2,84773587453923E-02 
664	 2,79439430603917E-02 
665	 2,75005727865396E-02 
666	 2,70000983987474E-02 
667	 2,61335081608531E-02 
668	 2,59454065902822E-02 
669	 0,026377553404016 
670	 0,025935845319447 
671	 2,54202615310551E-02 
672	 2,54958813240686E-02 
673	 2,58426238816937E-02 
674	 2,61011153761056E-02 
675	 0,025494547932085 
676	 2,51306361784367E-02 
677	 2,53757432174516E-02 
678	 2,57271523996308E-02 
679	 2,58417585060144E-02 
680	 2,53842761022898E-02 
681	 2,56706887515619E-02 
682	 2,65171845743895E-02 
683	 2,62263794678528E-02 
684	 2,61369385495584E-02 
685	 2,69608638677763E-02 
686	 2,76007240694116E-02 
687	 2,81226252959577E-02 
688	 2,89291312467446E-02 
689	 2,95096539237919E-02 
690	 2,99973075713227E-02 
691	 3,14878079761094E-02 
692	 3,35918409358538E-02 
693	 3,59217317850635E-02 
694	 3,85522513746819E-02 
695	 4,17303531222795E-02 
696	 4,60900798199062E-02 
697	 5,07720227796313E-02 
698	 5,55605314106968E-02 
699	 0,061385142965052 
700	 0,068152427450392 
701	 0,075623360652457 
702	 8,36252014083667E-02 
703	 9,20654924164886E-02 
704	 0,100987378988688 
705	 0,110161653120654 
706	 0,119370843169134 
707	 0,128250037649016 
708	 0,137064558917416 
709	 0,146409114031229 
710	 0,155722897229602 
711	 0,164724307455761 
712	 0,173116456568044 
713	 0,181159657962608 
714	 0,189070377800915 
715	 0,196665056757006 
716	 0,203888293694095 
717	 0,210636670991316 
718	 0,216986146816391 
719	 0,222994923484456 
720	 0,228888227393823 
721	 0,234253389962724 
722	 0,238561112492026 
723	 0,24299159401973 
724	 0,247599916534187 
725	 0,251488269728594 
726	 0,255016264031831 
727	 0,258388058962887 
728	 0,261303435373748 
729	 0,263917646632987 
730	 0,266585572566674 
731	 0,268789283465916 
732	 0,270572888369838 
733	 0,272805055465354 
734	 0,274959627888155 
735	 0,276564381874436 
736	 0,277966903348054 
737	 0,279323505168077 
738	 0,280883290397461 
739	 0,282217062242701 
740	 0,283199984004112 
741	 0,284105642232809 
742	 0,285139966469191 
743	 0,286493505252074 
744	 0,287469274996438 
745	 0,288098993605115 
746	 0,289012560459598 
747	 0,289909000748658 
748	 0,290656791188884 
749	 0,291510493277236 
750	 0,292335503866152 
751	 0,292885647203379 
752	 0,29338319223427 
753	 0,293966060063164 
754	 0,294942647879685 
755	 0,295626066273199 
756	 0,295600989765171 
757	 0,295977251586702 
758	 0,296675161405479 
759	 0,297153725742123 
760	 0,297692575995967 
761	 0,298311558374413 
762	 0,29876128832686 
763	 0,299121018827151 
764	 0,299470002961125 
765	 0,299587373870698 
766	 0,299736797579554 
767	 0,300784436984592 
768	 0,301352438301555 
769	 0,301052980574016 
770	 0,301141129159001 
771	 0,301543752622983 
772	 0,302041671092569 
773	 0,30262273445582 
774	 0,303163423542541 
775	 0,303371172606198 
776	 0,303532750231327 
777	 0,303829130206543 
778	 0,304373214030731 
779	 0,304895703325372 
780	 0,304997853727367 
781	 0,304877768276653 
782	 0,304771654651939 
783	 0,305255474967064 
784	 0,305874625493053 
785	 0,306301512876234 
786	 0,306578303208056 
787	 0,306718955744609 
788	 0,306735185207953 
789	 0,306900976297921 
790	 0,307274084702666 
791	 0,30770328451586 
792	 0,307974206673853 
793	 0,307949597884782 
794	 0,308016296269193 
795	 0,308281717116813 
796	 0,308876562329915 
797	 0,30901669062754 
798	 0,308642402383351 
799	 0,308887403669258 
800	 0,309298203460893 
801	 0,309409293289558 
802	 0,309569297068652 
803	 0,309838352279062 
804	 0,310235851662698 
805	 0,310544891756366 
806	 0,310722935673304 
807	 0,311051313765268 
808	 0,311458558766799 
809	 0,311837937683412 
810	 0,311993361232626 
811	 0,312007078732787 
812	 0,31218325683612 
813	 0,312608228052306 
814	 0,313231236656056 
815	 0,313452183275012 
816	 0,313648022809326 
817	 0,314309395391993 
818	 0,314739746060683 
819	 0,314855655653705 
820	 0,314855613589666 
821	 0,31510208009785 
822	 0,315694544096347 
823	 0,315947276597392 
824	 0,31611304294373 
825	 0,31659855550219 
826	 0,316896198784563 
827	 0,316970650107564 
828	 0,317035185695029 
829	 0,317446050730449 
830	 0,318265082577032 
831	 0,318530573218176 
832	 0,318515492637546 
833	 0,318739680800517 
834	 0,318936227502836 
835	 0,319088536380416 
836	 0,319323205177181 
837	 0,319558466503697 
838	 0,319712709144142 
839	 0,319532317565318 
840	 0,319403716211302 
841	 0,319888972938228 
842	 0,320406950680209 
843	 0,320748209112335 
844	 0,320771264683927 
845	 0,320780438315412 
846	 0,320992364833071 
847	 0,321572744890578 
848	 0,322191675548398 
849	 0,322374551399 
850	 0,322297144115344 
851	 0,322108320154177 
852	 0,322090477965412 
853	 0,32229665662955 
854	 0,322657148222677 
855	 0,322430373744732 
856	 0,322208974362223 
857	 0,322894977933078 
858	 0,322838674159983 
859	 0,322353460611793 
860	 0,323877666316039 
861	 0,324909603572858 
862	 0,324344064740079 
863	 0,324275429168504 
864	 0,324470712936531 
865	 0,324349352021893 
866	 0,324516247811858 
867	 0,324975902042832 
868	 0,325272049291242 
869	 0,32587608595447 
870	 0,326799985859611 
871	 0,326834124688713 
872	 0,326333895763729 
873	 0,325893262676236 
874	 0,326204813157874 
875	 0,327012521995471 
876	 0,327061723516115 
877	 0,32716293506467 
878	 0,327572657470482 
879	 0,327762784054811 
880	 0,32789569761615 
881	 0,328184666775758 
882	 0,32859248084084 
883	 0,328906041051237 
884	 0,328550047075045 
885	 0,328385764402513 
886	 0,328644726547556 
887	 0,328622737925761 
888	 0,328821762823914 
889	 0,329685056145821 
890	 0,330375410351763 
891	 0,330647123364051 
892	 0,330336401164379 
893	 0,330061014829936 
894	 0,330059225073922 
895	 0,330250067820598 
896	 0,330440823965664 
897	 0,330484956603039 
898	 0,330489616594254 
899	 0,330574683804848 
900	 0,330930220842945 
901	 0,331050211905902 
902	 0,33095945166518 
903	 0,331368482142815 
904	 0,331697524475863 
905	 0,331584710228385 
906	 0,331204737917229 
907	 0,331068045627376 
908	 0,331836281051916 
909	 0,331766154686628 
910	 0,331108379918295 
911	 0,332123034676644 
912	 0,33295545075233 
913	 0,332784024049254 
914	 0,332363114385304 
915	 0,332172662081385 
916	 0,332604803129007 
917	 0,332255558212208 
918	 0,331401492073812 
919	 0,331400149300233 
920	 0,332056863393934 
921	 0,33292879061563 
922	 0,332240321107589 
923	 0,331288705508618 
924	 0,331182206129428 
925	 0,330946510926099 
926	 0,330547298203577 
927	 0,330182147472686 
928	 0,329676866642011 
929	 0,329251624789682 
930	 0,329940433628754 
931	 0,33018131501749 
932	 0,329149362850538 
933	 0,328029687093007 
934	 0,327264629741516 
935	 0,327202555514391 
936	 0,326717361434275 
937	 0,325792483018322 
938	 0,325134717156751 
939	 0,324640517589772 
940	 0,324318698482183 
941	 0,324379494521504 
942	 0,32409119986797 
943	 0,322824135304906 
944	 0,320938482986577 
945	 0,319307705122705 
946	 0,319422450676191 
947	 0,318398557082304 
948	 0,315915745750737 
949	 0,313933990581885 
950	 0,313146469718034 
951	 0,313596524135841 
952	 0,312912919586127 
953	 0,310905694669015 
954	 0,30782880506843 
955	 0,30620970543477 
956	 0,305992602439977 
957	 0,305528714296216 
958	 0,304615455367478 
959	 0,303154694416401 
960	 0,301300730142502 
961	 0,30039828047225 
962	 0,301216966151707 
963	 0,301333905999396 
964	 0,300686844895948 
965	 0,299777378530228 
966	 0,298620497345305 
967	 0,297699805978895 
968	 0,298284489438277 
969	 0,299093969945466 
970	 0,299474957647997 
971	 0,299191017801869 
972	 0,29949723814178 
973	 0,30126054291547 
974	 0,300888586600469 
975	 0,299629404014133 
976	 0,300781409237292 
977	 0,301515467462625 
978	 0,301447987813497 
979	 0,302090895489422 
980	 0,302340801879441 
981	 0,301711961363965 
982	 0,300663173098656 
983	 0,300092708443252 
984	 0,3008478513014 
985	 0,302736592426731 
986	 0,304249777921652 
987	 0,302643196558766 
988	 0,301349348579407 
989	 0,301618531528063 
990	 0,303926503870842 
991	 0,305994673437687 
992	 0,306573864754112 
993	 0,30643968744457 
994	 0,30705651819723 
995	 0,309606296595758 
996	 0,310430315007922 
997	 0,310605022815567 
998	 0,313654113144806 
999	 0,313226216819533 
1000	 0,309649892678273 
1001	 0,310671448472978 
1002	 0,312669059506394 
1003	 0,313798506286616 
1004	 0,314375563929728 
1005	 0,315213121480044 
1006	 0,316873595812782 
1007	 0,316097409966903 
1008	 0,315585741565268 
1009	 0,320937322943562 
1010	 0,324964400066328 
1011	 0,325895694919338 
1012	 0,325399938320261 
1013	 0,323144761756543 
1014	 0,320187860928364 
1015	 0,321471505231333 
1016	 0,324599674035098 
1017	 0,327048567447235 
1018	 0,327803126982241 
1019	 0,327609509374669 
1020	 0,327933817246648 
1021	 0,329450305900985 
1022	 0,330818218607246 
1023	 0,327274320728146 
1024	 0,327499156099264 
1025	 0,332593418631098 
1026	 0,333414442798948 
1027	 0,330518897379997 
1028	 0,325969059621067 
1029	 0,329893655509856 
1030	 0,336755754195025 
1031	 0,33876095889141 
1032	 0,340582283283222 
1033	 0,34019989213563 
1034	 0,331885840339815 
1035	 0,331260497543659 
1036	 0,339514541300502 
1037	 0,343645489577821 
1038	 0,344048919909213 
1039	 0,341632788871165 
1040	 0,341144852228927 
1041	 0,343312479328148 
1042	 0,34713930101789 
1043	 0,3408694576397 
1044	 0,334954844902055 
1045	 0,344815369166935 
1046	 0,350042653903723 
1047	 0,348761610446114 
1048	 0,347022042293288 
1049	 0,348711146657161 
1050	 0,353297926416715 
1051	 0,352864222995568 
1052	 0,35258540523896 
1053	 0,35449152194441 
1054	 0,354731336032126 
1055	 0,352501075147154 
1056	 0,349332252297416 
1057	 0,36410300671812 
1058	 0,376212909854778 
1059	 0,356257954664641 
1060	 0,343746658119131 
1061	 0,345045721133743 
1062	 0,353239366188051 
1063	 0,348967992795958 
1064	 0,336260072741458 
1065	 0,355020971599166 
1066	 0,367482622877673 
1067	 0,358620469430883 
1068	 0,347565305290941 
1069	 0,343155376804508 
1070	 0,349766166622486 
1071	 0,352500320490696 
1072	 0,354551390120545 
1073	 0,361343998602719 
1074	 0,366464840589038 
1075	 0,36470501141405 
