Wavelength	AULNE200143.asd
325	 0,193662136342511 
326	 0,252744906049584 
327	 0,28557207176633 
328	 0,283086988705556 
329	 0,20031403699171 
330	 0,112447974036444 
331	 0,111568792173654 
332	 9,70324364591898E-02 
333	 8,83066233713416E-02 
334	 0,176467926102433 
335	 0,19807020937704 
336	 0,141817175612939 
337	 0,149431648423283 
338	 0,132405053375814 
339	 1,32339383605777E-02 
340	 1,84458948645582E-02 
341	 0,102438051188819 
342	 0,10570821529745 
343	 7,42851797495301E-02 
344	 2,79670787080441E-02 
345	 0,05412856311263 
346	 7,44102641087282E-02 
347	 2,92687848093503E-02 
348	 0,044615808317268 
349	 9,36747797707991E-02 
350	 5,38593383070696E-02 
351	 0,025044860313208 
352	 3,49455060472462E-02 
353	 5,39658226537002E-03 
354	-1,69934001535902E-02 
355	 1,94353254603913E-02 
356	 3,23598698823571E-02 
357	 1,94228988492831E-02 
358	 2,99561066956426E-02 
359	 2,75647334306173E-02 
360	 9,51727226700939E-04 
361	 8,18072755959911E-04 
362	 2,09700446066661E-02 
363	 4,69729087942055E-02 
364	 5,15197219634586E-02 
365	 3,02011074106794E-02 
366	-3,19265752920811E-03 
367	-4,79945638810298E-03 
368	 3,95007851014758E-02 
369	 4,79271540178353E-02 
370	 3,02394637401371E-02 
371	 2,41312783904963E-02 
372	 7,92871359098954E-03 
373	-9,59212739425929E-03 
374	 3,27839073162408E-02 
375	 5,37583552066954E-02 
376	 2,39500258117841E-04 
377	-1,27792215219963E-02 
378	 8,67462496572131E-03 
379	 6,08561042575045E-03 
380	 1,23397345599648E-02 
381	 2,97376407850597E-02 
382	 0,030838827272595 
383	 2,83196132123239E-02 
384	 3,43926567254459E-02 
385	 0,036032870598106 
386	 3,04264294715452E-02 
387	 1,23491927165307E-02 
388	 4,40428436241217E-03 
389	 1,45535829047271E-02 
390	 1,91355175734247E-02 
391	 1,67598905304918E-02 
392	 8,93248187453477E-03 
393	 1,12323299442537E-02 
394	 2,19097782260869E-02 
395	 2,56971737216245E-02 
396	 2,47524381298928E-02 
397	 2,11902902048711E-02 
398	 2,23370446259517E-02 
399	 2,22597971892461E-02 
400	 1,01208050230135E-02 
401	 0,012618008405902 
402	 2,76236686380569E-02 
403	 2,24727332168901E-02 
404	 1,51221298258161E-02 
405	 1,79497116291905E-02 
406	 2,39438645176621E-02 
407	 2,86069567095918E-02 
408	 2,59942707314631E-02 
409	 1,97920639512954E-02 
410	 1,33948289506407E-02 
411	 1,46086977955368E-02 
412	 1,95788786064235E-02 
413	 2,38187080244647E-02 
414	 2,11421453070118E-02 
415	 1,53282143432262E-02 
416	 1,87988215730846E-02 
417	 2,10813752312033E-02 
418	 1,83354662194961E-02 
419	 1,50501559387187E-02 
420	 0,014367744815954 
421	 1,95531596124113E-02 
422	 2,16148524011282E-02 
423	 1,93025995962267E-02 
424	 1,52328483555082E-02 
425	 1,43131571711611E-02 
426	 1,84608114977461E-02 
427	 1,71684103370228E-02 
428	 1,35304406430421E-02 
429	 1,60531620368721E-02 
430	 1,47044369996115E-02 
431	 9,19346408432418E-03 
432	 0,010799579934317 
433	 1,45134777851946E-02 
434	 1,56992227815955E-02 
435	 2,02896398693907E-02 
436	 2,51831151755174E-02 
437	 2,01656817519591E-02 
438	 1,50327575803027E-02 
439	 1,41024512512911E-02 
440	 1,64851259719652E-02 
441	 1,87456465093156E-02 
442	 1,68696317469532E-02 
443	 1,43936339411504E-02 
444	 1,27013104314515E-02 
445	 1,25543381321469E-02 
446	 1,53005432875645E-02 
447	 2,05487845512385E-02 
448	 1,79425341088001E-02 
449	 1,24995961032037E-02 
450	 1,63633506482714E-02 
451	 1,96822730789234E-02 
452	 1,95519492467402E-02 
453	 1,74255579329429E-02 
454	 1,46202662657627E-02 
455	 0,012611380481218 
456	 1,56314666645918E-02 
457	 2,02991397291931E-02 
458	 1,50980242209956E-02 
459	 1,39178419876351E-02 
460	 2,07422307348809E-02 
461	 0,020713519499741 
462	 1,72769791810414E-02 
463	 1,68574315182342E-02 
464	 1,57319241055872E-02 
465	 1,44392492699045E-02 
466	 1,78232315942576E-02 
467	 1,99925562350602E-02 
468	 1,74051353298712E-02 
469	 0,015844366921478 
470	 1,57815257128409E-02 
471	 1,63432039679008E-02 
472	 1,77152097213934E-02 
473	 1,87500319916627E-02 
474	 1,40397754317806E-02 
475	 1,02446997242664E-02 
476	 1,38959235429535E-02 
477	 1,50061958949244E-02 
478	 1,36927447037442E-02 
479	 0,016589842902195 
480	 1,76671414581203E-02 
481	 0,014739310623035 
482	 1,28930810101328E-02 
483	 1,30072465734344E-02 
484	 1,55106549290916E-02 
485	 1,54349246383991E-02 
486	 1,28579918710079E-02 
487	 1,37393133123155E-02 
488	 1,49421189426957E-02 
489	 1,42246157457775E-02 
490	 0,0150528476801 
491	 1,62296765033539E-02 
492	 1,34915503000853E-02 
493	 1,20616927259834E-02 
494	 1,36183770886738E-02 
495	 0,016626204212176 
496	 1,82235703483458E-02 
497	 1,55186176370496E-02 
498	 1,67703095267597E-02 
499	 0,020600422055139 
500	 1,64518793205011E-02 
501	 1,33795547570368E-02 
502	 1,58581184086143E-02 
503	 1,54615306693524E-02 
504	 1,35926295371385E-02 
505	 1,45985264342444E-02 
506	 1,49764335990304E-02 
507	 1,42347031273421E-02 
508	 1,47789910983228E-02 
509	 1,56498131459021E-02 
510	 1,58524629681707E-02 
511	 1,46536227466611E-02 
512	 1,31657070587552E-02 
513	 1,46025970351614E-02 
514	 1,59727140727128E-02 
515	 1,59749154194597E-02 
516	 1,52492697277935E-02 
517	 1,49051559319714E-02 
518	 1,63791897342778E-02 
519	 1,73051640172657E-02 
520	 1,72046083976234E-02 
521	 1,68628626710016E-02 
522	 1,64334334805752E-02 
523	 1,60261563360041E-02 
524	 1,54776502481633E-02 
525	 1,49687870389077E-02 
526	 1,49386533859446E-02 
527	 1,48986520815016E-02 
528	 1,48274455987535E-02 
529	 1,56721708855035E-02 
530	 1,63456100920181E-02 
531	 1,55818937215666E-02 
532	 1,47259764606977E-02 
533	 1,45031136185646E-02 
534	 1,61892886969789E-02 
535	 1,73512835560934E-02 
536	 1,66352368685863E-02 
537	 1,57432426918039E-02 
538	 1,50993517799769E-02 
539	 1,50020224671902E-02 
540	 1,47911541063385E-02 
541	 1,44444206168485E-02 
542	 1,50157815223084E-02 
543	 1,52163288501359E-02 
544	 1,38978885224121E-02 
545	 0,014664187079336 
546	 1,68275625822945E-02 
547	 1,65149302342791E-02 
548	 1,57500572700096E-02 
549	 1,55067564819109E-02 
550	 1,53582443282421E-02 
551	 0,015542657840944 
552	 1,64938662380104E-02 
553	 1,70504033292752E-02 
554	 1,69187249714171E-02 
555	 1,64443793445963E-02 
556	 1,62537154970303E-02 
557	 1,67583713884843E-02 
558	 1,63953138883217E-02 
559	 1,53532729196603E-02 
560	 1,46807595757093E-02 
561	 1,47371405191306E-02 
562	 1,54383082981548E-02 
563	 1,50038651371587E-02 
564	 1,43197778388724E-02 
565	 1,47471408831666E-02 
566	 1,54501841945593E-02 
567	 1,60803063183121E-02 
568	 1,61526934732741E-02 
569	 1,64758888763738E-02 
570	 1,74928823729994E-02 
571	 1,76797165838658E-02 
572	 1,72655599518203E-02 
573	 1,72808619215832E-02 
574	 1,71657270943219E-02 
575	 1,68566399177134E-02 
576	 1,68000285677399E-02 
577	 1,71944373890347E-02 
578	 1,81916564735726E-02 
579	 1,88030807624604E-02 
580	 1,88314112278359E-02 
581	 0,018523405150039 
582	 1,81230657551762E-02 
583	 1,78230337714296E-02 
584	 1,76121152541923E-02 
585	 1,77809527859706E-02 
586	 1,88966959142225E-02 
587	 1,93205588625749E-02 
588	 1,88088385214278E-02 
589	 1,88483624797408E-02 
590	 1,89535476486602E-02 
591	 1,86507010854843E-02 
592	 0,018832160661844 
593	 1,91932826458755E-02 
594	 1,82800276066015E-02 
595	 1,81156221696463E-02 
596	 1,93346376665363E-02 
597	 1,94196216450149E-02 
598	 1,86434001652326E-02 
599	 1,78020161219842E-02 
600	 1,76765439306954E-02 
601	 1,81528077357449E-02 
602	 1,77115603981711E-02 
603	 1,70760678026736E-02 
604	 1,68690338619555E-02 
605	 1,70659886977661E-02 
606	 1,75554940528294E-02 
607	 0,018204866040464 
608	 0,018185826788425 
609	 1,74085394487548E-02 
610	 0,017577521221706 
611	 1,77739181112029E-02 
612	 1,67051536956926E-02 
613	 1,65249403408116E-02 
614	 1,72507890931762E-02 
615	 1,71283525776245E-02 
616	 1,67836453010923E-02 
617	 1,66249727858825E-02 
618	 1,65224365939794E-02 
619	 1,65865449502611E-02 
620	 0,017133412196782 
621	 1,70182411320783E-02 
622	 1,62188323319312E-02 
623	 1,67143011837617E-02 
624	 1,71724730673968E-02 
625	 1,62018147592283E-02 
626	 1,65586006763602E-02 
627	 1,79101289272451E-02 
628	 1,75877376334975E-02 
629	 1,69888078056656E-02 
630	 1,68447217763355E-02 
631	 1,70555665276244E-02 
632	 1,73372973866774E-02 
633	 1,72133685891115E-02 
634	 1,75174985082369E-02 
635	 0,018270923528231 
636	 1,85521555023416E-02 
637	 1,86463771767836E-02 
638	 1,88063224982132E-02 
639	 0,018780372088604 
640	 1,85946349869805E-02 
641	 1,84253096501974E-02 
642	 1,80270760718815E-02 
643	 0,017567785190636 
644	 1,84784470007743E-02 
645	 1,99669688585452E-02 
646	 2,08629159979709E-02 
647	 2,08114471886585E-02 
648	 2,00137569712185E-02 
649	 1,95139428868999E-02 
650	 1,94349905612029E-02 
651	 1,97482007002261E-02 
652	 1,92200629594638E-02 
653	 1,84433630187077E-02 
654	 0,019096953438203 
655	 1,90991138311914E-02 
656	 1,81289223956055E-02 
657	 1,82548311175783E-02 
658	 1,86554075219326E-02 
659	 1,83630722088368E-02 
660	 1,77131336038741E-02 
661	 1,69910012279926E-02 
662	 1,67478204668105E-02 
663	 0,016867476852529 
664	 1,71500877474038E-02 
665	 1,66512580475269E-02 
666	 1,58343889071977E-02 
667	 1,55681223740295E-02 
668	 1,57536792796784E-02 
669	 1,61647153116785E-02 
670	 1,59897557011243E-02 
671	 1,57277356864377E-02 
672	 0,015795589921354 
673	 1,60316604086126E-02 
674	 1,61828593756777E-02 
675	 1,56596419922796E-02 
676	 1,53317512141845E-02 
677	 0,015509193100408 
678	 1,58993673912939E-02 
679	 1,61221775950196E-02 
680	 1,57773074322155E-02 
681	 1,61057931134231E-02 
682	 1,69347531556533E-02 
683	 1,67231743420248E-02 
684	 1,64926821684374E-02 
685	 1,68226222369899E-02 
686	 1,72263030654295E-02 
687	 1,74790512545887E-02 
688	 1,72908871730891E-02 
689	 1,71281697814319E-02 
690	 1,73200471308307E-02 
691	 1,85094209568401E-02 
692	 1,97125825709188E-02 
693	 2,01173400907026E-02 
694	 2,13850023929236E-02 
695	 2,35700887238511E-02 
696	 0,02600844052467 
697	 2,84894271339123E-02 
698	 3,09808966298302E-02 
699	 3,40311147598473E-02 
700	 3,76127940707952E-02 
701	 4,16140368841523E-02 
702	 4,59218618421489E-02 
703	 0,050494110910774 
704	 5,53758927662875E-02 
705	 6,04667095901889E-02 
706	 6,57087903852922E-02 
707	 7,12806829821422E-02 
708	 0,076975569701002 
709	 8,24012737681279E-02 
710	 8,76808666697603E-02 
711	 9,27769383753632E-02 
712	 9,73475750956371E-02 
713	 0,102059119270474 
714	 0,107458789078719 
715	 0,112412372719722 
716	 0,116903774024866 
717	 0,121531327906904 
718	 0,125697791403887 
719	 0,129295806520312 
720	 0,133346417664441 
721	 0,137140130307395 
722	 0,139678433961677 
723	 0,142237645805513 
724	 0,14508581490738 
725	 0,147959635501014 
726	 0,150600194261099 
727	 0,152823730965971 
728	 0,1546031293659 
729	 0,15614876752141 
730	 0,157815443886771 
731	 0,159478400451035 
732	 0,161103581459712 
733	 0,162719364203702 
734	 0,164085699114326 
735	 0,1650242435342 
736	 0,165997478668434 
737	 0,167062108097211 
738	 0,16813716321462 
739	 0,169068722237675 
740	 0,16982726005303 
741	 0,170653606318366 
742	 0,171479507162343 
743	 0,172200963883437 
744	 0,172816688348377 
745	 0,173403599453263 
746	 0,174221965628885 
747	 0,174874012724425 
748	 0,175218669166531 
749	 0,175947662934801 
750	 0,176698592539629 
751	 0,176784482330834 
752	 0,177115745822126 
753	 0,177812285089775 
754	 0,178311831413578 
755	 0,178713147316403 
756	 0,179079760695885 
757	 0,179262982694896 
758	 0,179391306524569 
759	 0,179739147635106 
760	 0,18023632202992 
761	 0,18080260817853 
762	 0,181183339205605 
763	 0,18153024204977 
764	 0,181970559996402 
765	 0,181933660489571 
766	 0,181727730096702 
767	 0,182454625645571 
768	 0,183012480065609 
769	 0,183025468796755 
770	 0,183021337276868 
771	 0,183296769478418 
772	 0,184121525792575 
773	 0,184487887977414 
774	 0,184419729176632 
775	 0,184803107640789 
776	 0,185029722444572 
777	 0,184904534003615 
778	 0,185317438896125 
779	 0,185961152462194 
780	 0,186246946697691 
781	 0,186457102603278 
782	 0,186641706806974 
783	 0,186746235901634 
784	 0,186799678496325 
785	 0,186858536259785 
786	 0,187192601811057 
787	 0,187647573826719 
788	 0,187893317514198 
789	 0,188025780323152 
790	 0,188097954463404 
791	 0,188230550728331 
792	 0,188360086054103 
793	 0,188453578039073 
794	 0,18875598017737 
795	 0,189140432185198 
796	 0,189236345289814 
797	 0,189495188139038 
798	 0,189943381349264 
799	 0,189979236785359 
800	 0,189848363836602 
801	 0,189833183739991 
802	 0,190171657481415 
803	 0,190695478220908 
804	 0,190866867623356 
805	 0,190984668360182 
806	 0,191145153603208 
807	 0,191277599350214 
808	 0,19146094143102 
809	 0,191777402388721 
810	 0,192144606803022 
811	 0,192463526442022 
812	 0,192534059104392 
813	 0,192552999006763 
814	 0,192649212934791 
815	 0,192958359584251 
816	 0,19343614780691 
817	 0,194004855493701 
818	 0,194531929630795 
819	 0,194830670319983 
820	 0,194441962294086 
821	 0,194261965884481 
822	 0,194656741381892 
823	 0,194828996844415 
824	 0,194978219996922 
825	 0,19545016918561 
826	 0,195577897086926 
827	 0,195425438606569 
828	 0,19572662039902 
829	 0,195964540134643 
830	 0,195964238340418 
831	 0,196501170027619 
832	 0,196945786143323 
833	 0,196362334972774 
834	 0,196356055023453 
835	 0,19697503183552 
836	 0,196968707527872 
837	 0,196947678226052 
838	 0,197245222145685 
839	 0,197830042271312 
840	 0,198254840397297 
841	 0,197915933846244 
842	 0,19800880486494 
843	 0,198516121091425 
844	 0,198266491179822 
845	 0,198156779520268 
846	 0,198598678497587 
847	 0,198780335975065 
848	 0,198778099922941 
849	 0,198830792355246 
850	 0,198827533761743 
851	 0,19884811859247 
852	 0,199249264124051 
853	 0,199465173324813 
854	 0,199226162995421 
855	 0,198942628748378 
856	 0,198967870631057 
857	 0,19969287670174 
858	 0,199567483741461 
859	 0,198817085322006 
860	 0,199416516737337 
861	 0,200365070200313 
862	 0,200979151165559 
863	 0,200491948781393 
864	 0,199719573036851 
865	 0,199819419236451 
866	 0,200215839418638 
867	 0,200673517902185 
868	 0,200872717170978 
869	 0,201170743034679 
870	 0,201647465749604 
871	 0,201692824458021 
872	 0,201698726814658 
873	 0,20217029398958 
874	 0,202097966854911 
875	 0,201646160708756 
876	 0,201921423650642 
877	 0,202217514840398 
878	 0,202296516550879 
879	 0,202614606192896 
880	 0,202746180907646 
881	 0,202281753471463 
882	 0,202807341060065 
883	 0,203912312656225 
884	 0,203685871650285 
885	 0,203216949960184 
886	 0,203029245676517 
887	 0,203678817059247 
888	 0,204452921398354 
889	 0,204656396341492 
890	 0,204703554062176 
891	 0,204692574926113 
892	 0,204655413678785 
893	 0,204816577278676 
894	 0,205217054983527 
895	 0,20566561734741 
896	 0,205990957328801 
897	 0,206073145098053 
898	 0,206084705533757 
899	 0,206010988160909 
900	 0,205774997524363 
901	 0,205457069498414 
902	 0,205214224667361 
903	 0,205397718040582 
904	 0,206008425023369 
905	 0,206874377278954 
906	 0,206859345944918 
907	 0,206595224334601 
908	 0,20717273279933 
909	 0,206867581365153 
910	 0,206004546154815 
911	 0,206950951460365 
912	 0,207748831845508 
913	 0,207581175330278 
914	 0,207670291626312 
915	 0,207505511975268 
916	 0,20650871865406 
917	 0,206387893310184 
918	 0,20699987836501 
919	 0,207026425273552 
920	 0,207294877404076 
921	 0,207839642536989 
922	 0,207614324855497 
923	 0,207223337095885 
924	 0,207148616175208 
925	 0,206498543556729 
926	 0,205727051720357 
927	 0,205870963549085 
928	 0,205757464624669 
929	 0,205307566911685 
930	 0,205524101779476 
931	 0,205782038123112 
932	 0,20569201537663 
933	 0,205335829932507 
934	 0,204964627046494 
935	 0,204875610835236 
936	 0,204541629584331 
937	 0,203750102233605 
938	 0,202144671371018 
939	 0,201096366479544 
940	 0,201105982529531 
941	 0,20160078272625 
942	 0,201775225762001 
943	 0,200969603655159 
944	 0,199671087250554 
945	 0,198476985605022 
946	 0,198287412351134 
947	 0,198121228150773 
948	 0,197575731957747 
949	 0,196364157923241 
950	 0,195141465569565 
951	 0,194314609167393 
952	 0,193831967831944 
953	 0,193035530789868 
954	 0,191228151445769 
955	 0,1902632300756 
956	 0,19001532133967 
957	 0,189127734863179 
958	 0,187983765471747 
959	 0,186856695400067 
960	 0,186378141350992 
961	 0,186304186312209 
962	 0,18637116292429 
963	 0,186299674366713 
964	 0,185988025818982 
965	 0,185381563652507 
966	 0,184819286777814 
967	 0,184588270374523 
968	 0,185077587964913 
969	 0,186542482425664 
970	 0,18836259895694 
971	 0,187017205328691 
972	 0,184880337988261 
973	 0,184350340581879 
974	 0,184507319250767 
975	 0,184886509324966 
976	 0,184870085888185 
977	 0,184966278020343 
978	 0,185475856088551 
979	 0,187286820573123 
980	 0,18715370217185 
981	 0,184354800358187 
982	 0,184829732601754 
983	 0,186553093992099 
984	 0,186849622435745 
985	 0,184662340985442 
986	 0,182374835605578 
987	 0,185015141498154 
988	 0,186523809631932 
989	 0,186246512199678 
990	 0,188712487575646 
991	 0,190388392705388 
992	 0,189675881005492 
993	 0,189030261727406 
994	 0,188886831070525 
995	 0,189433113100577 
996	 0,189657421155619 
997	 0,190640666911709 
998	 0,194967729553901 
999	 0,1951996825347 
1000	 0,191509325065585 
1001	 0,192648161394764 
1002	 0,194556777193977 
1003	 0,195029929735758 
1004	 0,193563290777478 
1005	 0,19245847862446 
1006	 0,193725934350731 
1007	 0,192936254811411 
1008	 0,192275550142107 
1009	 0,196849908034104 
1010	 0,199066965483877 
1011	 0,198006780548374 
1012	 0,198074609814257 
1013	 0,197593949495077 
1014	 0,196625735355144 
1015	 0,198640923907239 
1016	 0,201057004942726 
1017	 0,201779481776423 
1018	 0,203937750953292 
1019	 0,205947526654577 
1020	 0,204999471183686 
1021	 0,206554254665999 
1022	 0,208981993576165 
1023	 0,203664963722162 
1024	 0,201033896349814 
1025	 0,203652204269257 
1026	 0,20534621142673 
1027	 0,205751550718731 
1028	 0,204742439351385 
1029	 0,202877618085669 
1030	 0,202257430106239 
1031	 0,204903814200527 
1032	 0,206455866128629 
1033	 0,207628226722132 
1034	 0,211649294676286 
1035	 0,214002565332612 
1036	 0,213541742670214 
1037	 0,211158792814973 
1038	 0,2084752719283 
1039	 0,207444219555815 
1040	 0,213147641500303 
1041	 0,217480404980965 
1042	 0,214485190249316 
1043	 0,214745345762227 
1044	 0,217557911363537 
1045	 0,219777697782662 
1046	 0,218753795652996 
1047	 0,215684785645164 
1048	 0,214783634181217 
1049	 0,216417923155823 
1050	 0,219662384142012 
1051	 0,220693632770839 
1052	 0,220319143849942 
1053	 0,218748203801782 
1054	 0,214535845249035 
1055	 0,21286712082351 
1056	 0,217650283849292 
1057	 0,222207026656265 
1058	 0,225465156996104 
1059	 0,227385134828544 
1060	 0,222218830343136 
1061	 0,214678872650772 
1062	 0,217722200633213 
1063	 0,224110891375471 
1064	 0,228073514811993 
1065	 0,215919174560668 
1066	 0,214746196043612 
1067	 0,230386303685127 
1068	 0,224296717145718 
1069	 0,218732070330938 
1070	 0,228101702523698 
1071	 0,219839170562493 
1072	 0,213719659220892 
1073	 0,235669686919159 
1074	 0,238444414997218 
1075	 0,227084679329801 
