Wavelength	AURAY00458.asd
325	 0,395865356637972 
326	 0,29638193281316 
327	 0,187127602309098 
328	 0,107403107822706 
329	 0,20026578752332 
330	 0,31500955917049 
331	 0,354293162031415 
332	 0,323856782753928 
333	 0,243211006078985 
334	 0,161226180295366 
335	 0,156961126074749 
336	 0,21678141658072 
337	 0,19478824265562 
338	 0,163281715028313 
339	 0,190259009178964 
340	 0,188834253661857 
341	 0,170364901453341 
342	 0,189841470046801 
343	 0,20638363295629 
344	 0,200003451799929 
345	 0,156670426924204 
346	 0,115045440253926 
347	 0,101631810460842 
348	 8,30350153942493E-02 
349	 6,74160567542913E-02 
350	 8,41437261015771E-02 
351	 0,102065677261419 
352	 0,105550111806236 
353	 5,98854754961118E-02 
354	 3,67157765798696E-02 
355	 0,122412148951658 
356	 0,145016911644694 
357	 0,107156308851224 
358	 0,107857000624287 
359	 9,45048523000815E-02 
360	 5,81105565484183E-02 
361	 0,108140347818715 
362	 0,172327565842163 
363	 0,142270057188137 
364	 0,110935671438361 
365	 0,100888271595364 
366	 0,114735044720028 
367	 0,108501675472901 
368	 6,32333166691296E-02 
369	 8,12947485633103E-02 
370	 0,120918305128101 
371	 9,01084695291742E-02 
372	 7,35513853841859E-02 
373	 9,01208742230692E-02 
374	 0,113608028324486 
375	 0,120352200764421 
376	 9,74170683223295E-02 
377	 9,18759702556416E-02 
378	 0,105909173225164 
379	 0,123677660890725 
380	 0,124941908369464 
381	 0,109883882276792 
382	 0,109912685573839 
383	 0,116896506884016 
384	 0,120672699924301 
385	 0,117524205081236 
386	 0,110942696891224 
387	 0,111078781651497 
388	 0,116725975125092 
389	 0,125199975881016 
390	 0,125010015273292 
391	 0,118041129910327 
392	 0,107930507818289 
393	 0,102541501269289 
394	 0,100713534577985 
395	 9,01890974661873E-02 
396	 8,78855181302602E-02 
397	 0,101428016317688 
398	 0,114016830922695 
399	 0,116867522024934 
400	 0,100311261381164 
401	 9,11294347622563E-02 
402	 9,38402720781397E-02 
403	 9,52595516618752E-02 
404	 0,095279526213694 
405	 9,43264027728259E-02 
406	 9,66353081388292E-02 
407	 9,89366000985887E-02 
408	 9,22999685493099E-02 
409	 9,38050763263056E-02 
410	 0,102836523520965 
411	 9,28877740553975E-02 
412	 0,082380234459497 
413	 8,83471821881888E-02 
414	 8,31469290633722E-02 
415	 7,22227060667679E-02 
416	 8,17538852599828E-02 
417	 9,05247812709391E-02 
418	 8,97776437938506E-02 
419	 8,41477700686171E-02 
420	 7,74247563054714E-02 
421	 7,38023514815031E-02 
422	 7,67363734631874E-02 
423	 8,36508084091955E-02 
424	 8,48558534833336E-02 
425	 0,081809382751872 
426	 7,64656257675336E-02 
427	 7,73612905845428E-02 
428	 8,14988546760513E-02 
429	 8,13630929248941E-02 
430	 8,16924995284751E-02 
431	 8,31414056964693E-02 
432	 8,32711008099025E-02 
433	 8,17508941855775E-02 
434	 7,85081270209873E-02 
435	 7,51917082434545E-02 
436	 7,39014090534054E-02 
437	 7,90976681616619E-02 
438	 8,23094530776875E-02 
439	 8,10537343555101E-02 
440	 8,42476501201925E-02 
441	 0,087252702593972 
442	 8,34228567129557E-02 
443	 8,07079694821447E-02 
444	 8,08272641347674E-02 
445	 8,18649490707434E-02 
446	 8,51605529398123E-02 
447	 0,090511085521656 
448	 8,96392690181009E-02 
449	 8,54899687705211E-02 
450	 8,55173392862861E-02 
451	 8,66079790129188E-02 
452	 8,77519093354432E-02 
453	 8,79729578246755E-02 
454	 0,089387383520824 
455	 9,35318495177337E-02 
456	 9,21019158291457E-02 
457	 8,69215852118922E-02 
458	 8,66984717855727E-02 
459	 8,77233293536875E-02 
460	 8,84122970681857E-02 
461	 8,86506321547593E-02 
462	 8,77416672143555E-02 
463	 8,48375345205806E-02 
464	 8,46701535442951E-02 
465	 8,75414749517009E-02 
466	 9,02511563573977E-02 
467	 9,15142619585707E-02 
468	 9,06043106351185E-02 
469	 8,96114920801256E-02 
470	 8,95408748236624E-02 
471	 9,19313080810594E-02 
472	 9,17322625322627E-02 
473	 8,86534304273604E-02 
474	 9,00352032611756E-02 
475	 9,17529964319736E-02 
476	 8,96449766414856E-02 
477	 9,03010932759427E-02 
478	 9,26964045053338E-02 
479	 8,99599321300326E-02 
480	 8,94735282114186E-02 
481	 9,33964621252992E-02 
482	 9,10335401236648E-02 
483	 8,66974700986075E-02 
484	 8,82654356575924E-02 
485	 8,87092554619718E-02 
486	 8,73960184612837E-02 
487	 8,95781809579099E-02 
488	 9,04058862887657E-02 
489	 8,66995754351854E-02 
490	 8,60873483247394E-02 
491	 8,73044066146456E-02 
492	 8,41260104437767E-02 
493	 8,31960437724883E-02 
494	 8,58749656328712E-02 
495	 8,65435955633329E-02 
496	 8,52743188260989E-02 
497	 8,27311050216576E-02 
498	 8,39727848387078E-02 
499	 8,78745179275117E-02 
500	 8,74141085878122E-02 
501	 8,60439720261811E-02 
502	 8,56744208266202E-02 
503	 8,50042133695797E-02 
504	 0,084893872137273 
505	 8,70902658181761E-02 
506	 0,088852782642535 
507	 8,96324051315898E-02 
508	 9,12094591275554E-02 
509	 9,24016331689548E-02 
510	 9,21941422039595E-02 
511	 9,22272900300194E-02 
512	 9,29343864214262E-02 
513	 9,46748785850768E-02 
514	 9,57814859575428E-02 
515	 9,56339141851167E-02 
516	 9,55521678395414E-02 
517	 9,57496471080822E-02 
518	 9,63059626176786E-02 
519	 9,68954388874184E-02 
520	 9,73146897876434E-02 
521	 9,71709494527919E-02 
522	 9,73069031639679E-02 
523	 9,82606707714084E-02 
524	 9,90382056563284E-02 
525	 9,92308808725024E-02 
526	 9,81102876510663E-02 
527	 9,79523904628354E-02 
528	 0,099167003235649 
529	 9,91874581752513E-02 
530	 9,85273558486004E-02 
531	 9,80079634448371E-02 
532	 9,85323208571376E-02 
533	 9,95536864183297E-02 
534	 9,86744984529575E-02 
535	 9,76460099695232E-02 
536	 9,75495274949633E-02 
537	 9,80686236036197E-02 
538	 9,87998907743931E-02 
539	 9,91912791268535E-02 
540	 9,86595792683552E-02 
541	 0,097539276263526 
542	 9,81409714774734E-02 
543	 9,94737147915125E-02 
544	 0,10041157128076 
545	 0,100426649571924 
546	 9,97470714468005E-02 
547	 0,09923208845269 
548	 9,94504561690284E-02 
549	 0,100524345304676 
550	 0,100961826931531 
551	 0,100919077255585 
552	 0,10093429679355 
553	 0,100847343671885 
554	 0,100727774204736 
555	 0,101039891480471 
556	 0,100900851112203 
557	 9,96605045581323E-02 
558	 9,88552201047424E-02 
559	 9,82822085779994E-02 
560	 9,65453637798816E-02 
561	 9,53538329792108E-02 
562	 9,52663131047421E-02 
563	 9,49502977832169E-02 
564	 9,46876275006173E-02 
565	 9,50132889318186E-02 
566	 9,49051736849817E-02 
567	 9,43750049854448E-02 
568	 9,43189075289076E-02 
569	 0,094860433063408 
570	 9,60443656372036E-02 
571	 0,097331744213857 
572	 9,86675128734673E-02 
573	 0,1000927239293 
574	 0,102294217742894 
575	 0,105115535814854 
576	 0,106449583933107 
577	 0,107544491549492 
578	 0,10991901217306 
579	 0,11149519633112 
580	 0,112437856358393 
581	 0,114750727449971 
582	 0,117017063412087 
583	 0,118428097538265 
584	 0,119303585632694 
585	 0,120246808065009 
586	 0,122272229987432 
587	 0,12390299093532 
588	 0,124824133765543 
589	 0,125917474348724 
590	 0,126920711920232 
591	 0,127549442701171 
592	 0,127608986719585 
593	 0,127572016903928 
594	 0,128843246048888 
595	 0,129858302487223 
596	 0,129927921110373 
597	 0,129919594726632 
598	 0,129729356128808 
599	 0,129035721135115 
600	 0,128970067637974 
601	 0,129380929000545 
602	 0,128357541151485 
603	 0,127168191924543 
604	 0,126816035376189 
605	 0,126450118729081 
606	 0,12581588371943 
607	 0,124567241664047 
608	 0,123733522731036 
609	 0,123511505686624 
610	 0,122502076134415 
611	 0,121196867528328 
612	 0,1203415551063 
613	 0,119392035636829 
614	 0,118246433998917 
615	 0,116902304522753 
616	 0,115851951840502 
617	 0,115400381421767 
618	 0,115098612532797 
619	 0,114845378966452 
620	 0,114632808050831 
621	 0,114150750461893 
622	 0,113571959468287 
623	 0,114324292200549 
624	 0,114924425975842 
625	 0,11385374434103 
626	 0,113523252231947 
627	 0,11409631783582 
628	 0,114467523467022 
629	 0,114768390692756 
630	 0,115072765860648 
631	 0,115701427918439 
632	 0,116312466934453 
633	 0,116255754461358 
634	 0,11682563309387 
635	 0,118176565122072 
636	 0,119184973656945 
637	 0,120336771526364 
638	 0,12198937112227 
639	 0,122936468245644 
640	 0,123362396284792 
641	 0,12425935092684 
642	 0,125400313289458 
643	 0,126568382189938 
644	 0,126892776370025 
645	 0,127087032763301 
646	 0,128173729752029 
647	 0,128699374801639 
648	 0,128427777386633 
649	 0,128008700961137 
650	 0,127107444729419 
651	 0,125583354658575 
652	 0,124274390474222 
653	 0,122965531439567 
654	 0,12093951215503 
655	 0,118676847331308 
656	 0,116424082610775 
657	 0,114527239655709 
658	 0,112398601430068 
659	 0,109449359804469 
660	 0,106849035718865 
661	 0,104645017680406 
662	 0,102099422950326 
663	 9,98888104262399E-02 
664	 9,82206512866638E-02 
665	 9,59785653349064E-02 
666	 9,37316399614076E-02 
667	 9,25213783551854E-02 
668	 9,18877727332798E-02 
669	 9,14545300173797E-02 
670	 0,0902982343457 
671	 8,92991073180001E-02 
672	 8,91347645024044E-02 
673	 8,88390751859437E-02 
674	 8,83398256775848E-02 
675	 0,08780919911236 
676	 0,087760239525058 
677	 8,81765804046245E-02 
678	 8,76836276402944E-02 
679	 8,71878210917444E-02 
680	 8,78761171858082E-02 
681	 8,84217830660035E-02 
682	 8,87533798953335E-02 
683	 8,96076985273914E-02 
684	 9,08637573545948E-02 
685	 9,24733946713365E-02 
686	 9,44935561531547E-02 
687	 9,69278665203053E-02 
688	 9,97120149221083E-02 
689	 0,103376814910875 
690	 0,108142983246338 
691	 0,113939786015374 
692	 0,120752645618941 
693	 0,128571523791843 
694	 0,137354427249577 
695	 0,147133375032471 
696	 0,157910621524175 
697	 0,170019765431445 
698	 0,183517865074502 
699	 0,197743312748071 
700	 0,212704092087344 
701	 0,228514742372435 
702	 0,244582634481968 
703	 0,260565568282202 
704	 0,276247841971803 
705	 0,291680846988654 
706	 0,306823450937493 
707	 0,321206967647636 
708	 0,334913006266266 
709	 0,348209296223884 
710	 0,361062439367529 
711	 0,373401011103957 
712	 0,384852341157865 
713	 0,395646142923676 
714	 0,405988823124363 
715	 0,415478438922674 
716	 0,424169760975046 
717	 0,432350302329693 
718	 0,440008261658799 
719	 0,447156364680764 
720	 0,453842479081834 
721	 0,459917098928905 
722	 0,465194965891516 
723	 0,470077810675613 
724	 0,474631789455817 
725	 0,47859632252609 
726	 0,482465578088834 
727	 0,486460860527331 
728	 0,489652201558339 
729	 0,492239299333329 
730	 0,494791449341041 
731	 0,497345747001501 
732	 0,499764309554144 
733	 0,501254855600274 
734	 0,502616240592105 
735	 0,504541350319429 
736	 0,506376534080251 
737	 0,507871021776881 
738	 0,508645527241361 
739	 0,509620137531345 
740	 0,511063940150439 
741	 0,512213608950016 
742	 0,513172647539906 
743	 0,51412660483577 
744	 0,514599755807873 
745	 0,514883109083505 
746	 0,516222519872524 
747	 0,517277330384068 
748	 0,51740159898442 
749	 0,517552805952723 
750	 0,517941724709766 
751	 0,518705149872748 
752	 0,519320383779368 
753	 0,519679445336208 
754	 0,519992318037658 
755	 0,520435001798439 
756	 0,521100639248766 
757	 0,521605028258539 
758	 0,521895911957219 
759	 0,522019128022208 
760	 0,52193601224411 
761	 0,521796984947537 
762	 0,522237273979893 
763	 0,522857814581989 
764	 0,523233271423435 
765	 0,523198687957261 
766	 0,523063653551696 
767	 0,523829942810761 
768	 0,523996651769849 
769	 0,52325935265567 
770	 0,523587604209988 
771	 0,524303862913735 
772	 0,524426410307712 
773	 0,524659298091557 
774	 0,524935174814292 
775	 0,524570399828986 
776	 0,524360326586411 
777	 0,52464939886733 
778	 0,524676163318543 
779	 0,524553177856093 
780	 0,524568132499461 
781	 0,524706138840136 
782	 0,524877385881913 
783	 0,524717715661153 
784	 0,524749689484258 
785	 0,525242175909168 
786	 0,525380702663265 
787	 0,525225963365028 
788	 0,525096811416207 
789	 0,525018307130968 
790	 0,525018811050461 
791	 0,525116812009853 
792	 0,525120894383132 
793	 0,524900107432173 
794	 0,524783606005048 
795	 0,524724824194928 
796	 0,524476674052349 
797	 0,52438318538503 
798	 0,524517951414445 
799	 0,524655745730283 
800	 0,524671507054998 
801	 0,52447735671387 
802	 0,524334487200708 
803	 0,524338646252498 
804	 0,52459768318991 
805	 0,524819939906549 
806	 0,524875504695358 
807	 0,524743389455707 
808	 0,524762720233681 
809	 0,525272611969085 
810	 0,52581992704225 
811	 0,5261067883304 
812	 0,52554315565922 
813	 0,525378070261841 
814	 0,526004284359809 
815	 0,526166237805944 
816	 0,526093371937143 
817	 0,52618842830116 
818	 0,526364491391686 
819	 0,526567616057935 
820	 0,526652980191789 
821	 0,526831640207531 
822	 0,527146414358226 
823	 0,527208426573014 
824	 0,527093094843687 
825	 0,526955607499874 
826	 0,527385470389372 
827	 0,52808707595747 
828	 0,527595328790143 
829	 0,527428968550703 
830	 0,528201236646959 
831	 0,528314498645707 
832	 0,528070328618528 
833	 0,528113043025826 
834	 0,528040746630943 
835	 0,527884547707138 
836	 0,528027648682527 
837	 0,528154788303696 
838	 0,528091902735309 
839	 0,52789203106608 
840	 0,527822345272113 
841	 0,528239346540365 
842	 0,527959015674886 
843	 0,527189486477204 
844	 0,527667202384394 
845	 0,528062241761362 
846	 0,527774575659948 
847	 0,52813724711376 
848	 0,528643296284076 
849	 0,528396158900716 
850	 0,528408854016892 
851	 0,528673511195658 
852	 0,528319730058743 
853	 0,527824968136018 
854	 0,527568663367524 
855	 0,528226278300795 
856	 0,528891150610511 
857	 0,528258989195861 
858	 0,528263052260878 
859	 0,528983337211097 
860	 0,529196136642992 
861	 0,528725562620746 
862	 0,527699034987264 
863	 0,527628461783262 
864	 0,528164484290642 
865	 0,528615928342582 
866	 0,528988334663159 
867	 0,529144160375936 
868	 0,528795654024637 
869	 0,528335284172194 
870	 0,528035592601282 
871	 0,52807836428475 
872	 0,528590114806123 
873	 0,529639107503228 
874	 0,529653304211059 
875	 0,528856210074398 
876	 0,528989070644958 
877	 0,528948952969118 
878	 0,528570628328966 
879	 0,529580878386398 
880	 0,530482251371905 
881	 0,529652886716843 
882	 0,529642039256906 
883	 0,530483143239215 
884	 0,530959738187936 
885	 0,5308938431205 
886	 0,530389879320089 
887	 0,530580173699056 
888	 0,53103351887476 
889	 0,531236916895748 
890	 0,530829422551254 
891	 0,530224954130906 
892	 0,530470409267061 
893	 0,530722696845416 
894	 0,530800860839984 
895	 0,531233560856492 
896	 0,53145354586389 
897	 0,531071200982792 
898	 0,530853320644266 
899	 0,530920799195921 
900	 0,531230578361238 
901	 0,53194134866774 
902	 0,532772061618093 
903	 0,532649268878355 
904	 0,532361892111888 
905	 0,532346947472916 
906	 0,531749209635097 
907	 0,531262168696819 
908	 0,531961626257432 
909	 0,532062445882471 
910	 0,531431054378551 
911	 0,531126342104838 
912	 0,530869364989559 
913	 0,530621163884587 
914	 0,530670712786377 
915	 0,53123091488025 
916	 0,532397454591726 
917	 0,532166044764278 
918	 0,531078822279933 
919	 0,531663123998913 
920	 0,531684760970572 
921	 0,53059425318679 
922	 0,529545023476132 
923	 0,528971204719301 
924	 0,529131617185398 
925	 0,529254098737377 
926	 0,529246004664387 
927	 0,529248308962605 
928	 0,528429196947673 
929	 0,526976877134798 
930	 0,526393696837607 
931	 0,526180739056184 
932	 0,526024868369134 
933	 0,52603844800568 
934	 0,525667444328303 
935	 0,52427039252355 
936	 0,523375025505793 
937	 0,52298289312836 
938	 0,522013719108531 
939	 0,521295101756574 
940	 0,520860560803164 
941	 0,519186384658547 
942	 0,517971893546276 
943	 0,518597115162576 
944	 0,518637959295721 
945	 0,517658370931504 
946	 0,515656302697888 
947	 0,514200951294271 
948	 0,513363272746948 
949	 0,511448549246415 
950	 0,509397229388956 
951	 0,50785338711897 
952	 0,507328382934201 
953	 0,506767114728746 
954	 0,504879470899146 
955	 0,502587723983605 
956	 0,500614255680452 
957	 0,500223755211182 
958	 0,500307077096545 
959	 0,500140261916562 
960	 0,498456105154702 
961	 0,497193804359365 
962	 0,497602613397499 
963	 0,496849594692427 
964	 0,495570151444122 
965	 0,495319261035742 
966	 0,494990665132683 
967	 0,494215328597512 
968	 0,492570202025122 
969	 0,491653494681942 
970	 0,492050744059942 
971	 0,492790514845873 
972	 0,49275524722963 
973	 0,491229050137567 
974	 0,490831549181217 
975	 0,492042857634348 
976	 0,494919626858921 
977	 0,495109397899164 
978	 0,492733056384542 
979	 0,492724626294302 
980	 0,493872961450521 
981	 0,495261911788006 
982	 0,495147280762148 
983	 0,494395708976704 
984	 0,494181834792174 
985	 0,495905616780996 
986	 0,4980348300013 
987	 0,497212132044429 
988	 0,495735064540255 
989	 0,494792858096628 
990	 0,495929210677823 
991	 0,497262086674728 
992	 0,498017141595092 
993	 0,500369567726697 
994	 0,502235517139154 
995	 0,501510333006904 
996	 0,501493598288516 
997	 0,50232719722218 
998	 0,503079314959011 
999	 0,50291379088618 
1000	 0,502552309331926 
1001	 0,505886048152699 
1002	 0,506680190326332 
1003	 0,503291793281321 
1004	 0,505969055067224 
1005	 0,50971480526863 
1006	 0,509055643925423 
1007	 0,507480411588599 
1008	 0,506472410715789 
1009	 0,507545094230752 
1010	 0,508235683661264 
1011	 0,50848369811976 
1012	 0,510495010932891 
1013	 0,512475738983766 
1014	 0,513399770147515 
1015	 0,512511226405227 
1016	 0,512821745983301 
1017	 0,516339197879126 
1018	 0,517628982452494 
1019	 0,516653699432929 
1020	 0,514663395712498 
1021	 0,5155462450781 
1022	 0,51884566930278 
1023	 0,52072744728266 
1024	 0,520377369528512 
1025	 0,518796010927799 
1026	 0,522696333086388 
1027	 0,524700098795891 
1028	 0,520731729757418 
1029	 0,519230851564935 
1030	 0,520025032570748 
1031	 0,521745873339404 
1032	 0,52441293976665 
1033	 0,526543556551898 
1034	 0,525373619739602 
1035	 0,52669343403209 
1036	 0,529827457661593 
1037	 0,526392015035328 
1038	 0,523500201111002 
1039	 0,524796657156177 
1040	 0,53034346800703 
1041	 0,532978638092787 
1042	 0,527833435967433 
1043	 0,525651925116579 
1044	 0,52715591400822 
1045	 0,530978580319987 
1046	 0,531656801639615 
1047	 0,529707970043894 
1048	 0,529890855688853 
1049	 0,528012033767693 
1050	 0,524697597488454 
1051	 0,526827503650603 
1052	 0,52715197963004 
1053	 0,523296472570306 
1054	 0,524238402624074 
1055	 0,526390828060587 
1056	 0,52635385316377 
1057	 0,526253885771633 
1058	 0,527449440722458 
1059	 0,531191525508955 
1060	 0,531785458307294 
1061	 0,531727544460754 
1062	 0,540156135530945 
1063	 0,538761202342937 
1064	 0,527199843197418 
1065	 0,523853283968508 
1066	 0,528168007762369 
1067	 0,536314416453168 
1068	 0,526870460659761 
1069	 0,522416922836089 
1070	 0,536437394560982 
1071	 0,529674975007941 
1072	 0,523515861177264 
1073	 0,544105755247438 
1074	 0,528564266053745 
1075	 0,497727451650038 
