Wavelength	AURAY00669.asd
325	 0,124256789920264 
326	 0,303160532156815 
327	 0,324679078376207 
328	 0,153950515406241 
329	 0,165905083186384 
330	 0,249340384006167 
331	 0,296557875708539 
332	 0,250210704565137 
333	 0,154157744007843 
334	 0,143844363229164 
335	 0,214923060721432 
336	 0,305164811921092 
337	 0,201609466705742 
338	 7,92567961331459E-02 
339	 0,107108037705893 
340	 0,174185417832901 
341	 0,228198265765971 
342	 0,222088745113759 
343	 0,203058191430535 
344	 0,188388145039702 
345	 0,177168583105304 
346	 0,153666982506197 
347	 0,100558208483177 
348	 9,41042634243073E-02 
349	 0,12894635417978 
350	 0,152975616848604 
351	 0,144539201468808 
352	 0,10315189033182 
353	 7,70878943636718E-02 
354	 6,56081544167327E-02 
355	 6,39994158874197E-02 
356	 0,094090498319434 
357	 0,134526287470088 
358	 0,100949481196048 
359	 7,31548595413682E-02 
360	 8,72599767268866E-02 
361	 0,130447242400235 
362	 0,15431121405401 
363	 9,76071542326213E-02 
364	 8,66845799173118E-02 
365	 0,127181838164392 
366	 0,129910559943839 
367	 0,11561391905532 
368	 9,99191943329131E-02 
369	 9,91734394798479E-02 
370	 0,108035839102773 
371	 0,112902861951706 
372	 0,120467999935858 
373	 0,129553205342867 
374	 0,134497336563961 
375	 0,121537971867803 
376	 8,38690501503325E-02 
377	 7,65075329148711E-02 
378	 0,100629859599161 
379	 0,133560350476114 
380	 0,142226031010661 
381	 0,125355907326545 
382	 0,12329371838148 
383	 0,13366154971691 
384	 0,149474825828743 
385	 0,13532835828625 
386	 0,105562746951037 
387	 0,113724326200498 
388	 0,124716696939552 
389	 0,125742973742381 
390	 0,12315312100954 
391	 0,11608005774336 
392	 0,103296540449068 
393	 0,11335453400937 
394	 0,135981053323883 
395	 0,127303367495069 
396	 0,112335615921009 
397	 0,105984481068864 
398	 0,104020032883946 
399	 0,10433423234865 
400	 0,104442345768595 
401	 0,105207788521112 
402	 0,107109530157229 
403	 0,112957206324424 
404	 0,112530898235194 
405	 0,101167266151877 
406	 0,102503784833472 
407	 0,109067349134293 
408	 9,74580189908635E-02 
409	 9,48841930154135E-02 
410	 0,104597155496984 
411	 0,102968905701592 
412	 0,101069518019087 
413	 0,109161806781065 
414	 0,104920370418892 
415	 9,29973229233568E-02 
416	 9,41256666866423E-02 
417	 9,80368537287914E-02 
418	 9,97178465201765E-02 
419	 9,51777826701009E-02 
420	 9,03746630807661E-02 
421	 9,33118280461738E-02 
422	 9,52031451976776E-02 
423	 9,52170835177263E-02 
424	 0,098479009310559 
425	 9,86328848013389E-02 
426	 9,29079463518955E-02 
427	 9,13726547551713E-02 
428	 9,37123762297226E-02 
429	 9,70298594189506E-02 
430	 9,84629648413415E-02 
431	 9,74289095566807E-02 
432	 9,62781913331141E-02 
433	 9,55959764859246E-02 
434	 9,58036776757449E-02 
435	 9,71496524350547E-02 
436	 9,85387597032937E-02 
437	 9,75237342086688E-02 
438	 9,51595239043168E-02 
439	 9,26584771061373E-02 
440	 9,41938159891311E-02 
441	 0,096329149830146 
442	 0,094366553339858 
443	 9,38220725188582E-02 
444	 9,55747286721606E-02 
445	 9,80661993622169E-02 
446	 9,97436122957987E-02 
447	 9,95773240748525E-02 
448	 0,098169417054627 
449	 9,63924913194334E-02 
450	 9,54287989473905E-02 
451	 9,61729042934669E-02 
452	 9,80835878948678E-02 
453	 0,096979756390567 
454	 9,72050870342485E-02 
455	 0,102440050471 
456	 0,103367679744878 
457	 0,100594998055507 
458	 0,100906948928157 
459	 9,93538431818379E-02 
460	 9,53686073136605E-02 
461	 9,83807412259115E-02 
462	 0,103020618104201 
463	 0,101163748664021 
464	 0,100826469850106 
465	 0,102731831106146 
466	 0,102346408865214 
467	 0,101540639760656 
468	 0,101558174966662 
469	 0,10157289326165 
470	 0,101859982266216 
471	 0,103407361893253 
472	 0,102844069682787 
473	 0,100401852892746 
474	 0,10301227578802 
475	 0,105331591465873 
476	 0,102122713135794 
477	 0,101521876887579 
478	 0,103057647093316 
479	 0,100275859816724 
480	 9,94634810688883E-02 
481	 0,102783027120873 
482	 0,103224282421445 
483	 0,102735636390777 
484	 0,105382534152548 
485	 0,105280943223102 
486	 0,102094242215242 
487	 0,100547520141281 
488	 0,100182913056634 
489	 0,10052023251143 
490	 0,101142769190314 
491	 0,100992143048058 
492	 9,74473605681043E-02 
493	 9,65784787808179E-02 
494	 9,94445756766129E-02 
495	 9,87819026769432E-02 
496	 9,72548914059197E-02 
497	 9,84227998180897E-02 
498	 9,84447685910423E-02 
499	 9,75640323617264E-02 
500	 9,91632957494167E-02 
501	 0,100826790222024 
502	 0,101081948348472 
503	 9,96131117655589E-02 
504	 9,83715227558152E-02 
505	 0,100810527278339 
506	 0,102932783979376 
507	 0,103671624492421 
508	 0,104144977808039 
509	 0,104711646254044 
510	 0,105584860510936 
511	 0,105092342057252 
512	 0,104083600465882 
513	 0,105565772026121 
514	 0,107052418374963 
515	 0,107354655623663 
516	 0,106279097402827 
517	 0,105356003934533 
518	 0,106670186810936 
519	 0,108079840672087 
520	 0,108976339176113 
521	 0,109549361319324 
522	 0,109677462922062 
523	 0,109358002579988 
524	 0,109529419575898 
525	 0,109867619782406 
526	 0,109178795611185 
527	 0,108956822605636 
528	 0,109501477887397 
529	 0,109403068495595 
530	 0,10914612159774 
531	 0,109396826788483 
532	 0,110281996428593 
533	 0,111238179052852 
534	 0,110485436482786 
535	 0,10967491264259 
536	 0,109727212921573 
537	 0,109446729726567 
538	 0,109084868367815 
539	 0,10943571130676 
540	 0,109266424756642 
541	 0,108551122340886 
542	 0,108914575953549 
543	 0,109945766593927 
544	 0,111076328631503 
545	 0,110539769369148 
546	 0,109017392440783 
547	 0,109354643772665 
548	 0,110294155218955 
549	 0,11112215658977 
550	 0,111277255044079 
551	 0,111109913305541 
552	 0,111299318605929 
553	 0,111203752621108 
554	 0,110908548410884 
555	 0,111615695262032 
556	 0,111610037876347 
557	 0,109680944880582 
558	 0,109548890699872 
559	 0,110454277485294 
560	 0,108642082935672 
561	 0,107313983373468 
562	 0,10756265307972 
563	 0,107683326729731 
564	 0,10752282096885 
565	 0,107085924933849 
566	 0,107188287717222 
567	 0,107759782714373 
568	 0,107646387469497 
569	 0,107872076078107 
570	 0,109079975268025 
571	 0,110101384174994 
572	 0,110891405294695 
573	 0,111747062057749 
574	 0,112953698443201 
575	 0,114431555884156 
576	 0,115080013621114 
577	 0,115847200548259 
578	 0,117831761302935 
579	 0,119195877375296 
580	 0,119864426147083 
581	 0,121032021825166 
582	 0,122011927555218 
583	 0,122515584829055 
584	 0,123380197242355 
585	 0,1244614515823 
586	 0,125315959212233 
587	 0,126213574963268 
588	 0,127144711524115 
589	 0,127740477659491 
590	 0,128354061101428 
591	 0,12926149900306 
592	 0,128982117722965 
593	 0,128202603842301 
594	 0,129636919075028 
595	 0,130789839319127 
596	 0,130600491689208 
597	 0,130477852454314 
598	 0,130352673741039 
599	 0,12989535688677 
600	 0,129423808533025 
601	 0,129057548139968 
602	 0,1287764680109 
603	 0,12881571370031 
604	 0,129226232536495 
605	 0,128365002236623 
606	 0,12683025798958 
607	 0,126823273292553 
608	 0,126558474591706 
609	 0,12558104501357 
610	 0,12525226715522 
611	 0,125137777233523 
612	 0,124572425083077 
613	 0,124207158738195 
614	 0,123990517431317 
615	 0,123260144173016 
616	 0,12238326750497 
617	 0,121649849126678 
618	 0,12125858534996 
619	 0,12116422224654 
620	 0,121236030682425 
621	 0,121192207758747 
622	 0,121004442632605 
623	 0,121112730524766 
624	 0,121344237966736 
625	 0,121494630279047 
626	 0,12159642101071 
627	 0,121681243912269 
628	 0,121787188361112 
629	 0,12211484306854 
630	 0,122741175702952 
631	 0,123441734614595 
632	 0,123949647475808 
633	 0,123884946763783 
634	 0,123917117389717 
635	 0,12434426805024 
636	 0,125375403522201 
637	 0,126570319042417 
638	 0,127541749934866 
639	 0,128457945105332 
640	 0,129333861265874 
641	 0,130259381577869 
642	 0,130574045410118 
643	 0,130298534146502 
644	 0,131282471876238 
645	 0,132646819988702 
646	 0,133046965278534 
647	 0,132829181992857 
648	 0,132229525061903 
649	 0,131756039883575 
650	 0,131461805668991 
651	 0,131326425115031 
652	 0,130920593339155 
653	 0,129944066328414 
654	 0,127888490764237 
655	 0,126058180496018 
656	 0,124841388384347 
657	 0,123520239782037 
658	 0,122152005092254 
659	 0,120815967093877 
660	 0,118899279807285 
661	 0,116726194381982 
662	 0,115581374322494 
663	 0,114463399889374 
664	 0,112862277797197 
665	 0,111020019381113 
666	 0,109255971112155 
667	 0,107956502904398 
668	 0,107621387394738 
669	 0,107860085033277 
670	 0,106561663940266 
671	 0,105381655378445 
672	 0,10558649261671 
673	 0,10516046559239 
674	 0,1043279333937 
675	 0,104413727411158 
676	 0,104985306369178 
677	 0,105569061694288 
678	 0,104348110287227 
679	 0,103174774144735 
680	 0,104373535605014 
681	 0,105091753988552 
682	 0,105137868885023 
683	 0,106102670228509 
684	 0,107475958357786 
685	 0,108932925297787 
686	 0,110270407292606 
687	 0,111798619200284 
688	 0,114043520660045 
689	 0,117257372334991 
690	 0,12133934980372 
691	 0,125281819417664 
692	 0,129997241785299 
693	 0,136280374606987 
694	 0,142822564521673 
695	 0,149775293665551 
696	 0,158103135981929 
697	 0,167419911498563 
698	 0,177507058465226 
699	 0,187926132678683 
700	 0,198982223176396 
701	 0,21113063859266 
702	 0,223294476995955 
703	 0,235175406484019 
704	 0,246955708388822 
705	 0,258974758763043 
706	 0,271298131977902 
707	 0,282595252086364 
708	 0,293223319810382 
709	 0,304248709763219 
710	 0,31465235867876 
711	 0,324170361586226 
712	 0,333084893110132 
713	 0,341522108907232 
714	 0,349604698504984 
715	 0,357583408653402 
716	 0,365258406627403 
717	 0,371923155999461 
718	 0,378387770050293 
719	 0,3848708510906 
720	 0,390478672135212 
721	 0,395617339049039 
722	 0,400907112915913 
723	 0,405309063884147 
724	 0,408939612115662 
725	 0,413071403511762 
726	 0,416718637060934 
727	 0,419399424710557 
728	 0,422391848344118 
729	 0,425554224523124 
730	 0,428302476823475 
731	 0,431054313950544 
732	 0,43364868923053 
733	 0,43484898285071 
734	 0,436039811437648 
735	 0,438400745172008 
736	 0,440588356861412 
737	 0,442286755520267 
738	 0,443317027005018 
739	 0,444404468946195 
740	 0,445825154984103 
741	 0,447261632715452 
742	 0,448550873562527 
743	 0,449541921482861 
744	 0,450568164462229 
745	 0,451690115017357 
746	 0,45283873526088 
747	 0,453943740644721 
748	 0,454892113634933 
749	 0,455254218333109 
750	 0,455432795180361 
751	 0,456086885997258 
752	 0,457194312533747 
753	 0,458479473167626 
754	 0,458894378318755 
755	 0,459389369734658 
756	 0,460573785216424 
757	 0,461146557677643 
758	 0,461370401278803 
759	 0,46220817629787 
760	 0,462823754100374 
761	 0,463095526352798 
762	 0,463750624144027 
763	 0,464452496247425 
764	 0,464864127748436 
765	 0,465292732919126 
766	 0,46575984344433 
767	 0,466199441183687 
768	 0,466412341869388 
769	 0,46648624653378 
770	 0,46739493788913 
771	 0,468455197709803 
772	 0,468785765340925 
773	 0,469062700897512 
774	 0,469324371420367 
775	 0,469172863718529 
776	 0,469166887044258 
777	 0,469607710903603 
778	 0,470337256662259 
779	 0,471007711258659 
780	 0,471156546459725 
781	 0,471340856744412 
782	 0,471614211331794 
783	 0,471516857547542 
784	 0,471759195643198 
785	 0,472661768504698 
786	 0,472718597121995 
787	 0,472344023255168 
788	 0,472634924613671 
789	 0,473293791293256 
790	 0,474045222403357 
791	 0,474077653971151 
792	 0,474078413480025 
793	 0,474590263645418 
794	 0,475100367988014 
795	 0,475414767196609 
796	 0,47526873195473 
797	 0,475400306329097 
798	 0,475934805784618 
799	 0,476089207231123 
800	 0,47624510423307 
801	 0,476761865652614 
802	 0,477018968044351 
803	 0,477081174679211 
804	 0,477425015925021 
805	 0,477685580903154 
806	 0,477797636990843 
807	 0,478080683932811 
808	 0,478615495434392 
809	 0,479436537431636 
810	 0,480157351801195 
811	 0,480460144602037 
812	 0,479646741650922 
813	 0,479356410692653 
814	 0,480114896868585 
815	 0,480220835899727 
816	 0,48026784999236 
817	 0,481096272295779 
818	 0,481329906391823 
819	 0,481045479743947 
820	 0,481412364532469 
821	 0,481899249869576 
822	 0,482251222660265 
823	 0,48253759360871 
824	 0,482553902996343 
825	 0,482062876490338 
826	 0,482370633669008 
827	 0,483337703552494 
828	 0,483497680406995 
829	 0,483395489752837 
830	 0,483334744106576 
831	 0,483419543658861 
832	 0,483625595820258 
833	 0,483888239641886 
834	 0,484060575353279 
835	 0,484169017129237 
836	 0,484462727184438 
837	 0,484692571036276 
838	 0,484730083150072 
839	 0,484638872765002 
840	 0,484774049654954 
841	 0,485603112354655 
842	 0,485784753183742 
843	 0,4852980608245 
844	 0,485296565667091 
845	 0,485267913557692 
846	 0,485081943066729 
847	 0,485787665110286 
848	 0,486696872907316 
849	 0,486712149661609 
850	 0,486538302131404 
851	 0,486497962927281 
852	 0,487065134149446 
853	 0,487461267261685 
854	 0,487338827325982 
855	 0,487558919033491 
856	 0,487806041044983 
857	 0,487531777383501 
858	 0,487872299104744 
859	 0,488666172342336 
860	 0,488455742271778 
861	 0,488346747267982 
862	 0,488779181961699 
863	 0,488539984373377 
864	 0,488380614141595 
865	 0,489389203232822 
866	 0,489552229267963 
867	 0,489000352991789 
868	 0,489719359544753 
869	 0,490132378351263 
870	 0,489704832977947 
871	 0,490043606830061 
872	 0,490521798099695 
873	 0,49024878315543 
874	 0,490389034741411 
875	 0,490824777896085 
876	 0,490447221209633 
877	 0,49023746629444 
878	 0,490557392544062 
879	 0,490949924044342 
880	 0,49107360599993 
881	 0,490666472863191 
882	 0,490954464807015 
883	 0,491856946840083 
884	 0,492569800306747 
885	 0,492767184254547 
886	 0,492457557665479 
887	 0,492582610989943 
888	 0,4927866621408 
889	 0,492699607817692 
890	 0,492691156154933 
891	 0,492728933208488 
892	 0,492558721073507 
893	 0,492751052338635 
894	 0,493358078444388 
895	 0,493810092102873 
896	 0,493783065886986 
897	 0,493178278719327 
898	 0,493342202967027 
899	 0,49409246815315 
900	 0,494701100396225 
901	 0,495323789890788 
902	 0,495769045271701 
903	 0,495322258974376 
904	 0,494886152342745 
905	 0,494971220581018 
906	 0,494723364329523 
907	 0,494307702633941 
908	 0,494093707053247 
909	 0,494440040101293 
910	 0,495073802790475 
911	 0,49488377967053 
912	 0,494510790375714 
913	 0,494343114938753 
914	 0,494716187539096 
915	 0,495145642681502 
916	 0,495094868503075 
917	 0,495532390623753 
918	 0,496166299570788 
919	 0,495771708168075 
920	 0,495509001650731 
921	 0,49557532239119 
922	 0,494804861487651 
923	 0,494224308069525 
924	 0,494610781235985 
925	 0,494432029776259 
926	 0,494031830530198 
927	 0,494507702330136 
928	 0,494200941301457 
929	 0,493095170181757 
930	 0,492968241751682 
931	 0,49270760939355 
932	 0,491874643150599 
933	 0,492236009702127 
934	 0,492797872890079 
935	 0,492085785177895 
936	 0,491193932265047 
937	 0,490471814243219 
938	 0,490306186747933 
939	 0,489367730837105 
940	 0,487704245126448 
941	 0,488321698801167 
942	 0,489265037586198 
943	 0,488713084915421 
944	 0,488185881756867 
945	 0,487513977507968 
946	 0,48598809508424 
947	 0,484046666928087 
948	 0,482208709252407 
949	 0,481751720504831 
950	 0,481222487115221 
951	 0,479941942726731 
952	 0,479612493218631 
953	 0,479005902668624 
954	 0,476577994574875 
955	 0,475047901106254 
956	 0,474774787342291 
957	 0,475228909296736 
958	 0,474974049382994 
959	 0,473624160988795 
960	 0,47215829609131 
961	 0,471703347132606 
962	 0,472711865800284 
963	 0,471651294871672 
964	 0,469992079574074 
965	 0,470691600830957 
966	 0,471615732375371 
967	 0,471650741951694 
968	 0,468989834002173 
969	 0,46690634048997 
970	 0,466970437735478 
971	 0,468823783762166 
972	 0,47031984751245 
973	 0,469724003265828 
974	 0,470000682300326 
975	 0,470921268550321 
976	 0,471202269561551 
977	 0,470945664719092 
978	 0,470798145569852 
979	 0,473070746277121 
980	 0,474440831432641 
981	 0,473415039260042 
982	 0,472018858641822 
983	 0,471044343312134 
984	 0,471186614558255 
985	 0,47297173402276 
986	 0,475272884866939 
987	 0,475914542403366 
988	 0,475541040667993 
989	 0,474869672660738 
990	 0,47571481305744 
991	 0,476963217752323 
992	 0,478015564152889 
993	 0,479160245031107 
994	 0,480377730472287 
995	 0,481527301159965 
996	 0,481280394845217 
997	 0,480363740063201 
998	 0,480589273715642 
999	 0,481451180029416 
1000	 0,482987366221431 
1001	 0,486128834870489 
1002	 0,487048286264386 
1003	 0,484840546946635 
1004	 0,486611372208576 
1005	 0,48908781754544 
1006	 0,488599617781933 
1007	 0,48671442009289 
1008	 0,485435293853519 
1009	 0,487690547959583 
1010	 0,48961325456335 
1011	 0,490488553504355 
1012	 0,492287349329299 
1013	 0,491295048799779 
1014	 0,487499614288638 
1015	 0,489261424912288 
1016	 0,492752806042946 
1017	 0,494348151719541 
1018	 0,496540309643307 
1019	 0,498100923581667 
1020	 0,496868063292333 
1021	 0,495793168030427 
1022	 0,495430973246511 
1023	 0,494382624317995 
1024	 0,49835014410567 
1025	 0,506058347025904 
1026	 0,502963265170727 
1027	 0,499932648643193 
1028	 0,503432486641028 
1029	 0,503341090197509 
1030	 0,501302696335202 
1031	 0,500666536517528 
1032	 0,505420254693372 
1033	 0,510217828421115 
1034	 0,502839450229662 
1035	 0,498591501951729 
1036	 0,500882914004859 
1037	 0,505221362118688 
1038	 0,507473828392525 
1039	 0,505996930109264 
1040	 0,504921531401098 
1041	 0,506256673477208 
1042	 0,510835245625266 
1043	 0,513650088890269 
1044	 0,51318408435321 
1045	 0,508865390373743 
1046	 0,511317674966018 
1047	 0,518041957351897 
1048	 0,517813746566471 
1049	 0,513044563543721 
1050	 0,507213064722994 
1051	 0,510570129994793 
1052	 0,511448982005193 
1053	 0,505598689645553 
1054	 0,504583284562016 
1055	 0,509140831582068 
1056	 0,517475573138348 
1057	 0,515468754724479 
1058	 0,50951409752866 
1059	 0,511284937477762 
1060	 0,50840295750209 
1061	 0,50442859632668 
1062	 0,513021301329566 
1063	 0,518369650857862 
1064	 0,518616725131195 
1065	 0,527276422405033 
1066	 0,529178515176581 
1067	 0,519277440465044 
1068	 0,509132522878457 
1069	 0,506250897761049 
1070	 0,514157799537014 
1071	 0,520530560393433 
1072	 0,523580795213375 
1073	 0,522956750233635 
1074	 0,516486357527788 
1075	 0,50903177925561 
