Wavelength	AURAY00452.asd
325	 0,135960052550059 
326	 0,292479267943952 
327	 0,249909179379344 
328	-2,98194329832021E-03 
329	 0,143164916046922 
330	 0,32708313487624 
331	 0,30486256422833 
332	 0,193422924656687 
333	 6,49278480233871E-02 
334	 9,71713561460495E-02 
335	 0,182119672216005 
336	 0,247328559693184 
337	 0,179946615129938 
338	 0,116448153676908 
339	 0,178861518679388 
340	 0,176348635260163 
341	 0,117872541207881 
342	 7,26533915809846E-02 
343	 7,94550223910532E-02 
344	 0,144899164294582 
345	 0,198641972914739 
346	 0,193083114277587 
347	 9,75084473542381E-02 
348	 7,50446172311225E-02 
349	 0,120789764705199 
350	 0,125653507998131 
351	 0,107690120138898 
352	 7,65623493006741E-02 
353	 6,19937153982568E-02 
354	 6,04946312867899E-02 
355	 6,40090035939149E-02 
356	 7,26363441736964E-02 
357	 0,080899282103564 
358	 6,95945364131488E-02 
359	 6,48812907481876E-02 
360	 8,01342062294161E-02 
361	 0,122651799781845 
362	 0,15518872544783 
363	 0,129340299935298 
364	 0,111934360422253 
365	 0,113490080013435 
366	 0,114433128449011 
367	 9,25650300453117E-02 
368	 4,61734691203921E-02 
369	 0,097723054869386 
370	 0,173776222736236 
371	 0,130080555225889 
372	 9,85568641399763E-02 
373	 0,107469284628867 
374	 0,104323331516487 
375	 0,105848793678503 
376	 0,122765936463156 
377	 0,11513738430753 
378	 9,65116336833758E-02 
379	 0,114561648317726 
380	 0,122399568933925 
381	 0,111430561166518 
382	 0,105214794121816 
383	 9,96236663074268E-02 
384	 8,98637649067275E-02 
385	 8,88698426179589E-02 
386	 9,71448435287909E-02 
387	 0,109545447032638 
388	 0,122502404508433 
389	 0,132171709202034 
390	 0,126822779739102 
391	 0,115973624007536 
392	 0,111786171835039 
393	 0,112289340497304 
394	 0,112945282561388 
395	 0,10076202080083 
396	 9,09973584980455E-02 
397	 9,28157887495593E-02 
398	 0,100094929311303 
399	 0,107540767357323 
400	 0,109399100081314 
401	 0,109319759915785 
402	 0,10788372752543 
403	 0,103292385730194 
404	 0,100241043888453 
405	 0,101900262810706 
406	 0,109752596455078 
407	 0,115602313101808 
408	 0,101856826095185 
409	 0,093649253122984 
410	 9,69772051381715E-02 
411	 0,100998691966204 
412	 0,102255278860313 
413	 9,83136970230589E-02 
414	 0,094190048348509 
415	 9,20896506859499E-02 
416	 9,38136723197699E-02 
417	 9,89781492363737E-02 
418	 0,105536191173454 
419	 0,104923560452681 
420	 9,93649214476326E-02 
421	 9,26876387877373E-02 
422	 9,09662471161436E-02 
423	 9,37431039704769E-02 
424	 0,094601826792833 
425	 9,34422855014706E-02 
426	 9,04404299931337E-02 
427	 8,76039501409747E-02 
428	 8,65250434223848E-02 
429	 8,93174338801106E-02 
430	 9,25215453293823E-02 
431	 9,46249392011667E-02 
432	 9,49496699644578E-02 
433	 9,34913779299575E-02 
434	 9,05267920051112E-02 
435	 8,96617054533345E-02 
436	 9,09973502124285E-02 
437	 9,28007107160761E-02 
438	 9,51624440026628E-02 
439	 9,75956188420625E-02 
440	 9,86542537331002E-02 
441	 9,72903827612212E-02 
442	 9,23881277702368E-02 
443	 9,20325658358826E-02 
444	 9,61982085059452E-02 
445	 9,75892396635445E-02 
446	 9,82636323080007E-02 
447	 9,94177327725592E-02 
448	 0,100775077994266 
449	 0,10097963039913 
450	 9,71915114443299E-02 
451	 9,68763382065731E-02 
452	 0,10093637498426 
453	 0,101924346928045 
454	 0,101592646732808 
455	 0,101907002111804 
456	 0,10332884373792 
457	 0,104900062166299 
458	 0,103845258901949 
459	 0,102489106269136 
460	 0,101912594938895 
461	 0,101943077686042 
462	 0,102099107449118 
463	 0,101765651874022 
464	 0,100957883689626 
465	 0,100355678447643 
466	 0,102306363552963 
467	 0,103882942777159 
468	 0,103250879949254 
469	 0,102852172676132 
470	 0,103169042715532 
471	 0,104494597214619 
472	 0,10507870714247 
473	 0,104811232901569 
474	 0,106704831921564 
475	 0,107103279195821 
476	 0,102684550304748 
477	 0,102731311545583 
478	 0,106142885074922 
479	 0,104201483322824 
480	 0,103575532547954 
481	 0,106474323995541 
482	 0,105470583619709 
483	 0,10341540460686 
484	 0,105670125097567 
485	 0,105070231030995 
486	 0,101377351950847 
487	 0,10142745550518 
488	 0,100834103994511 
489	 9,68531389454963E-02 
490	 9,82844179910783E-02 
491	 0,102162750553493 
492	 9,82201381718621E-02 
493	 9,63731005893917E-02 
494	 9,89641774691211E-02 
495	 0,098821072509966 
496	 9,75944652673739E-02 
497	 9,77200761905442E-02 
498	 9,77861357326612E-02 
499	 9,80488040039734E-02 
500	 0,100407498575713 
501	 0,101617593446834 
502	 0,10016473990577 
503	 9,94864767877083E-02 
504	 0,100308034654984 
505	 0,103151460115021 
506	 0,104765876824769 
507	 0,104740944209341 
508	 0,106292593810141 
509	 0,107751001339535 
510	 0,107613392673575 
511	 0,107894639724048 
512	 0,108868253139386 
513	 0,110343800336045 
514	 0,111106684270365 
515	 0,11081501653893 
516	 0,111200511271167 
517	 0,111809141273243 
518	 0,111731266683143 
519	 0,112366127198046 
520	 0,113796096424386 
521	 0,115141625433993 
522	 0,115936073474736 
523	 0,115817944194235 
524	 0,114662157047217 
525	 0,113201813007585 
526	 0,112863410961865 
527	 0,113339672651938 
528	 0,114328702705664 
529	 0,114754074167117 
530	 0,114890243458673 
531	 0,115159357047684 
532	 0,115581444794696 
533	 0,115904425112537 
534	 0,115295524069517 
535	 0,114726663336498 
536	 0,114740976835135 
537	 0,114622118660482 
538	 0,114401578067612 
539	 0,114314704658204 
540	 0,114166918194333 
541	 0,114046960362011 
542	 0,114551986177461 
543	 0,115348790927334 
544	 0,116049618158884 
545	 0,116031988523201 
546	 0,115499679708533 
547	 0,115202934936738 
548	 0,115881314040686 
549	 0,11757451422766 
550	 0,117683103165162 
551	 0,117077516060385 
552	 0,117594863961319 
553	 0,117876007694236 
554	 0,117660154238774 
555	 0,117463542468953 
556	 0,117136643852046 
557	 0,116544699596231 
558	 0,115816224683443 
559	 0,114750802614185 
560	 0,112577906712176 
561	 0,111133119756016 
562	 0,111095712414331 
563	 0,111329341522972 
564	 0,111335975909789 
565	 0,110631084387073 
566	 0,110191872613083 
567	 0,110224124211967 
568	 0,110356878310148 
569	 0,110853435657316 
570	 0,11188100890931 
571	 0,1131595277935 
572	 0,114625977709962 
573	 0,116150279182482 
574	 0,118835321263986 
575	 0,12237733076063 
576	 0,12313437696258 
577	 0,123564306813521 
578	 0,126633559309086 
579	 0,128814050218614 
580	 0,130023867912803 
581	 0,132664869210767 
582	 0,134884033840545 
583	 0,135811557935168 
584	 0,137437016099648 
585	 0,139215434568781 
586	 0,139683657654362 
587	 0,140747763846939 
588	 0,142676863684742 
589	 0,143867793183452 
590	 0,144911839664018 
591	 0,146350259790583 
592	 0,146557135797657 
593	 0,146105621024517 
594	 0,147407934036297 
595	 0,148666447957864 
596	 0,149060815039463 
597	 0,149216578587952 
598	 0,148979322710291 
599	 0,148002536918271 
600	 0,147699388027309 
601	 0,14796611651769 
602	 0,146609768723346 
603	 0,145386954756485 
604	 0,145602769388676 
605	 0,145267419946048 
606	 0,144149140728591 
607	 0,142399303662994 
608	 0,14135699824993 
609	 0,141300822936943 
610	 0,140323261551429 
611	 0,138963711108431 
612	 0,138086461776427 
613	 0,136918196495959 
614	 0,135460121882422 
615	 0,134252087776735 
616	 0,133224179057152 
617	 0,132345721979191 
618	 0,131538258882662 
619	 0,131066908791927 
620	 0,131532158537765 
621	 0,131785270332876 
622	 0,131553946690157 
623	 0,131666873544304 
624	 0,131883655312532 
625	 0,131912452893672 
626	 0,131833314732975 
627	 0,131726909923709 
628	 0,131701198179375 
629	 0,132025364807366 
630	 0,132799390462869 
631	 0,13365575943508 
632	 0,134336775430991 
633	 0,134515339855017 
634	 0,134712340972166 
635	 0,135271061946334 
636	 0,136736557552721 
637	 0,13854657352752 
638	 0,140160792690766 
639	 0,141246703602783 
640	 0,142087950827713 
641	 0,143723855429559 
642	 0,144623709171685 
643	 0,144494466680836 
644	 0,145664355175797 
645	 0,147016547065835 
646	 0,146850206438894 
647	 0,146402512787656 
648	 0,146074257402982 
649	 0,146218794859432 
650	 0,145813673888692 
651	 0,144253291314577 
652	 0,1428815410287 
653	 0,14138687073458 
654	 0,138635387190921 
655	 0,136063656379734 
656	 0,134104870360755 
657	 0,132263604612817 
658	 0,129947679964723 
659	 0,126627330956635 
660	 0,123647628356028 
661	 0,121126926292151 
662	 0,118390189323953 
663	 0,115869059278513 
664	 0,113751966854609 
665	 0,111732735945331 
666	 0,109939786546129 
667	 0,108604794155399 
668	 0,107721036979518 
669	 0,106990304177191 
670	 0,105247823186772 
671	 0,103901372862642 
672	 0,103975105435157 
673	 0,103222271820147 
674	 0,102015971959413 
675	 0,102226580687691 
676	 0,102565326063857 
677	 0,102462749022642 
678	 0,1014392046171 
679	 0,100801822799903 
680	 0,102101251220616 
681	 0,102865269744124 
682	 0,103003729027379 
683	 0,104181195768217 
684	 0,105716444435647 
685	 0,107288418548829 
686	 0,109486781673451 
687	 0,112404623121796 
688	 0,116034051978551 
689	 0,120320919354503 
690	 0,125316853082241 
691	 0,131088689910356 
692	 0,13822900831502 
693	 0,147199511173657 
694	 0,156798574525251 
695	 0,166990146729133 
696	 0,178202203987813 
697	 0,190892741413727 
698	 0,205058633670031 
699	 0,219301277578813 
700	 0,233884809887483 
701	 0,249345645698805 
702	 0,264914324146434 
703	 0,280321661188335 
704	 0,295650111695062 
705	 0,310745333552832 
706	 0,325427375130159 
707	 0,339250359214233 
708	 0,352351947153263 
709	 0,365112159787154 
710	 0,377260541477941 
711	 0,388773948099686 
712	 0,399857811950242 
713	 0,410202893763226 
714	 0,419556873140303 
715	 0,428730850938194 
716	 0,437482405337933 
717	 0,444708416051518 
718	 0,45141884344126 
719	 0,458037886392224 
720	 0,464286767779389 
721	 0,47010923420363 
722	 0,475467239490031 
723	 0,480045695490742 
724	 0,48398822306333 
725	 0,488017860879825 
726	 0,491618557940947 
727	 0,494565881641178 
728	 0,49768801830475 
729	 0,500870187241617 
730	 0,503747018268196 
731	 0,505930135745767 
732	 0,507412863311794 
733	 0,508702740802393 
734	 0,510137673772607 
735	 0,511958289436937 
736	 0,513599043399867 
737	 0,514877309724068 
738	 0,515644896689054 
739	 0,516198954282564 
740	 0,516779732132613 
741	 0,517869178110492 
742	 0,519025636466702 
743	 0,519697348111548 
744	 0,520169827178817 
745	 0,520744552247413 
746	 0,522197151826956 
747	 0,523344090460042 
748	 0,523557590801577 
749	 0,523409199336255 
750	 0,523270645488927 
751	 0,523565902636496 
752	 0,524218416425535 
753	 0,525013265829976 
754	 0,525241474910265 
755	 0,525465229032523 
756	 0,52605991397308 
757	 0,526430032596147 
758	 0,526560541500115 
759	 0,526591820015139 
760	 0,526733284947463 
761	 0,527006314508264 
762	 0,527086481440219 
763	 0,527119233255483 
764	 0,527260622592535 
765	 0,52750708053327 
766	 0,527844820686551 
767	 0,528291770513584 
768	 0,528480841715755 
769	 0,528309978700295 
770	 0,528134044230299 
771	 0,528190636516954 
772	 0,528697362151595 
773	 0,528970167647484 
774	 0,528956637814071 
775	 0,529093961604949 
776	 0,528970519628395 
777	 0,528506852941041 
778	 0,528688157743309 
779	 0,52902813836075 
780	 0,528654645086617 
781	 0,528518166714417 
782	 0,528738236800192 
783	 0,528765284605042 
784	 0,528954300155266 
785	 0,529419481102018 
786	 0,529058214099085 
787	 0,528417578086289 
788	 0,528736155322148 
789	 0,52909806035266 
790	 0,529179004178765 
791	 0,52885599703596 
792	 0,528477471117922 
793	 0,528341139426133 
794	 0,528440072827565 
795	 0,528556725403567 
796	 0,528216505729632 
797	 0,527957414850117 
798	 0,527983604111879 
799	 0,528317072582943 
800	 0,52859845028577 
801	 0,528488241201077 
802	 0,528093851877973 
803	 0,527641594296553 
804	 0,527605210378298 
805	 0,52767988834035 
806	 0,527787889372569 
807	 0,528116161466586 
808	 0,52848486774373 
809	 0,528703434380255 
810	 0,529139587547228 
811	 0,529625494344206 
812	 0,529498452967366 
813	 0,529324046701367 
814	 0,529374868743707 
815	 0,529646815588464 
816	 0,530016455070855 
817	 0,530326150862845 
818	 0,530376875732079 
819	 0,530173700055743 
820	 0,529822272554851 
821	 0,529778472624376 
822	 0,530220885625829 
823	 0,53070661122693 
824	 0,530881840889227 
825	 0,530388504538489 
826	 0,530425231453959 
827	 0,530915756820473 
828	 0,530545253333331 
829	 0,53053442179893 
830	 0,531305106447359 
831	 0,531195125053448 
832	 0,530664266780855 
833	 0,530578229999738 
834	 0,530845728453549 
835	 0,531238271579675 
836	 0,531083902820159 
837	 0,530675839464395 
838	 0,530254420766166 
839	 0,530201704047988 
840	 0,530504719828211 
841	 0,531066269881401 
842	 0,531003943148901 
843	 0,530387741169526 
844	 0,530263379018121 
845	 0,530224186686918 
846	 0,530134158860315 
847	 0,530650193268081 
848	 0,531105952545973 
849	 0,530502984560483 
850	 0,530208369553807 
851	 0,530441774147774 
852	 0,530760474488087 
853	 0,53069096419049 
854	 0,530099006372766 
855	 0,530016841167041 
856	 0,530426990692582 
857	 0,531122903345237 
858	 0,531167312701011 
859	 0,530620217575187 
860	 0,530510453179111 
861	 0,530564049124946 
862	 0,5305803223247 
863	 0,530068813148766 
864	 0,529669231418139 
865	 0,530247556389426 
866	 0,530499405686783 
867	 0,530327969819202 
868	 0,530445874094026 
869	 0,53064609925125 
870	 0,530780898839135 
871	 0,530475767179735 
872	 0,530284534825287 
873	 0,530867474273526 
874	 0,530910085809172 
875	 0,530477240289911 
876	 0,530608992626488 
877	 0,530856182487201 
878	 0,531019990169416 
879	 0,531050819832862 
880	 0,531008942971703 
881	 0,530987899144189 
882	 0,531362180953623 
883	 0,531944773085458 
884	 0,532061821296852 
885	 0,532077798784999 
886	 0,532161915863976 
887	 0,532491303054314 
888	 0,532864013308677 
889	 0,53306101444903 
890	 0,533022312146506 
891	 0,532695449365439 
892	 0,531943314995628 
893	 0,531536964163085 
894	 0,531732081450348 
895	 0,532342324749352 
896	 0,532656495782847 
897	 0,532203466648325 
898	 0,532032409048727 
899	 0,532158756948419 
900	 0,53228681222903 
901	 0,532629992180966 
902	 0,532998950218689 
903	 0,53251065234065 
904	 0,53218745817591 
905	 0,532546253114644 
906	 0,532171406571734 
907	 0,531771002214487 
908	 0,532554735658048 
909	 0,533187562972268 
910	 0,533229717108055 
911	 0,532462843232113 
912	 0,531556950683199 
913	 0,530989913330517 
914	 0,531196484587989 
915	 0,531672377167089 
916	 0,531803565305742 
917	 0,531659965533945 
918	 0,531499167305827 
919	 0,532073296299444 
920	 0,531913260759231 
921	 0,530739595053371 
922	 0,529719111383121 
923	 0,529715512330791 
924	 0,531129572158938 
925	 0,531139617244817 
926	 0,53007365646868 
927	 0,529395031270469 
928	 0,529023486443181 
929	 0,528880037983293 
930	 0,528609278794494 
931	 0,5279521899015 
932	 0,52700876564441 
933	 0,527627052583283 
934	 0,528342865318808 
935	 0,527089114395911 
936	 0,525793574843324 
937	 0,52475462880095 
938	 0,523497877514371 
939	 0,52244990607703 
940	 0,521777297629268 
941	 0,52145628028948 
942	 0,52100264325423 
943	 0,52004429531091 
944	 0,519314098382651 
945	 0,518874105698747 
946	 0,518645365080257 
947	 0,517690861445343 
948	 0,515985306841993 
949	 0,514622516383092 
950	 0,512914894703696 
951	 0,510858196248082 
952	 0,511063899868248 
953	 0,51170340987512 
954	 0,510296766382341 
955	 0,508092535981552 
956	 0,506038746830843 
957	 0,505907703392973 
958	 0,505666249041815 
959	 0,504739923683159 
960	 0,504124584115162 
961	 0,50344174630599 
962	 0,502410979777412 
963	 0,501332235808126 
964	 0,50053194624278 
965	 0,500400506267268 
966	 0,500425802991454 
967	 0,500197387690152 
968	 0,498797169704856 
969	 0,498346474609686 
970	 0,499302003612153 
971	 0,498811158746366 
972	 0,497680647609474 
973	 0,496819845932591 
974	 0,495550610896728 
975	 0,495601490698059 
976	 0,500196168339349 
977	 0,501053122470375 
978	 0,498056623557244 
979	 0,49960656551789 
980	 0,500633950189578 
981	 0,499140227937286 
982	 0,498850015857615 
983	 0,499145479246876 
984	 0,499230055540537 
985	 0,501062709031499 
986	 0,503029722122783 
987	 0,501498671406983 
988	 0,50000402311066 
989	 0,499874124264817 
990	 0,501942780387091 
991	 0,502800914367379 
992	 0,50117982002418 
993	 0,50111851585526 
994	 0,502930244791031 
995	 0,506140204595433 
996	 0,505465987173293 
997	 0,502842558227675 
998	 0,503980353155453 
999	 0,50501316876407 
1000	 0,505676692173771 
1001	 0,509281410531614 
1002	 0,510539945254928 
1003	 0,507765334718389 
1004	 0,508055135415361 
1005	 0,509526137314344 
1006	 0,509590892502851 
1007	 0,506044473006122 
1008	 0,503101303832921 
1009	 0,508653630660181 
1010	 0,510591152890709 
1011	 0,508096201992349 
1012	 0,509885506266853 
1013	 0,512618332320094 
1014	 0,514189455123664 
1015	 0,5112778032263 
1016	 0,509994304458003 
1017	 0,514807402246972 
1018	 0,516149619672097 
1019	 0,515771309442904 
1020	 0,51825647340162 
1021	 0,519265294032244 
1022	 0,518834549383045 
1023	 0,52020168137203 
1024	 0,519262581006929 
1025	 0,515832984203226 
1026	 0,515103408173659 
1027	 0,516975502872754 
1028	 0,520501416669413 
1029	 0,520386386375716 
1030	 0,519198152761548 
1031	 0,520491071814566 
1032	 0,521287521083896 
1033	 0,522086503867755 
1034	 0,524979977261658 
1035	 0,526414915773237 
1036	 0,525388661182885 
1037	 0,521726817405427 
1038	 0,521624868190762 
1039	 0,527054784079363 
1040	 0,532128418062119 
1041	 0,531189848108327 
1042	 0,521982097458665 
1043	 0,522444273391414 
1044	 0,528926299006956 
1045	 0,532858748321465 
1046	 0,533812913178734 
1047	 0,53255457581942 
1048	 0,532538784818974 
1049	 0,52393416548027 
1050	 0,511103050921439 
1051	 0,520373933741645 
1052	 0,527854587266762 
1053	 0,523495119495391 
1054	 0,525563042691751 
1055	 0,529703226542226 
1056	 0,531208198403255 
1057	 0,53051599591661 
1058	 0,529136516837842 
1059	 0,529184213992906 
1060	 0,528832585405582 
1061	 0,529090676464336 
1062	 0,533590862865003 
1063	 0,528062330087331 
1064	 0,516337834895824 
1065	 0,527808139894496 
1066	 0,534587274285744 
1067	 0,526650959603629 
1068	 0,522365463963312 
1069	 0,524003928689181 
1070	 0,530650948835282 
1071	 0,528778891949751 
1072	 0,526567501138294 
1073	 0,534222876692945 
1074	 0,532137776317916 
1075	 0,523656327596607 
