Wavelength	AURAY00242.asd
325	 0,205324367297875 
326	 0,224140419679453 
327	 0,189861501868121 
328	 0,110910947312475 
329	 0,18478110864065 
330	 0,268113132727365 
331	 0,269232899145204 
332	 0,220746860695286 
333	 0,171068952719666 
334	 0,245124846123462 
335	 0,320223044478596 
336	 0,332586734702243 
337	 0,190702795181105 
338	 8,81759904762202E-02 
339	 0,199973739892122 
340	 0,255315916948204 
341	 0,239673170585873 
342	 0,229194379833581 
343	 0,24036438133248 
344	 0,27390525548867 
345	 0,29019416844509 
346	 0,255140234890501 
347	 0,140267496861489 
348	 9,61613526065856E-02 
349	 0,132407312363581 
350	 0,170126184559436 
351	 0,198027121056903 
352	 0,208900570661622 
353	 0,186777774320901 
354	 0,173157406102202 
355	 0,217859242143428 
356	 0,21863467526604 
357	 0,184573722441697 
358	 0,203099100165759 
359	 0,20123503813 
360	 0,160998706706299 
361	 0,197019259644897 
362	 0,250895084668614 
363	 0,230777383551169 
364	 0,216063790514566 
365	 0,220309432343697 
366	 0,224516973553296 
367	 0,222766097274906 
368	 0,213530809387711 
369	 0,220215791427218 
370	 0,234336255811164 
371	 0,238784992187722 
372	 0,223560933725763 
373	 0,198906719571134 
374	 0,217227369954243 
375	 0,241227745617328 
376	 0,244583190450382 
377	 0,244905685772453 
378	 0,246466721130758 
379	 0,254610365742365 
380	 0,248339807647235 
381	 0,226809986873368 
382	 0,215365818702406 
383	 0,222046911096423 
384	 0,249595657020549 
385	 0,254970299901086 
386	 0,242580729931855 
387	 0,246704690702338 
388	 0,249451871062257 
389	 0,24685138215888 
390	 0,253964170359799 
391	 0,258926670826146 
392	 0,246912182284919 
393	 0,24063827908758 
394	 0,242049582493569 
395	 0,241200170555521 
396	 0,236872710247431 
397	 0,230363264782344 
398	 0,234737154340425 
399	 0,24266662714951 
400	 0,242224162889658 
401	 0,239134497557839 
402	 0,236225229009255 
403	 0,23789796199507 
404	 0,241101200681409 
405	 0,243762758805362 
406	 0,248759058276854 
407	 0,251055101252403 
408	 0,238252446608035 
409	 0,235534809017341 
410	 0,245952042610504 
411	 0,247174052371978 
412	 0,243599507319414 
413	 0,240360819394751 
414	 0,237262359879408 
415	 0,236443829724622 
416	 0,24332314576217 
417	 0,246986819456104 
418	 0,243805404399149 
419	 0,24242436520982 
420	 0,241397697591857 
421	 0,23779877478135 
422	 0,241135494452019 
423	 0,249296280763026 
424	 0,249513303800607 
425	 0,245130225841456 
426	 0,239166361896984 
427	 0,238909283956809 
428	 0,241908308855113 
429	 0,241660670833307 
430	 0,243896564620909 
431	 0,24820339750257 
432	 0,245891884176733 
433	 0,243515056307507 
434	 0,246721859448106 
435	 0,246876340682649 
436	 0,244921301654104 
437	 0,247775271461085 
438	 0,24762932527994 
439	 0,243131000266289 
440	 0,246137349144893 
441	 0,250313728645519 
442	 0,246575067457694 
443	 0,244219474448029 
444	 0,245253218148218 
445	 0,248377744751562 
446	 0,251194227961381 
447	 0,252179902782352 
448	 0,252974405214718 
449	 0,253164640503083 
450	 0,251290041790193 
451	 0,251986548897818 
452	 0,2552715554379 
453	 0,254105613471179 
454	 0,252501968541508 
455	 0,254288656459462 
456	 0,255866713374565 
457	 0,25620178280302 
458	 0,254297171798423 
459	 0,253112303592362 
460	 0,253906092887396 
461	 0,255009592462281 
462	 0,256372311205853 
463	 0,258203401003713 
464	 0,257954130638133 
465	 0,256061580546454 
466	 0,256151492032327 
467	 0,257175342558967 
468	 0,25822323382753 
469	 0,257513666327693 
470	 0,256834358195766 
471	 0,260665731712349 
472	 0,260956277436163 
473	 0,256803447164713 
474	 0,257459298922765 
475	 0,258668025029629 
476	 0,256064293295941 
477	 0,257455610070516 
478	 0,261286294590303 
479	 0,258957447758807 
480	 0,257296860761956 
481	 0,258974270402158 
482	 0,25864227792875 
483	 0,257704698868817 
484	 0,259092569683511 
485	 0,258054167069007 
486	 0,255165398704651 
487	 0,257721105322984 
488	 0,259576811124796 
489	 0,256525795513598 
490	 0,256616979945756 
491	 0,258423772632988 
492	 0,255337096031958 
493	 0,254160954213296 
494	 0,256451067219372 
495	 0,257112512042804 
496	 0,256340198952557 
497	 0,254843405767293 
498	 0,254778312517364 
499	 0,256106275430783 
500	 0,256888189242589 
501	 0,258089692071077 
502	 0,259813702828808 
503	 0,2584422761685 
504	 0,256353979288454 
505	 0,258402427641696 
506	 0,260976339683245 
507	 0,262862230381982 
508	 0,263988011112009 
509	 0,264305189304797 
510	 0,263883457588478 
511	 0,263844899098544 
512	 0,264564452598958 
513	 0,266526732854204 
514	 0,267620929596778 
515	 0,267029290531036 
516	 0,266068701723129 
517	 0,265882932756323 
518	 0,267810008854052 
519	 0,269298126066752 
520	 0,269679426901181 
521	 0,269402962621512 
522	 0,268962755258041 
523	 0,268724014123459 
524	 0,268420689761316 
525	 0,268137865042571 
526	 0,268013559713194 
527	 0,268672375593032 
528	 0,269893249186501 
529	 0,269328240217908 
530	 0,268407335816215 
531	 0,268934822147138 
532	 0,269455663305535 
533	 0,269531815366311 
534	 0,26881401535659 
535	 0,268399395122629 
536	 0,268816996654349 
537	 0,268498128468214 
538	 0,267906975003235 
539	 0,268300158210667 
540	 0,268528373290894 
541	 0,268383891175777 
542	 0,268538457476195 
543	 0,269122667653272 
544	 0,270156015669296 
545	 0,270019919972638 
546	 0,269096676032899 
547	 0,26934248681063 
548	 0,27001848078896 
549	 0,270641920008918 
550	 0,27032993545597 
551	 0,26987656269881 
552	 0,270675843092842 
553	 0,271348468292424 
554	 0,271520413686379 
555	 0,271522324936581 
556	 0,271020338231843 
557	 0,269847403841924 
558	 0,269584367474017 
559	 0,269812799960753 
560	 0,268694554651519 
561	 0,267642007549515 
562	 0,267222196721196 
563	 0,267089062852116 
564	 0,267215844718768 
565	 0,26760345813495 
566	 0,267904134292397 
567	 0,267956300567584 
568	 0,26752177292309 
569	 0,267435788767002 
570	 0,268268453296158 
571	 0,269325494021141 
572	 0,270537089287938 
573	 0,272022756202194 
574	 0,273746302388891 
575	 0,275503726581422 
576	 0,276397623043904 
577	 0,277376891566092 
578	 0,279534195567604 
579	 0,28152731671692 
580	 0,283184251678099 
581	 0,285056742189937 
582	 0,286645168973699 
583	 0,287721248657759 
584	 0,288824275570289 
585	 0,289943173788664 
586	 0,290925163698641 
587	 0,291920754755577 
588	 0,292919760788765 
589	 0,293624414854547 
590	 0,294460434835532 
591	 0,295760778839902 
592	 0,295967517844572 
593	 0,295567536318632 
594	 0,296784286653263 
595	 0,297754787015225 
596	 0,297736507673002 
597	 0,298056307294312 
598	 0,298285092119029 
599	 0,297558242638717 
600	 0,29749446323512 
601	 0,298074390723996 
602	 0,297391163417181 
603	 0,296324805898195 
604	 0,295639076519537 
605	 0,295453221658844 
606	 0,295322872064728 
607	 0,294012351875021 
608	 0,29311183826013 
609	 0,293036732627597 
610	 0,29237482037058 
611	 0,291539695239931 
612	 0,291179613659942 
613	 0,290580752263425 
614	 0,289628786026215 
615	 0,288465193736574 
616	 0,287580819154262 
617	 0,287264984256005 
618	 0,286897636956461 
619	 0,286549996007299 
620	 0,286596438928724 
621	 0,286390284687642 
622	 0,285931410873387 
623	 0,286308547942297 
624	 0,28692973452261 
625	 0,287115940337308 
626	 0,286733017076276 
627	 0,286209169080346 
628	 0,286883905619556 
629	 0,28750170006995 
630	 0,287517538621688 
631	 0,2880638392928 
632	 0,288800439136709 
633	 0,288932316924111 
634	 0,289715474098217 
635	 0,291198017872263 
636	 0,291984032585983 
637	 0,29271357692061 
638	 0,293935572017523 
639	 0,295050293445253 
640	 0,296007013317341 
641	 0,296967631320616 
642	 0,297875174979636 
643	 0,298706029009673 
644	 0,299485207296885 
645	 0,300119974881963 
646	 0,300495447913273 
647	 0,30066841546148 
648	 0,300537903303523 
649	 0,299716187661476 
650	 0,298745718854316 
651	 0,297964081868941 
652	 0,296872615611592 
653	 0,295480193692079 
654	 0,293930743418421 
655	 0,29231676867531 
656	 0,29070091369728 
657	 0,289176070067074 
658	 0,287336293834676 
659	 0,284795476769624 
660	 0,282557273826336 
661	 0,280674230091102 
662	 0,27852943976694 
663	 0,27664023349494 
664	 0,27519237184248 
665	 0,273591985397925 
666	 0,271873521025721 
667	 0,270156442920477 
668	 0,269234134661557 
669	 0,269014245100685 
670	 0,268119622675159 
671	 0,267334703602033 
672	 0,267256609261186 
673	 0,266872647814865 
674	 0,266233363780645 
675	 0,265829385870607 
676	 0,265800977762083 
677	 0,266078703713052 
678	 0,265817505371452 
679	 0,265585529520474 
680	 0,266126938514577 
681	 0,266652918534273 
682	 0,267111467202251 
683	 0,267876993573761 
684	 0,269032197761521 
685	 0,270663679689827 
686	 0,272922897447176 
687	 0,275534176697932 
688	 0,277920488772156 
689	 0,281232771205071 
690	 0,285820227928066 
691	 0,291255035568668 
692	 0,297676223628697 
693	 0,305200614601931 
694	 0,313476769391578 
695	 0,32241230722931 
696	 0,331975143862791 
697	 0,342228329513286 
698	 0,353143802968519 
699	 0,364335555249105 
700	 0,376064839351892 
701	 0,388725019837975 
702	 0,40057102686799 
703	 0,411516547835651 
704	 0,423141657863183 
705	 0,434345669817732 
706	 0,444469217311679 
707	 0,454336822321386 
708	 0,463856910416467 
709	 0,472658420823746 
710	 0,480802057260424 
711	 0,488344566725086 
712	 0,495392390454197 
713	 0,502016675870332 
714	 0,508268529082996 
715	 0,514007417144503 
716	 0,519258556917076 
717	 0,524121814122241 
718	 0,528634517443185 
719	 0,532825198090285 
720	 0,536737176154638 
721	 0,540214563720896 
722	 0,543058329624857 
723	 0,546238882057282 
724	 0,549636954257568 
725	 0,552028796431233 
726	 0,55396207192962 
727	 0,555809492604865 
728	 0,557601646865405 
729	 0,559370637471211 
730	 0,561149111172816 
731	 0,562776261379984 
732	 0,5640979760213 
733	 0,56468346430268 
734	 0,565288760805062 
735	 0,566571384794407 
736	 0,568131240581939 
737	 0,569486314243213 
738	 0,569612735791759 
739	 0,569849407114042 
740	 0,570691150002071 
741	 0,571679694952735 
742	 0,572546178912519 
743	 0,573025371367885 
744	 0,573161394105249 
745	 0,57328098576891 
746	 0,574372644892368 
747	 0,575141422078436 
748	 0,57499134043388 
749	 0,575097919374118 
750	 0,575443001945178 
751	 0,575769262304131 
752	 0,576181810630079 
753	 0,576612947383686 
754	 0,576727685036894 
755	 0,576920774058896 
756	 0,577450606883762 
757	 0,577893261508194 
758	 0,578096582348673 
759	 0,577885493028624 
760	 0,577719841422983 
761	 0,577800031766009 
762	 0,578185610300573 
763	 0,578550574767244 
764	 0,578608584508761 
765	 0,578873811762054 
766	 0,579291843194162 
767	 0,57950209457719 
768	 0,579490996847502 
769	 0,579332350337326 
770	 0,579517414255583 
771	 0,579809563026372 
772	 0,57988526837277 
773	 0,580160784849565 
774	 0,580485372413294 
775	 0,580114908099076 
776	 0,579774015593069 
777	 0,579860729878761 
778	 0,580291533484693 
779	 0,580591601577604 
780	 0,580092656779674 
781	 0,579868594322908 
782	 0,580080221311835 
783	 0,580138798326462 
784	 0,58030889118739 
785	 0,580702626726565 
786	 0,580778774540936 
787	 0,5806419280642 
788	 0,58062111922194 
789	 0,58056880891898 
790	 0,580460024182055 
791	 0,580306855944433 
792	 0,580259637402937 
793	 0,580418672140186 
794	 0,580542340358447 
795	 0,580547453587241 
796	 0,58033158442804 
797	 0,580301583581734 
798	 0,580530946715715 
799	 0,580587229904345 
800	 0,580724246398887 
801	 0,581131144848017 
802	 0,580697669955549 
803	 0,579837903726724 
804	 0,580143891105971 
805	 0,580333409681603 
806	 0,580089106358723 
807	 0,580276280523019 
808	 0,58083003417782 
809	 0,581582416512389 
810	 0,581919932329043 
811	 0,581762089834404 
812	 0,581252605327051 
813	 0,58098020679695 
814	 0,581196751123657 
815	 0,581543757366741 
816	 0,581745529844992 
817	 0,581533047969983 
818	 0,58141980832397 
819	 0,581498158231641 
820	 0,581629800683863 
821	 0,58187145975752 
822	 0,582191350876025 
823	 0,582301767251272 
824	 0,582221226721252 
825	 0,582022597888444 
826	 0,58207032397946 
827	 0,582276616224071 
828	 0,5819604716946 
829	 0,582067783286689 
830	 0,582918588890388 
831	 0,583154443904631 
832	 0,582939272170994 
833	 0,582711513787755 
834	 0,582955498918398 
835	 0,583458455222704 
836	 0,58306689869477 
837	 0,582549407955091 
838	 0,582389773540298 
839	 0,582741797596135 
840	 0,583304467661425 
841	 0,583631148579726 
842	 0,583459132730129 
843	 0,582975798845381 
844	 0,583015545450444 
845	 0,583230163767648 
846	 0,583395804797503 
847	 0,58335398871957 
848	 0,583258492922375 
849	 0,583353071514954 
850	 0,58347714406391 
851	 0,583581240275838 
852	 0,583653385862299 
853	 0,583664728812928 
854	 0,583602862222 
855	 0,58349141034244 
856	 0,583406686082449 
857	 0,583441647759939 
858	 0,583602226339057 
859	 0,583854251153001 
860	 0,584162711431815 
861	 0,584146323591987 
862	 0,5836659717798 
863	 0,583200941856097 
864	 0,583056570777191 
865	 0,583524492512621 
866	 0,583493338397016 
867	 0,583022565735528 
868	 0,583168771864388 
869	 0,583377180759155 
870	 0,583446228054906 
871	 0,583828414073999 
872	 0,58416023143464 
873	 0,58397866403353 
874	 0,583570262321348 
875	 0,583250232654557 
876	 0,583717496032745 
877	 0,583976214365502 
878	 0,583751636129527 
879	 0,584201520859722 
880	 0,58460031257958 
881	 0,584133777875082 
882	 0,583931952293765 
883	 0,584194446418273 
884	 0,584977763415047 
885	 0,584814673113107 
886	 0,583563122871627 
887	 0,583567527727761 
888	 0,584112449323925 
889	 0,584347796947981 
890	 0,584013067489713 
891	 0,583458782173646 
892	 0,583553944844316 
893	 0,583983013921672 
894	 0,584452583887105 
895	 0,58417810049105 
896	 0,583694797645067 
897	 0,583542598833822 
898	 0,584501010154854 
899	 0,585504561165201 
900	 0,584445285335951 
901	 0,58400493596367 
902	 0,584608031158342 
903	 0,58475470006772 
904	 0,58473038091047 
905	 0,584650685142739 
906	 0,583967505765742 
907	 0,583452089943604 
908	 0,584235662467104 
909	 0,584617647332186 
910	 0,58422582421013 
911	 0,583292858528003 
912	 0,582616152684238 
913	 0,582628948232975 
914	 0,58312140234771 
915	 0,583639991126894 
916	 0,583714032023116 
917	 0,583663235771341 
918	 0,583687210493913 
919	 0,58423064391693 
920	 0,5840419934915 
921	 0,582964094616646 
922	 0,582529584015219 
923	 0,582313842905362 
924	 0,581942667503812 
925	 0,58184948125406 
926	 0,582049794193222 
927	 0,582507546299162 
928	 0,582029216697655 
929	 0,580750728001814 
930	 0,580448551412344 
931	 0,580695154475867 
932	 0,58111129533047 
933	 0,581064958041178 
934	 0,580466914935475 
935	 0,579366744056876 
936	 0,578891527145787 
937	 0,578930053109413 
938	 0,578309891016536 
939	 0,577939466177696 
940	 0,57810398228854 
941	 0,578468079304361 
942	 0,578676727970925 
943	 0,578422557069216 
944	 0,577812398766708 
945	 0,576860961924321 
946	 0,575494848954449 
947	 0,575368229601272 
948	 0,576342591243762 
949	 0,576166431288156 
950	 0,575065539067742 
951	 0,573435689386129 
952	 0,573044059521042 
953	 0,572893613708295 
954	 0,571580324173483 
955	 0,570116587136038 
956	 0,569011740251256 
957	 0,569011765306194 
958	 0,569112957321072 
959	 0,568895523718042 
960	 0,568365458417392 
961	 0,567697983383361 
962	 0,567066806617903 
963	 0,566687873738544 
964	 0,566426020837401 
965	 0,566022119340157 
966	 0,565363992842537 
967	 0,564739004990378 
968	 0,565195350188678 
969	 0,565181198359884 
970	 0,564292318313915 
971	 0,564252665226253 
972	 0,564531890978153 
973	 0,564511714921371 
974	 0,563755306396254 
975	 0,563576080230905 
976	 0,566450313895794 
977	 0,567341788020422 
978	 0,565715527386429 
979	 0,564973679969734 
980	 0,564565655842374 
981	 0,564425180862105 
982	 0,565411254066449 
983	 0,565990375262489 
984	 0,564730073886812 
985	 0,56411862809806 
986	 0,56485838884326 
987	 0,567497154133864 
988	 0,566774196580818 
989	 0,563202453609184 
990	 0,564683446839489 
991	 0,56630947415353 
992	 0,565964574985647 
993	 0,567610580026369 
994	 0,56929411468058 
995	 0,568756232956056 
996	 0,56718202474324 
997	 0,56641472777388 
998	 0,569629785554978 
999	 0,569699574850422 
1000	 0,566514459355405 
1001	 0,567392115353299 
1002	 0,568981326044183 
1003	 0,569659035959757 
1004	 0,570486670752563 
1005	 0,570683146998484 
1006	 0,569575965026808 
1007	 0,568463949988689 
1008	 0,568624099861366 
1009	 0,571770429495708 
1010	 0,572906725331917 
1011	 0,571521857533319 
1012	 0,57063899806128 
1013	 0,571511364130931 
1014	 0,573933342779326 
1015	 0,573393638602242 
1016	 0,571983012455519 
1017	 0,571910213989795 
1018	 0,57451888744737 
1019	 0,576235169968124 
1020	 0,571681406048412 
1021	 0,571004819872846 
1022	 0,573754498563529 
1023	 0,571236228371134 
1024	 0,571541572821129 
1025	 0,575464194814918 
1026	 0,573840564674907 
1027	 0,571799674127862 
1028	 0,572678928064176 
1029	 0,573439632633421 
1030	 0,574080140735193 
1031	 0,574910704493649 
1032	 0,575406716060626 
1033	 0,575987302338956 
1034	 0,577811581106769 
1035	 0,576476171782539 
1036	 0,572697979350492 
1037	 0,572986275156129 
1038	 0,575192468664732 
1039	 0,577472611840643 
1040	 0,576246801613535 
1041	 0,573423738419099 
1042	 0,571333328076173 
1043	 0,573204735567034 
1044	 0,576390435171163 
1045	 0,576815806499257 
1046	 0,579494964961344 
1047	 0,583746196245304 
1048	 0,586556482481662 
1049	 0,578838158015038 
1050	 0,564636494481892 
1051	 0,568788562563636 
1052	 0,574189736770596 
1053	 0,573576902857102 
1054	 0,579746757150762 
1055	 0,581373112889181 
1056	 0,571022405394391 
1057	 0,57411043006619 
1058	 0,582308521231567 
1059	 0,57904044812049 
1060	 0,572951692066395 
1061	 0,569447631866067 
1062	 0,576523755775443 
1063	 0,580596681444548 
1064	 0,577644084620432 
1065	 0,56895450247855 
1066	 0,5711913605251 
1067	 0,585984598828748 
1068	 0,578090219178116 
1069	 0,564200551693546 
1070	 0,559698184763863 
1071	 0,563826683469388 
1072	 0,572764691260736 
1073	 0,581305762349294 
1074	 0,580221712371934 
1075	 0,57267518009627 
