Wavelength	AURAY00403.asd
325	 1,25908531155308E-02 
326	 2,63082642264798E-03 
327	-5,56776809319124E-02 
328	-0,114701316139139 
329	 7,99662654297324E-03 
330	 0,156258653652312 
331	 0,229756456455269 
332	 0,188874412346901 
333	 8,08249002216855E-02 
334	 4,01152779748505E-02 
335	 5,81118685151371E-02 
336	 9,76196839690626E-02 
337	 2,42291272286599E-02 
338	-3,92855918549244E-02 
339	 0,021112221212734 
340	 5,96431957106971E-02 
341	 5,34906301708887E-02 
342	 4,5217675489773E-03 
343	 4,19349817973834E-03 
344	 6,54498250060715E-02 
345	 4,79495570386204E-02 
346	-4,52905331556647E-03 
347	-4,85573607894309E-02 
348	-0,036908625998017 
349	 1,74355210126837E-02 
350	 6,40143055859696E-02 
351	 0,062881670502774 
352	 1,42191272548672E-02 
353	 6,27559566987992E-03 
354	 1,57059367744298E-02 
355	 3,59760248336349E-03 
356	-9,78381216098105E-03 
357	-1,98249861942993E-02 
358	-1,73932523195488E-02 
359	-1,36889028397966E-02 
360	-1,07581046919708E-02 
361	 1,72374986044385E-02 
362	 4,55199672733768E-02 
363	 3,93785770330755E-02 
364	 0,020746207417688 
365	 3,28268472054127E-03 
366	 1,60680683956476E-02 
367	 1,96266687909238E-02 
368	-5,49394691141037E-03 
369	 6,19626012722223E-03 
370	 3,77570717981716E-02 
371	 4,94243042757141E-02 
372	 4,46031461421056E-02 
373	 2,79023929780881E-02 
374	 1,97245416279251E-02 
375	 1,01726678869113E-02 
376	-7,41709546632019E-03 
377	-3,04255688313258E-03 
378	 1,89292070687706E-02 
379	 3,72555402192116E-02 
380	 3,42891638268551E-02 
381	 1,42914740534547E-02 
382	 2,59120426127973E-02 
383	 4,04733323223682E-02 
384	 2,91708082104833E-02 
385	 1,75847963902672E-02 
386	 1,18987714625855E-02 
387	 1,22318988694713E-02 
388	 0,027703236641574 
389	 5,34835253230084E-02 
390	 0,043814629810461 
391	 2,55119829706023E-02 
392	 3,40929733398984E-02 
393	 3,76220271469554E-02 
394	 3,09307658516997E-02 
395	 1,82066933277205E-02 
396	 8,16503199961859E-03 
397	 7,7203763570964E-03 
398	 2,02197468682658E-02 
399	 3,14504819446581E-02 
400	 2,14131786309422E-02 
401	 1,56188483734352E-02 
402	 1,86699765445441E-02 
403	 2,02244560591574E-02 
404	 0,023367154068376 
405	 2,95137400204893E-02 
406	 3,14480193389249E-02 
407	 2,82109640968813E-02 
408	 1,85401217637574E-02 
409	 0,018298072729414 
410	 2,81030963246632E-02 
411	 2,82516127998289E-02 
412	 2,38202860753099E-02 
413	 2,04531425981192E-02 
414	 1,77785239050814E-02 
415	 1,73910984192863E-02 
416	 2,32603723457382E-02 
417	 2,71972065834367E-02 
418	 2,62382360799884E-02 
419	 2,62134724674011E-02 
420	 2,51116605042006E-02 
421	 1,96823780526125E-02 
422	 2,01358715182383E-02 
423	 0,025562047605499 
424	 2,56782611344407E-02 
425	 2,28307471636141E-02 
426	 1,90518548996332E-02 
427	 1,85990078344605E-02 
428	 2,12043665952617E-02 
429	 2,57114052061278E-02 
430	 2,58701333544054E-02 
431	 2,16920067109966E-02 
432	 2,27535518694966E-02 
433	 2,33735986941232E-02 
434	 1,86839234223068E-02 
435	 1,78172411413691E-02 
436	 2,06499345168283E-02 
437	 2,29455321280605E-02 
438	 2,32328009946567E-02 
439	 0,021616515535872 
440	 2,40021921096342E-02 
441	 0,026766351597009 
442	 2,48074788258309E-02 
443	 2,23596644738551E-02 
444	 2,09147881346066E-02 
445	 2,12379263849878E-02 
446	 2,31902636320487E-02 
447	 2,62363473272345E-02 
448	 2,73848804121969E-02 
449	 2,63856478930192E-02 
450	 0,023414535866112 
451	 2,25310213792883E-02 
452	 2,42831750441455E-02 
453	 2,41084472836437E-02 
454	 2,42842657132189E-02 
455	 2,68299587298355E-02 
456	 2,68786238886741E-02 
457	 2,48228164686094E-02 
458	 2,42158010138507E-02 
459	 2,32553843134315E-02 
460	 2,17335602103407E-02 
461	 2,25804661903826E-02 
462	 2,43893192084576E-02 
463	 2,49852908426956E-02 
464	 2,51713399192352E-02 
465	 2,55206307711882E-02 
466	 2,79845043124041E-02 
467	 2,79076123152448E-02 
468	 2,30675592958119E-02 
469	 2,32006486713862E-02 
470	 2,62175090357545E-02 
471	 2,51616177857406E-02 
472	 2,40486998305466E-02 
473	 2,40217512589514E-02 
474	 2,47341696142951E-02 
475	 2,47604890147076E-02 
476	 2,29183559534894E-02 
477	 2,42307574437965E-02 
478	 2,69490263678411E-02 
479	 2,29532272572935E-02 
480	 2,15869640225658E-02 
481	 2,61465496767594E-02 
482	 2,65184327626845E-02 
483	 2,48654713473265E-02 
484	 2,59994347040487E-02 
485	 2,52755581585638E-02 
486	 2,27019343232395E-02 
487	 2,27453326201503E-02 
488	 2,34082259734836E-02 
489	 2,32882615929298E-02 
490	 2,53119695391814E-02 
491	 2,73697669601758E-02 
492	 2,32487064515006E-02 
493	 2,16531776495137E-02 
494	 2,45567479554974E-02 
495	 0,024388328495731 
496	 2,31856027638281E-02 
497	 0,023838879425549 
498	 2,31328944055191E-02 
499	 2,16299618789785E-02 
500	 0,023008013273747 
501	 2,52216346431147E-02 
502	 2,66632389112712E-02 
503	 2,42696436244468E-02 
504	 2,12465190071548E-02 
505	 2,39368298297047E-02 
506	 2,54286880043062E-02 
507	 0,02450870960645 
508	 2,54212011388944E-02 
509	 2,67684066972791E-02 
510	 2,71464980562059E-02 
511	 2,66707468957665E-02 
512	 2,61071975317923E-02 
513	 0,027466963293384 
514	 2,85018540296124E-02 
515	 2,81640295313686E-02 
516	 2,66435606465557E-02 
517	 2,51034046437549E-02 
518	 2,50346938909054E-02 
519	 2,56610903343354E-02 
520	 2,67253299301924E-02 
521	 2,83439622423005E-02 
522	 2,90948962036803E-02 
523	 0,02813033456614 
524	 2,81391207101094E-02 
525	 2,84760181709141E-02 
526	 2,64395074325494E-02 
527	 2,53798218019154E-02 
528	 0,0261980903675 
529	 2,69523764000274E-02 
530	 2,71540159453849E-02 
531	 2,64572343253729E-02 
532	 2,70334484931732E-02 
533	 2,85030671601516E-02 
534	 2,79929656141987E-02 
535	 0,027721760278871 
536	 0,028731353465927 
537	 2,80280996644015E-02 
538	 2,67612539983737E-02 
539	 2,77702353522389E-02 
540	 2,85299933230838E-02 
541	 2,84392529566909E-02 
542	 2,86128781970037E-02 
543	 2,86284747940643E-02 
544	 2,80732237972674E-02 
545	 2,80045286730842E-02 
546	 2,82633255320032E-02 
547	 2,76490677407571E-02 
548	 2,75838421926874E-02 
549	 0,028577753343307 
550	 2,90074696528842E-02 
551	 2,90149494884349E-02 
552	 2,91202673504062E-02 
553	 2,93014923697588E-02 
554	 2,94515527815743E-02 
555	 2,90669627449757E-02 
556	 2,87475196337561E-02 
557	 2,89399860505316E-02 
558	 2,86299722177413E-02 
559	 2,79900905934165E-02 
560	 2,78163504188159E-02 
561	 2,80875627184784E-02 
562	 2,86923181492375E-02 
563	 2,88969429011624E-02 
564	 2,88966523408749E-02 
565	 2,90459036659748E-02 
566	 2,92954585290937E-02 
567	 2,94255403441847E-02 
568	 2,85656096100827E-02 
569	 2,81892557046105E-02 
570	 0,029247946020339 
571	 3,02303312829646E-02 
572	 3,07922291804442E-02 
573	 3,06949125721058E-02 
574	 3,11420735560537E-02 
575	 3,21832492488577E-02 
576	 3,14109286394448E-02 
577	 3,08687438431583E-02 
578	 3,29437691922167E-02 
579	 3,39629421681653E-02 
580	 3,35424636629693E-02 
581	 3,32427592155256E-02 
582	 0,033259754692696 
583	 3,36444165631101E-02 
584	 3,33783192677135E-02 
585	 3,30240631670098E-02 
586	 3,38333923414709E-02 
587	 3,43283236122821E-02 
588	 3,42179050338912E-02 
589	 3,43696921978666E-02 
590	 3,47618289926381E-02 
591	 3,52866243939396E-02 
592	 0,034979822896108 
593	 3,41444391275024E-02 
594	 3,40854645703975E-02 
595	 3,42513957267346E-02 
596	 3,44763236805657E-02 
597	 3,55256899026771E-02 
598	 3,59726081591215E-02 
599	 3,35695306330552E-02 
600	 3,27821651467787E-02 
601	 3,40888076748144E-02 
602	 3,39394911120616E-02 
603	 3,36090981957372E-02 
604	 3,40776338674671E-02 
605	 0,034059431644632 
606	 3,36792292785076E-02 
607	 0,033713603950906 
608	 3,39874587318039E-02 
609	 3,43482233993658E-02 
610	 3,42497837049622E-02 
611	 3,39335965397684E-02 
612	 3,37584622238949E-02 
613	 3,35901922875493E-02 
614	 0,033377464463066 
615	 3,30162881916415E-02 
616	 0,032646344248811 
617	 3,24051549645322E-02 
618	 3,25204116314742E-02 
619	 3,30002262530426E-02 
620	 3,39154123453584E-02 
621	 0,03394874972466 
622	 3,30675893448695E-02 
623	 3,35076881627033E-02 
624	 3,42506759849861E-02 
625	 3,41305973337993E-02 
626	 3,37148978744759E-02 
627	 3,33765511669172E-02 
628	 3,38520956164764E-02 
629	 3,43037846132588E-02 
630	 0,034309790387696 
631	 3,42396816337594E-02 
632	 3,43034193009433E-02 
633	 3,47700342194429E-02 
634	 3,51142840140055E-02 
635	 3,53156830074376E-02 
636	 3,60502132466688E-02 
637	 3,65882529681662E-02 
638	 3,63789916170646E-02 
639	 0,036854624136061 
640	 3,77383545549834E-02 
641	 3,76638052004151E-02 
642	 3,74699604742721E-02 
643	 3,75598230624474E-02 
644	 3,81371045002029E-02 
645	 3,90484780662855E-02 
646	 4,00706300990606E-02 
647	 4,03099944129366E-02 
648	 3,98316839591255E-02 
649	 3,97075287439498E-02 
650	 3,98252164795187E-02 
651	 4,00798099394542E-02 
652	 4,02126257879452E-02 
653	 0,040085831154175 
654	 3,94932989307073E-02 
655	 3,90522395793538E-02 
656	 3,89695555702748E-02 
657	 3,90798784257635E-02 
658	 3,89667465821465E-02 
659	 3,82362132280076E-02 
660	 0,037495041250364 
661	 3,69324477188433E-02 
662	 3,66120724928624E-02 
663	 3,65008670047688E-02 
664	 0,036456733314802 
665	 3,56999808460947E-02 
666	 3,46876966776322E-02 
667	 3,42236797426769E-02 
668	 3,44844406284655E-02 
669	 3,51178939758403E-02 
670	 0,034502164094714 
671	 0,033884443758467 
672	 3,42261650425412E-02 
673	 3,40882962517288E-02 
674	 3,36401642965978E-02 
675	 3,38449937085099E-02 
676	 0,034314468007246 
677	 3,47704103544895E-02 
678	 3,44410575827105E-02 
679	 3,40832100692065E-02 
680	 3,46531004626503E-02 
681	 3,50838757472322E-02 
682	 3,51904475903743E-02 
683	 3,52633092687715E-02 
684	 3,51944644836941E-02 
685	 3,50425530639915E-02 
686	 3,57095439988113E-02 
687	 3,67283477548421E-02 
688	 3,70285643960309E-02 
689	 3,77371830768591E-02 
690	 3,90888275424944E-02 
691	 0,040438600869093 
692	 4,21207662344565E-02 
693	 4,44257016968701E-02 
694	 0,046781922356523 
695	 4,92425112196132E-02 
696	 5,21372765309106E-02 
697	 5,57446286798315E-02 
698	 6,00680487322219E-02 
699	 6,41931469236115E-02 
700	 6,86377338206137E-02 
701	 7,41741854205796E-02 
702	 7,94999329854756E-02 
703	 8,45960894334908E-02 
704	 9,06711571343044E-02 
705	 9,67916955549505E-02 
706	 0,102359518334148 
707	 0,10776480785527 
708	 0,113161561513825 
709	 0,118746505746278 
710	 0,12416314303875 
711	 0,129259802189488 
712	 0,133961885093036 
713	 0,138363188226795 
714	 0,142574194700886 
715	 0,146901293190506 
716	 0,151138673296249 
717	 0,154591150959925 
718	 0,157795294590298 
719	 0,160952672582122 
720	 0,163826320089659 
721	 0,166501596251453 
722	 0,169110612809741 
723	 0,171454256754337 
724	 0,17349496250556 
725	 0,175300038776536 
726	 0,176808469493998 
727	 0,178058484508599 
728	 0,179552445824639 
729	 0,181276526595626 
730	 0,183118896987915 
731	 0,184409472017391 
732	 0,185047949539358 
733	 0,185622196786159 
734	 0,186310498122098 
735	 0,187241327365142 
736	 0,188273326929937 
737	 0,189183684195945 
738	 0,189492199531135 
739	 0,189864837498796 
740	 0,190485719827125 
741	 0,190781418881618 
742	 0,191003417496985 
743	 0,191487395317232 
744	 0,191994487259424 
745	 0,19250723783372 
746	 0,193210334831959 
747	 0,19362201967141 
748	 0,193521104567832 
749	 0,193356400345351 
750	 0,193322574350667 
751	 0,193614197290134 
752	 0,193930581899237 
753	 0,194109235882662 
754	 0,193847765284466 
755	 0,193919813862075 
756	 0,194768337718607 
757	 0,194887129225289 
758	 0,194553896378343 
759	 0,194841282164334 
760	 0,194994076933534 
761	 0,194850130314079 
762	 0,194735291726945 
763	 0,194864325028014 
764	 0,195383970774912 
765	 0,195651557192572 
766	 0,195629066583394 
767	 0,195612304673406 
768	 0,1953505171605 
769	 0,194936607915535 
770	 0,195407333154085 
771	 0,19596258157865 
772	 0,195591043425058 
773	 0,195648933135939 
774	 0,196096542949014 
775	 0,195809225968928 
776	 0,195637081048289 
777	 0,195980048349369 
778	 0,196428106867758 
779	 0,196531535512666 
780	 0,195717791049616 
781	 0,195156573319845 
782	 0,195199211361837 
783	 0,195815435986016 
784	 0,196301880223269 
785	 0,196203371119614 
786	 0,196024851164422 
787	 0,195861304805103 
788	 0,195749745602559 
789	 0,195505082613768 
790	 0,195263318246514 
791	 0,19585208729282 
792	 0,196240939377766 
793	 0,195669700671342 
794	 0,195434318816343 
795	 0,19550335825958 
796	 0,195312214197053 
797	 0,195221604800833 
798	 0,195330126592159 
799	 0,195560503860383 
800	 0,195720909435124 
801	 0,195642574209985 
802	 0,195505629601376 
803	 0,195357663026955 
804	 0,195148172756185 
805	 0,195307680884081 
806	 0,195879217378513 
807	 0,196145905830902 
808	 0,196221727331655 
809	 0,196295816600025 
810	 0,196541696161574 
811	 0,196824932624892 
812	 0,196631665353977 
813	 0,196543864721075 
814	 0,196731081335664 
815	 0,196562914052735 
816	 0,196395832992029 
817	 0,196698930620468 
818	 0,196966764820147 
819	 0,197106507688182 
820	 0,197229196388284 
821	 0,197238986521964 
822	 0,197182809240761 
823	 0,197671082761191 
824	 0,198086153984587 
825	 0,197589947139812 
826	 0,197576862960412 
827	 0,19805092699271 
828	 0,19789249200276 
829	 0,197734203709755 
830	 0,197886174959544 
831	 0,198067673825374 
832	 0,198402839923526 
833	 0,199088700752811 
834	 0,19903628058057 
835	 0,198407224770634 
836	 0,198652915673692 
837	 0,19903018092455 
838	 0,199147954288369 
839	 0,199254034304273 
840	 0,199295294970455 
841	 0,199170647160763 
842	 0,199376962382298 
843	 0,199689382088053 
844	 0,198884769435943 
845	 0,198341701598047 
846	 0,198731977428381 
847	 0,19895315212789 
848	 0,198882311338713 
849	 0,198533633288173 
850	 0,198867004352719 
851	 0,199602807682807 
852	 0,198967628424933 
853	 0,198342984838552 
854	 0,198448029549745 
855	 0,198566292903493 
856	 0,198768092160309 
857	 0,199243657917712 
858	 0,199270278377046 
859	 0,198829451582671 
860	 0,198445319243372 
861	 0,198262700657266 
862	 0,19833081026746 
863	 0,198246585713495 
864	 0,198253543401897 
865	 0,19870557991944 
866	 0,198481967934474 
867	 0,197725570026585 
868	 0,197611600677887 
869	 0,198090895156346 
870	 0,198976234317958 
871	 0,19921242758472 
872	 0,199082264458586 
873	 0,19906513445096 
874	 0,199240073038726 
875	 0,199453704517759 
876	 0,199107017460591 
877	 0,199127879342277 
878	 0,199748436455846 
879	 0,199865767676114 
880	 0,199705770738357 
881	 0,199629479016451 
882	 0,199923363681491 
883	 0,200594844199352 
884	 0,201634658295246 
885	 0,201846535741178 
886	 0,201016796549977 
887	 0,200610524640329 
888	 0,200657427664347 
889	 0,201029650643031 
890	 0,200886605446887 
891	 0,200352894612356 
892	 0,200049833018934 
893	 0,199892563253081 
894	 0,199902681999832 
895	 0,200118991685503 
896	 0,200576310520208 
897	 0,201205533263763 
898	 0,201129996578823 
899	 0,200820699334652 
900	 0,201362398797515 
901	 0,201833097853976 
902	 0,201915915972058 
903	 0,201364190894911 
904	 0,201399579358828 
905	 0,202565196560408 
906	 0,202864037167037 
907	 0,202323076710478 
908	 0,201371097162771 
909	 0,201031768669496 
910	 0,20129858872546 
911	 0,201171998581845 
912	 0,201004654182541 
913	 0,200959224407211 
914	 0,201009407491574 
915	 0,201252658376506 
916	 0,201765157159535 
917	 0,20208427329926 
918	 0,202130939006691 
919	 0,201962321713983 
920	 0,201903463553486 
921	 0,202001495224551 
922	 0,201709414214288 
923	 0,201865968157859 
924	 0,20291218943403 
925	 0,20183161703546 
926	 0,200013691637655 
927	 0,200818401666576 
928	 0,201280810214679 
929	 0,200834609282759 
930	 0,200697324306742 
931	 0,20022641913733 
932	 0,199276642642631 
933	 0,19951104009402 
934	 0,19992959313856 
935	 0,199067518049914 
936	 0,198648079417822 
937	 0,198608016894736 
938	 0,197594610130201 
939	 0,19696563248825 
940	 0,197180300819542 
941	 0,197689883561274 
942	 0,198231165130723 
943	 0,198476985693366 
944	 0,197287322921733 
945	 0,195615872155374 
946	 0,195574432565276 
947	 0,19499754713168 
948	 0,193927834636766 
949	 0,194947091207305 
950	 0,195296249614233 
951	 0,193731601879813 
952	 0,193180268154693 
953	 0,193602588945484 
954	 0,194437363530667 
955	 0,192708027948303 
956	 0,189853550041448 
957	 0,191422120224138 
958	 0,19202782576508 
959	 0,190372743007862 
960	 0,189480043136118 
961	 0,189309803220368 
962	 0,189640274165568 
963	 0,189490592656948 
964	 0,189009739806922 
965	 0,188673659973256 
966	 0,188314173546074 
967	 0,187897241994498 
968	 0,187387251364982 
969	 0,186908400961497 
970	 0,186634715284673 
971	 0,187106795191335 
972	 0,18761385616208 
973	 0,187435252800346 
974	 0,186138345426212 
975	 0,185262121923744 
976	 0,187603853826714 
977	 0,189023051319093 
978	 0,188874719736095 
979	 0,189435089362226 
980	 0,189364793212405 
981	 0,188427665193748 
982	 0,189405090186123 
983	 0,189298774267291 
984	 0,185443579215843 
985	 0,186179377439065 
986	 0,189585165094151 
987	 0,189057854222416 
988	 0,186920452984734 
989	 0,184867606986885 
990	 0,186522308290922 
991	 0,189052215330543 
992	 0,190679383686045 
993	 0,190903787838945 
994	 0,191138225675208 
995	 0,192673119811917 
996	 0,191893699253966 
997	 0,189971744636315 
998	 0,190347797547322 
999	 0,19180209802116 
1000	 0,193581836213033 
1001	 0,194837920127118 
1002	 0,192842203474081 
1003	 0,187960218711477 
1004	 0,190380664046493 
1005	 0,194687418653553 
1006	 0,194841391225136 
1007	 0,193284181523845 
1008	 0,191899117120454 
1009	 0,193292833274746 
1010	 0,194151146711817 
1011	 0,193529763545522 
1012	 0,190711690509585 
1013	 0,193188427918387 
1014	 0,20111928714243 
1015	 0,197072877468714 
1016	 0,191674626850549 
1017	 0,194283768809589 
1018	 0,196835298063852 
1019	 0,197480176374827 
1020	 0,195235983511436 
1021	 0,196322645270833 
1022	 0,200078417673971 
1023	 0,200765688395108 
1024	 0,198200297235449 
1025	 0,194253027267723 
1026	 0,197769473628753 
1027	 0,201557380228227 
1028	 0,200566667765026 
1029	 0,196545330997158 
1030	 0,19290493313146 
1031	 0,193463873829966 
1032	 0,200334657174986 
1033	 0,208469079047587 
1034	 0,207221104647442 
1035	 0,206338911501824 
1036	 0,207038055322613 
1037	 0,203472319236517 
1038	 0,199539727576123 
1039	 0,197767594082617 
1040	 0,199890503637738 
1041	 0,202417683747261 
1042	 0,202460159688623 
1043	 0,20245898373478 
1044	 0,202841587925645 
1045	 0,203660533144886 
1046	 0,201107512750166 
1047	 0,198059894942841 
1048	 0,203354618914527 
1049	 0,202476994054227 
1050	 0,194507590263856 
1051	 0,193258732582336 
1052	 0,195969818693263 
1053	 0,200659403753614 
1054	 0,204278885034477 
1055	 0,203881198294687 
1056	 0,198837285917431 
1057	 0,203239174913358 
1058	 0,208450333825699 
1059	 0,200263881451038 
1060	 0,197841111350417 
1061	 0,199829742992514 
1062	 0,192956388710174 
1063	 0,195203157556016 
1064	 0,206792304084139 
1065	 0,21014990589462 
1066	 0,20677121753194 
1067	 0,197986923480375 
1068	 0,187582299782319 
1069	 0,187845723283437 
1070	 0,203483242885145 
1071	 0,202769198814398 
1072	 0,199893715969695 
1073	 0,21371449139142 
1074	 0,210373174251233 
1075	 0,19793793868392 
