Wavelength	AURAY00340.asd
325	 1,58708232548707E-03 
326	 0,119019023108242 
327	 0,148961728057871 
328	 4,72495349455222E-02 
329	 0,116064811265302 
330	 0,223463055966008 
331	 0,269272454699002 
332	 0,20110300940245 
333	 8,96565958874068E-02 
334	 0,155897546028739 
335	 0,185468195278154 
336	 0,131477330674874 
337	 7,35475592659184E-02 
338	 5,00387994303184E-02 
339	 0,092592536696237 
340	 0,110840279164756 
341	 0,090914053898777 
342	 2,29050122427303E-02 
343	 3,43046878855481E-02 
344	 0,138280337931213 
345	 0,115525833425534 
346	 5,08248545034938E-02 
347	 2,80136964933664E-02 
348	 4,27375671867662E-02 
349	 0,070450931669801 
350	 5,31601106785667E-02 
351	 3,28785439644506E-02 
352	 2,58917145054712E-02 
353	 4,44154976510523E-02 
354	 6,24624303493107E-02 
355	 4,57635981334948E-02 
356	 3,74062829215352E-02 
357	 3,78155841581354E-02 
358	 2,63774675478441E-02 
359	 1,67378992357412E-02 
360	 1,46935449519876E-02 
361	 1,74906400358697E-02 
362	 2,46855536157733E-02 
363	 3,59565001703547E-02 
364	 5,17483282108798E-02 
365	 6,50381241740475E-02 
366	 0,052396196488376 
367	 3,51272824846262E-02 
368	 2,90507377840382E-02 
369	 4,41863024919686E-02 
370	 6,30431312517412E-02 
371	 5,66176809550105E-02 
372	 4,60404995459071E-02 
373	 3,80885410969014E-02 
374	 3,22626152514348E-02 
375	 3,27852336726897E-02 
376	 4,10584527744325E-02 
377	 0,034324674605271 
378	 0,024448325274364 
379	 4,91262068959716E-02 
380	 5,26364539177318E-02 
381	 3,00031537749236E-02 
382	 3,64809126879493E-02 
383	 4,90047974539114E-02 
384	 4,32056417072142E-02 
385	 3,73864652776288E-02 
386	 3,54537401553486E-02 
387	 3,81277960200101E-02 
388	 4,31907455708377E-02 
389	 4,86334286546354E-02 
390	 4,96782593455019E-02 
391	 4,68981294576773E-02 
392	 4,16062149539412E-02 
393	 4,76000467813728E-02 
394	 5,86452547066685E-02 
395	 5,00041228433732E-02 
396	 3,61107941594469E-02 
397	 2,77499967211353E-02 
398	 3,38371675018613E-02 
399	 4,34813391988085E-02 
400	 4,03814809277768E-02 
401	 3,61587765678303E-02 
402	 3,48463897175263E-02 
403	 3,96024766999638E-02 
404	 4,43269989302369E-02 
405	 4,47692094768307E-02 
406	 4,12567380986493E-02 
407	 3,55534026060246E-02 
408	 3,00493928541218E-02 
409	 0,031015542462397 
410	 3,79297199727076E-02 
411	 4,03180860198852E-02 
412	 0,040185582730731 
413	 3,95864196759633E-02 
414	 3,04401931995508E-02 
415	 2,03108162722054E-02 
416	 3,08066658676415E-02 
417	 3,97914564736871E-02 
418	 3,85076058260781E-02 
419	 3,52328303094725E-02 
420	 3,07797972407946E-02 
421	 2,51398338125342E-02 
422	 2,94554410078768E-02 
423	 4,02298151095922E-02 
424	 0,03848100275033 
425	 3,41379637848991E-02 
426	 3,34579154520374E-02 
427	 3,61236089522852E-02 
428	 3,90731203120999E-02 
429	 3,67621959639798E-02 
430	 3,56438203625744E-02 
431	 0,037411481499478 
432	 4,08864720183244E-02 
433	 4,25882036968592E-02 
434	 3,98253735585705E-02 
435	 3,83249979749129E-02 
436	 3,78862885071914E-02 
437	 3,41249976958833E-02 
438	 3,46272384067288E-02 
439	 0,040892349091113 
440	 0,042671645353224 
441	 4,10689957546739E-02 
442	 3,86738972131231E-02 
443	 3,94626447005357E-02 
444	 4,25373333770817E-02 
445	 4,09480503323371E-02 
446	 3,96930062357622E-02 
447	 4,15947123924349E-02 
448	 4,28462844545432E-02 
449	 4,28545464745058E-02 
450	 4,15108013262517E-02 
451	 3,99599738662014E-02 
452	 3,92253422328244E-02 
453	 4,14890201764248E-02 
454	 4,41388848242945E-02 
455	 0,044717571709703 
456	 4,50863089485891E-02 
457	 4,51231903284948E-02 
458	 4,33659244015322E-02 
459	 4,25991597715907E-02 
460	 4,37328144688982E-02 
461	 4,38938429482382E-02 
462	 4,35884061511765E-02 
463	 4,38696944354742E-02 
464	 0,0436418288426 
465	 4,29773330421702E-02 
466	 4,28743595410393E-02 
467	 4,34439865304651E-02 
468	 4,45743812532043E-02 
469	 0,044562934707323 
470	 4,41018173902082E-02 
471	 4,51706716995964E-02 
472	 4,51761046978975E-02 
473	 4,41482355910163E-02 
474	 0,046629596596977 
475	 4,81907852032326E-02 
476	 4,47136890616402E-02 
477	 4,65655080782208E-02 
478	 5,16696176555279E-02 
479	 4,84815943775313E-02 
480	 4,54709199063381E-02 
481	 4,61731095273682E-02 
482	 4,54138712568139E-02 
483	 4,41689796058626E-02 
484	 4,45856286311165E-02 
485	 4,53300377425333E-02 
486	 4,59873615421262E-02 
487	 4,66516628456728E-02 
488	 4,64452560654941E-02 
489	 4,49486421938178E-02 
490	 4,52595731954997E-02 
491	 4,60670856486748E-02 
492	 4,24569268329782E-02 
493	 4,28693804236527E-02 
494	 4,84605790102048E-02 
495	 0,04827409267306 
496	 4,64540293426896E-02 
497	 4,85150339207941E-02 
498	 4,88790928805686E-02 
499	 4,75999840167041E-02 
500	 4,86587445716431E-02 
501	 4,95466990623235E-02 
502	 4,88874508934003E-02 
503	 4,72871045497041E-02 
504	 4,64923982429437E-02 
505	 4,94350446435193E-02 
506	 5,16583097212914E-02 
507	 5,20505130295673E-02 
508	 5,23149592209843E-02 
509	 5,27851561598036E-02 
510	 5,36670468707046E-02 
511	 5,42502328972696E-02 
512	 5,45077672189024E-02 
513	 5,49299995387101E-02 
514	 5,44403954973877E-02 
515	 5,28540844337974E-02 
516	 5,19818243288337E-02 
517	 5,19172639703381E-02 
518	 5,24416344811722E-02 
519	 5,42961182952166E-02 
520	 5,66350729652568E-02 
521	 5,60503460592615E-02 
522	 0,055433765786284 
523	 5,67287313528656E-02 
524	 5,68402287929741E-02 
525	 5,59683535157079E-02 
526	 5,53613105029692E-02 
527	 5,62377017657977E-02 
528	 5,84418714441866E-02 
529	 5,85223854335991E-02 
530	 0,057647388064368 
531	 5,74602379694216E-02 
532	 5,84104656051106E-02 
533	 5,97284976818065E-02 
534	 5,85416199272722E-02 
535	 5,76630896741417E-02 
536	 5,86212656315746E-02 
537	 5,92413183186489E-02 
538	 5,93975730098677E-02 
539	 5,94093311564325E-02 
540	 5,94802821710815E-02 
541	 5,97054270818301E-02 
542	 6,00207818779587E-02 
543	 6,05196527985617E-02 
544	 6,12555769300541E-02 
545	 0,061373154440825 
546	 6,10725510700309E-02 
547	 6,14279630742747E-02 
548	 6,17459644571519E-02 
549	 6,17372180341596E-02 
550	 6,17994841861403E-02 
551	 6,20075144280368E-02 
552	 6,23890471366545E-02 
553	 6,30521674042315E-02 
554	 6,38735047619854E-02 
555	 6,44128291365819E-02 
556	 6,43558507241045E-02 
557	 6,35922547168829E-02 
558	 6,40326892705653E-02 
559	 6,50942221780857E-02 
560	 6,44588840208795E-02 
561	 6,35106417703115E-02 
562	 6,29122486138231E-02 
563	 6,29386459110809E-02 
564	 6,36657751716498E-02 
565	 0,065137488594864 
566	 6,62240650335629E-02 
567	 6,64303585092613E-02 
568	 6,52519498058193E-02 
569	 6,43261661265387E-02 
570	 6,48305724548784E-02 
571	 6,60604118699268E-02 
572	 6,73208262336729E-02 
573	 6,73084186743857E-02 
574	 6,80881079649282E-02 
575	 6,98232041248325E-02 
576	 6,93102962372195E-02 
577	 6,84062065369575E-02 
578	 6,94004591663706E-02 
579	 7,00130246361464E-02 
580	 7,01535950906624E-02 
581	 7,13014936221588E-02 
582	 7,19047873972829E-02 
583	 7,12831195447393E-02 
584	 7,14543260232041E-02 
585	 7,23278787377183E-02 
586	 7,33094028768005E-02 
587	 7,37378253394808E-02 
588	 7,36438544352553E-02 
589	 7,42925200569908E-02 
590	 0,07522308915433 
591	 7,59066213765265E-02 
592	 7,56185477238853E-02 
593	 7,48629960388482E-02 
594	 7,54114145094559E-02 
595	 7,59442906835829E-02 
596	 7,59510648358465E-02 
597	 7,64773615766434E-02 
598	 7,67800885641041E-02 
599	 7,55923491306162E-02 
600	 7,50030501368491E-02 
601	 7,54079411733077E-02 
602	 7,57651035319639E-02 
603	 7,61792830218435E-02 
604	 7,66638148711251E-02 
605	 7,63709225920149E-02 
606	 7,55653279406836E-02 
607	 7,50843562811551E-02 
608	 7,53951341816562E-02 
609	 7,63890593656627E-02 
610	 7,61442010070035E-02 
611	 0,075436922886796 
612	 7,54258632927838E-02 
613	 0,075796805911729 
614	 7,61449377473139E-02 
615	 7,52945272170619E-02 
616	 7,46864795327537E-02 
617	 7,51249450790861E-02 
618	 7,47846688839186E-02 
619	 7,41743242723673E-02 
620	 7,48224599221071E-02 
621	 7,54797186296135E-02 
622	 7,57396349985581E-02 
623	 7,57646690503997E-02 
624	 7,58891084313414E-02 
625	 7,64108615579658E-02 
626	 0,076204682168919 
627	 7,54930972804527E-02 
628	 7,55554083862597E-02 
629	 7,59955250472877E-02 
630	 7,65610973928066E-02 
631	 7,69265220393779E-02 
632	 7,70428766641508E-02 
633	 0,076922792878654 
634	 7,66439444294063E-02 
635	 7,64448265596326E-02 
636	 0,077040870179836 
637	 7,78657303077136E-02 
638	 7,84006350487345E-02 
639	 0,078666378978857 
640	 7,88380269744813E-02 
641	 7,94357774225073E-02 
642	 0,079651914290731 
643	 7,93649087560659E-02 
644	 7,99695025924642E-02 
645	 8,07711311939509E-02 
646	 8,07158283823554E-02 
647	 8,07269929225111E-02 
648	 8,08849493540536E-02 
649	 8,07002736158646E-02 
650	 0,08018604327487 
651	 7,95010692065654E-02 
652	 8,00497819194202E-02 
653	 8,09586436740578E-02 
654	 0,080045872813636 
655	 7,90672159237118E-02 
656	 7,85953925056935E-02 
657	 7,83241009934202E-02 
658	 7,81505378502742E-02 
659	 0,077957252855089 
660	 7,72163412940653E-02 
661	 7,60615602871495E-02 
662	 7,51201826186909E-02 
663	 7,45950868688724E-02 
664	 7,45276923804529E-02 
665	 7,42648404549859E-02 
666	 7,38344852380723E-02 
667	 7,33943813960002E-02 
668	 7,34170983584085E-02 
669	 7,37439061102386E-02 
670	 0,073138991328935 
671	 7,26231546618546E-02 
672	 7,29772012595649E-02 
673	 7,30306205466046E-02 
674	 7,27571097113714E-02 
675	 7,24994475073768E-02 
676	 7,27697582028399E-02 
677	 7,35309844534476E-02 
678	 7,32644808234826E-02 
679	 7,29037808796719E-02 
680	 7,36842188656378E-02 
681	 7,44133883592469E-02 
682	 7,48672080280989E-02 
683	 7,52452930580022E-02 
684	 7,58152751869802E-02 
685	 7,66785580038001E-02 
686	 7,72081512216866E-02 
687	 7,76018296097158E-02 
688	 7,83237093040511E-02 
689	 7,94288080187796E-02 
690	 8,08874407551449E-02 
691	 0,082404659947482 
692	 8,40141057100863E-02 
693	 0,085766808589756 
694	 8,78239850858301E-02 
695	 8,99881920296951E-02 
696	 9,16236971574964E-02 
697	 9,35794486297513E-02 
698	 9,61650464211678E-02 
699	 0,098883961791423 
700	 0,10154862469326 
701	 0,103992304169355 
702	 0,106344370115175 
703	 0,10870067616434 
704	 0,111342919594481 
705	 0,113655330191765 
706	 0,115335578979176 
707	 0,117389030253285 
708	 0,119707679686932 
709	 0,121863320480084 
710	 0,123480022267096 
711	 0,124559075550452 
712	 0,125752902723733 
713	 0,126985148098228 
714	 0,128165235430502 
715	 0,129491328516582 
716	 0,130837002060231 
717	 0,131802895288861 
718	 0,132642065010497 
719	 0,13346616493823 
720	 0,134237035782555 
721	 0,135081675734718 
722	 0,136159167049808 
723	 0,136784064182615 
724	 0,136980467896567 
725	 0,137433022884311 
726	 0,137871000225215 
727	 0,138175911035563 
728	 0,138750810903223 
729	 0,139472717509772 
730	 0,140047190485981 
731	 0,140457803744843 
732	 0,140684020141534 
733	 0,140691860662106 
734	 0,140770648308325 
735	 0,14117204266449 
736	 0,141836704717835 
737	 0,142457872372834 
738	 0,14229546175218 
739	 0,142266848429285 
740	 0,142661754791421 
741	 0,142928771766149 
742	 0,143102517360436 
743	 0,143273991535377 
744	 0,143425252772093 
745	 0,143660028674476 
746	 0,144368517681346 
747	 0,144694371671846 
748	 0,144305950282485 
749	 0,144430854045858 
750	 0,144880329018066 
751	 0,14513894767604 
752	 0,145219399410209 
753	 0,145147482733404 
754	 0,145016144710677 
755	 0,145140618993946 
756	 0,145695883944612 
757	 0,146039571416831 
758	 0,146195398822694 
759	 0,146463829848871 
760	 0,146492453777606 
761	 0,146316781649463 
762	 0,146609104100541 
763	 0,14701251390866 
764	 0,147159699324357 
765	 0,147177904472627 
766	 0,147202118461157 
767	 0,147547864335948 
768	 0,147760980434395 
769	 0,147730483629441 
770	 0,147970389672669 
771	 0,148256711722908 
772	 0,148285930208504 
773	 0,148524506222885 
774	 0,148857010873973 
775	 0,148575993326148 
776	 0,148421658072673 
777	 0,148766446409409 
778	 0,149303914282325 
779	 0,149676966757626 
780	 0,149429073135425 
781	 0,149351907529157 
782	 0,149607639272925 
783	 0,149971197523929 
784	 0,150075788314188 
785	 0,149757350187324 
786	 0,149815339572868 
787	 0,150197209316605 
788	 0,150623805849126 
789	 0,150614680093107 
790	 0,150282362298781 
791	 0,150829233763531 
792	 0,151322305630642 
793	 0,151053554696293 
794	 0,151073015102574 
795	 0,151335347906083 
796	 0,151372701721977 
797	 0,151349353815489 
798	 0,151326408728486 
799	 0,151344855099207 
800	 0,151474734951516 
801	 0,151753274693436 
802	 0,151808405240141 
803	 0,151711613394896 
804	 0,151836223816214 
805	 0,151961011619052 
806	 0,152002666271118 
807	 0,151885260719768 
808	 0,152001116669079 
809	 0,152731737338758 
810	 0,153255792021312 
811	 0,15332055768104 
812	 0,152703205020334 
813	 0,152395830801565 
814	 0,15275423957825 
815	 0,1529120579283 
816	 0,152947814561514 
817	 0,153052229461166 
818	 0,153538384861042 
819	 0,154178104329347 
820	 0,154116113091211 
821	 0,153829565235009 
822	 0,153646017368945 
823	 0,154097001395408 
824	 0,154554941371939 
825	 0,154166122698039 
826	 0,153912431382622 
827	 0,153959842395204 
828	 0,154003696340745 
829	 0,154186539429326 
830	 0,154500813610157 
831	 0,154445469951782 
832	 0,154308420369148 
833	 0,154549522007013 
834	 0,154478891885324 
835	 0,154218490965176 
836	 0,154783791205495 
837	 0,155079655708722 
838	 0,154625256678613 
839	 0,154505150214989 
840	 0,154783469067918 
841	 0,155365996326802 
842	 0,155228182382036 
843	 0,154462604648644 
844	 0,154245138750785 
845	 0,154467929591637 
846	 0,154994970641563 
847	 0,155242974081158 
848	 0,155200830988876 
849	 0,154971118371923 
850	 0,155234623389195 
851	 0,155744765002277 
852	 0,155059385209021 
853	 0,15441115999663 
854	 0,154479298222266 
855	 0,154874739574178 
856	 0,155251584419381 
857	 0,155207425346761 
858	 0,155266607523164 
859	 0,155478226172951 
860	 0,155564980815738 
861	 0,155677412380676 
862	 0,155786385535362 
863	 0,155139594164092 
864	 0,154592038323105 
865	 0,155308055492403 
866	 0,155664279675949 
867	 0,155473073345075 
868	 0,155405014824395 
869	 0,155444698363153 
870	 0,155631003240473 
871	 0,156155769909097 
872	 0,156452792838501 
873	 0,155878614786261 
874	 0,155811027948818 
875	 0,156205651959206 
876	 0,156059819282241 
877	 0,155507219561015 
878	 0,154837494565959 
879	 0,155327310931541 
880	 0,156226974719003 
881	 0,156610912482653 
882	 0,156595501141396 
883	 0,156488122078359 
884	 0,157199344443931 
885	 0,157163732717875 
886	 0,156117618599763 
887	 0,155792666056222 
888	 0,155987722050311 
889	 0,156365246707527 
890	 0,156438165973068 
891	 0,156276064447947 
892	 0,156266748125467 
893	 0,156297252400592 
894	 0,156372592281206 
895	 0,156570447825504 
896	 0,157004785052408 
897	 0,157628308258673 
898	 0,157126023280089 
899	 0,156304544672224 
900	 0,156939891019528 
901	 0,157653409936458 
902	 0,157942006208761 
903	 0,157502264905874 
904	 0,157134137166993 
905	 0,157309399334199 
906	 0,157385411468239 
907	 0,157390726644862 
908	 0,157474684559775 
909	 0,157439070601537 
910	 0,157290586780754 
911	 0,157169993285793 
912	 0,157211813827785 
913	 0,157441379463192 
914	 0,157600854370951 
915	 0,157566698817721 
916	 0,157271873777319 
917	 0,157529483250904 
918	 0,158023462424918 
919	 0,157490466808502 
920	 0,157191510900085 
921	 0,157494760631943 
922	 0,157802244175741 
923	 0,158405871616219 
924	 0,159390438604359 
925	 0,15902559868656 
926	 0,158003293318686 
927	 0,158059487399834 
928	 0,158179569254976 
929	 0,158258991230501 
930	 0,159029756625578 
931	 0,159164900753528 
932	 0,158133024591366 
933	 0,158093444867006 
934	 0,158290899769086 
935	 0,157506816912909 
936	 0,158226222518217 
937	 0,159697303742826 
938	 0,158096074167513 
939	 0,157433820765004 
940	 0,158767861065207 
941	 0,159130490721193 
942	 0,158836855946269 
943	 0,158424193049908 
944	 0,159140941457477 
945	 0,159891873896148 
946	 0,158235893312882 
947	 0,157111128965665 
948	 0,157320034018277 
949	 0,158485792291541 
950	 0,158984835266566 
951	 0,158156698787777 
952	 0,158445468108192 
953	 0,159252377668031 
954	 0,159500916824162 
955	 0,158309842949431 
956	 0,156699551534804 
957	 0,157843895813813 
958	 0,158515773561557 
959	 0,158080670081378 
960	 0,159254796329264 
961	 0,159686185643063 
962	 0,157878861790846 
963	 0,157350521798374 
964	 0,157975690073576 
965	 0,158746925843786 
966	 0,159406862322776 
967	 0,159240454978919 
968	 0,156085331754506 
969	 0,15529952132874 
970	 0,158384444934174 
971	 0,159712529081479 
972	 0,159648813520329 
973	 0,158982264421695 
974	 0,158863373829133 
975	 0,158958673358483 
976	 0,158242118747676 
977	 0,157549503970424 
978	 0,157185882775293 
979	 0,157125843012137 
980	 0,158189193116651 
981	 0,160301634474415 
982	 0,16088211687243 
983	 0,160303001648794 
984	 0,159286621971648 
985	 0,158983711412654 
986	 0,159076296547777 
987	 0,158347994093193 
988	 0,159214126360409 
989	 0,161272364401387 
990	 0,160509487561786 
991	 0,159809913991044 
992	 0,160588784114835 
993	 0,161629909447084 
994	 0,161817085344775 
995	 0,160297584615731 
996	 0,159761018837794 
997	 0,160206740397918 
998	 0,160550594131462 
999	 0,16132581545921 
1000	 0,162600133456363 
1001	 0,164844532610895 
1002	 0,163669088627513 
1003	 0,158591524141763 
1004	 0,160321900955445 
1005	 0,164255277627286 
1006	 0,164880713705294 
1007	 0,161558057426939 
1008	 0,158351883345401 
1009	 0,162553490463264 
1010	 0,163142874276815 
1011	 0,159569707315291 
1012	 0,160028795725525 
1013	 0,162350821021432 
1014	 0,164621735228829 
1015	 0,161805862927331 
1016	 0,159333132757972 
1017	 0,16187685921328 
1018	 0,166304057746836 
1019	 0,168524149413484 
1020	 0,163443308145097 
1021	 0,162723465023677 
1022	 0,166053168339424 
1023	 0,164234834711582 
1024	 0,162726761832628 
1025	 0,162975839984804 
1026	 0,162924785895616 
1027	 0,16298361089182 
1028	 0,163637834166874 
1029	 0,16657010269275 
1030	 0,167960072551001 
1031	 0,163947960367312 
1032	 0,164358591307174 
1033	 0,168800076577652 
1034	 0,17249372215722 
1035	 0,174205867811473 
1036	 0,173244650569352 
1037	 0,169410594369011 
1038	 0,165424126797769 
1039	 0,163882164533505 
1040	 0,169211944892143 
1041	 0,173356918895173 
1042	 0,17029733301886 
1043	 0,170743380773254 
1044	 0,170409451636786 
1045	 0,161993622055076 
1046	 0,15621156145595 
1047	 0,15676519778428 
1048	 0,166119353467272 
1049	 0,167992238713263 
1050	 0,161087835793728 
1051	 0,162363957124674 
1052	 0,165310147490993 
1053	 0,167000779307168 
1054	 0,170384925406487 
1055	 0,170670491702287 
1056	 0,165562299783752 
1057	 0,171812659372431 
1058	 0,180256950377904 
1059	 0,175199540989286 
1060	 0,170507323728945 
1061	 0,169960014789189 
1062	 0,175432316460694 
1063	 0,171706861291395 
1064	 0,161330191204078 
1065	 0,172384047149888 
1066	 0,171548173237502 
1067	 0,150574798688806 
1068	 0,1508842929854 
1069	 0,159768347258811 
1070	 0,164802203730296 
1071	 0,165400072265582 
1072	 0,165871138145603 
1073	 0,170807981410353 
1074	 0,167062362007961 
1075	 0,158629001824146 
