Wavelength	AVEN00478.asd
325	 0,305601441189854 
326	 0,165055619178806 
327	 2,76689611183459E-02 
328	-7,46427947116137E-02 
329	-9,05896245971904E-02 
330	-5,42960248326903E-02 
331	-1,24503138860799E-02 
332	 2,33007364481468E-03 
333	-1,94145015662429E-02 
334	-9,61858685608017E-02 
335	-8,69942870971366E-02 
336	 7,6219426278324E-03 
337	 3,11033629071007E-02 
338	 2,12774958444457E-02 
339	 7,09655290687704E-03 
340	-6,29566782694535E-02 
341	-0,120323088547412 
342	-2,17053149546054E-02 
343	 5,28948791665481E-02 
344	 6,09407567484623E-02 
345	 6,15006600760265E-02 
346	 4,39448006075841E-02 
347	-1,29937292002805E-03 
348	 1,56120116128381E-02 
349	 5,91000745389846E-02 
350	-5,88071873459694E-03 
351	-3,87460521417506E-02 
352	 4,66164622797848E-03 
353	 2,55800803367466E-02 
354	 3,62220308127409E-02 
355	 5,76214419689928E-02 
356	 3,85493678882636E-02 
357	 1,36239048735231E-03 
358	 0,05009303283208 
359	 4,88329612088128E-02 
360	-4,58805725955916E-02 
361	-3,05686679406159E-02 
362	 2,51621069279874E-02 
363	-3,47482411905232E-03 
364	-1,12875282525047E-02 
365	 1,25207359014349E-02 
366	 0,021122968653778 
367	 2,69649859269194E-02 
368	 3,26338974321794E-02 
369	 3,34937416983227E-03 
370	-3,52006720132812E-02 
371	-2,97748160792079E-02 
372	-2,54156589938075E-03 
373	 2,80123543763328E-02 
374	 1,94453275658415E-02 
375	 6,6517840693299E-03 
376	 1,49467060446537E-02 
377	 1,30325113915667E-02 
378	 3,49590819342896E-03 
379	 2,41506654509825E-03 
380	 4,53794318816731E-03 
381	 7,43823428336357E-03 
382	 9,35266797605557E-03 
383	 6,20588320032268E-03 
384	-5,38663055956201E-03 
385	-1,73908421617559E-02 
386	-2,49202797917504E-02 
387	-2,25147388390954E-02 
388	-1,24533227904098E-02 
389	 4,03945529486571E-03 
390	 3,32750295753743E-02 
391	 4,69126828156207E-02 
392	 1,46817425610522E-02 
393	 1,46014639123022E-03 
394	 1,25717453736735E-02 
395	 1,46730287818028E-02 
396	 1,02198019199606E-02 
397	 2,32037405007663E-03 
398	 6,10718242941426E-03 
399	 1,46141328047943E-02 
400	 1,49385420333665E-02 
401	 1,47471977920938E-02 
402	 1,45838924284441E-02 
403	 8,89248277760382E-03 
404	 6,58417996873962E-03 
405	 1,28491872051904E-02 
406	 1,50422859900015E-02 
407	 1,47749570308125E-02 
408	 1,99032724684397E-02 
409	 1,97468565226917E-02 
410	 1,31555776716424E-02 
411	 9,46654487867662E-03 
412	 1,04520660821492E-02 
413	 1,65195177477257E-02 
414	 1,58230740124581E-02 
415	 0,010577476550102 
416	 1,19537756294931E-02 
417	 1,37778363457817E-02 
418	 1,38250978542604E-02 
419	 1,41310934931806E-02 
420	 1,42167660419586E-02 
421	 1,32643792942304E-02 
422	 1,51760336519924E-02 
423	 1,80771599086672E-02 
424	 1,26939250165086E-02 
425	 8,35647159578553E-03 
426	 1,04797137917215E-02 
427	 1,27772519934816E-02 
428	 1,47072984776187E-02 
429	 1,71417381240469E-02 
430	 1,67281122116609E-02 
431	 1,42804170891104E-02 
432	 1,80829948425245E-02 
433	 2,05892540643641E-02 
434	 0,01549801912877 
435	 1,32785759904419E-02 
436	 1,48367222074565E-02 
437	 0,017785658106478 
438	 1,88096220213293E-02 
439	 1,66341309231939E-02 
440	 1,35220042628849E-02 
441	 1,20053513120652E-02 
442	 1,48495013158534E-02 
443	 0,015203625136861 
444	 1,28337991967871E-02 
445	 1,28113879457155E-02 
446	 1,38430482143074E-02 
447	 1,49009181299218E-02 
448	 1,45096723286387E-02 
449	 1,30507021909858E-02 
450	 1,15135623389974E-02 
451	 1,11211335403934E-02 
452	 1,21091272973832E-02 
453	 1,32975806720614E-02 
454	 1,43823553251789E-02 
455	 0,015101436810655 
456	 0,014999372322508 
457	 1,46171186614007E-02 
458	 1,57171894793576E-02 
459	 1,60673027854585E-02 
460	 1,48865010329119E-02 
461	 1,33596258044229E-02 
462	 1,33065444184913E-02 
463	 1,69000404567747E-02 
464	 1,81365531096119E-02 
465	 1,68186596006357E-02 
466	 1,83233151720093E-02 
467	 0,019089894972144 
468	 1,71500683001793E-02 
469	 1,67917680350572E-02 
470	 1,80308081136837E-02 
471	 2,00354611759483E-02 
472	 1,89792078032206E-02 
473	 1,46527560484044E-02 
474	 1,24311742922202E-02 
475	 1,26873998342464E-02 
476	 1,52412406328222E-02 
477	 0,016041763915034 
478	 1,52251778050031E-02 
479	 1,61747986572352E-02 
480	 1,56034889990117E-02 
481	 1,27164853378843E-02 
482	 1,29441654980805E-02 
483	 1,43229495233103E-02 
484	 1,30733145510252E-02 
485	 1,26527070567919E-02 
486	 1,36001412864496E-02 
487	 1,47195369338722E-02 
488	 1,44252949044635E-02 
489	 1,20166623356289E-02 
490	 1,35646912052213E-02 
491	 1,70591083145929E-02 
492	 1,58255409233035E-02 
493	 1,38186881070645E-02 
494	 1,27454391287281E-02 
495	 1,41384860286739E-02 
496	 1,55694729098311E-02 
497	 1,42418731784455E-02 
498	 1,38948552994408E-02 
499	 1,49847569410519E-02 
500	 1,66273051877354E-02 
501	 1,62182832796938E-02 
502	 1,29424475788836E-02 
503	 1,31578588438761E-02 
504	 1,52845828380519E-02 
505	 1,51920646239733E-02 
506	 1,46775714801102E-02 
507	 1,42536917456042E-02 
508	 1,38706461893179E-02 
509	 1,43093135961327E-02 
510	 1,60690470527555E-02 
511	 1,56348529714522E-02 
512	 1,39680713179622E-02 
513	 1,55356040681251E-02 
514	 1,61331145996781E-02 
515	 1,45576443523945E-02 
516	 1,55387287987745E-02 
517	 0,01741984591693 
518	 1,73674713077686E-02 
519	 1,60171717543313E-02 
520	 1,42905298329742E-02 
521	 1,48659322893037E-02 
522	 0,015789643379265 
523	 1,56090417982992E-02 
524	 1,50641155365405E-02 
525	 0,01457567201662 
526	 1,48285121059062E-02 
527	 1,52329615083002E-02 
528	 1,53927361809417E-02 
529	 1,44311331173415E-02 
530	 0,013378990925294 
531	 1,34486524232036E-02 
532	 1,43143731338788E-02 
533	 1,54574511531306E-02 
534	 1,56765617848895E-02 
535	 1,54835446706739E-02 
536	 1,51870440683567E-02 
537	 1,45835474185198E-02 
538	 1,42653204302231E-02 
539	 1,53965842361391E-02 
540	 1,59395102990084E-02 
541	 1,53900749783346E-02 
542	 1,46792686029305E-02 
543	 1,43303961904587E-02 
544	 1,47711797803919E-02 
545	 1,53479229234867E-02 
546	 1,57364589460967E-02 
547	 0,015527858319189 
548	 1,51260841779189E-02 
549	 1,48756293307567E-02 
550	 1,56402820295161E-02 
551	 1,64002699984663E-02 
552	 1,53948347487114E-02 
553	 1,54590712137029E-02 
554	 1,65415950926669E-02 
555	 1,49295076135355E-02 
556	 0,01341480006355 
557	 1,42693924076098E-02 
558	 0,014553006520136 
559	 1,43343621797184E-02 
560	 1,52907165988138E-02 
561	 1,55172416773994E-02 
562	 1,45882869104185E-02 
563	 1,49203888145667E-02 
564	 1,56170384771946E-02 
565	 1,52267813244676E-02 
566	 1,49034341568161E-02 
567	 1,47825528672407E-02 
568	 1,42453590017312E-02 
569	 1,38264335563596E-02 
570	 0,013946526461589 
571	 1,47405993352373E-02 
572	 1,58601533451728E-02 
573	 1,66624547220627E-02 
574	 0,016700256593642 
575	 1,60194154031592E-02 
576	 1,59103856231919E-02 
577	 1,61143155169147E-02 
578	 1,62198380917797E-02 
579	 1,60274624413463E-02 
580	 1,57819264595875E-02 
581	 0,016402677903896 
582	 1,71684875172609E-02 
583	 1,75856548091046E-02 
584	 1,73421867739837E-02 
585	 1,69675377237814E-02 
586	 1,74516451501002E-02 
587	 1,80069982132222E-02 
588	 1,82964869919175E-02 
589	 1,80631721139922E-02 
590	 1,75291199168718E-02 
591	 1,69639177872027E-02 
592	 1,70304946639542E-02 
593	 1,76526707069641E-02 
594	 0,018342434193049 
595	 1,84993506471928E-02 
596	 1,79684875828143E-02 
597	 1,80795202040899E-02 
598	 1,82773130924308E-02 
599	 1,74908584924528E-02 
600	 1,72802360401403E-02 
601	 1,78470097174497E-02 
602	 1,82169372738361E-02 
603	 1,82599665400264E-02 
604	 1,79004868580306E-02 
605	 1,72936729829073E-02 
606	 1,68678223138041E-02 
607	 1,76545701092217E-02 
608	 1,78975717245229E-02 
609	 1,71369934407738E-02 
610	 0,017024633614188 
611	 1,72068944990107E-02 
612	 1,70761442082361E-02 
613	 1,69839264929767E-02 
614	 1,68598831888087E-02 
615	 1,61953183203248E-02 
616	 1,56002702835314E-02 
617	 1,55306862290123E-02 
618	 1,62283139106248E-02 
619	 0,017173732617902 
620	 1,73809192097558E-02 
621	 1,71088118186952E-02 
622	 1,64841765983298E-02 
623	 1,55923255320499E-02 
624	 1,54407940563836E-02 
625	 1,69373327507393E-02 
626	 1,72457408169029E-02 
627	 1,64222066068963E-02 
628	 1,65887028411062E-02 
629	 1,66230094444907E-02 
630	 1,61795387226819E-02 
631	 1,70000465575835E-02 
632	 1,79901517091232E-02 
633	 1,70660375260567E-02 
634	 1,65080075886271E-02 
635	 1,68345620501222E-02 
636	 1,71712543669684E-02 
637	 0,017460376409642 
638	 1,76855150892698E-02 
639	 1,81846768307043E-02 
640	 1,87340478760422E-02 
641	 1,85279263209807E-02 
642	 1,88314220086285E-02 
643	 1,98524847013725E-02 
644	 1,94978597637448E-02 
645	 1,88000168910335E-02 
646	 0,01932924817877 
647	 1,97090789685513E-02 
648	 1,97210597970506E-02 
649	 1,98900608133291E-02 
650	 1,99066096522597E-02 
651	 1,95825022654835E-02 
652	 1,91395340146406E-02 
653	 1,88089744574434E-02 
654	 1,90240229566398E-02 
655	 1,88077661745289E-02 
656	 1,80895670965792E-02 
657	 1,82803034316166E-02 
658	 1,86855111282244E-02 
659	 1,84969112082925E-02 
660	 1,77417838990481E-02 
661	 0,016814067446543 
662	 0,016807601414051 
663	 1,68632842868242E-02 
664	 1,66047936184091E-02 
665	 1,66705696423589E-02 
666	 0,016845264591028 
667	 0,016694261551701 
668	 1,65829413061156E-02 
669	 1,65128292595554E-02 
670	 1,60282436296989E-02 
671	 1,57526720117921E-02 
672	 1,61207629837609E-02 
673	 1,59541583811591E-02 
674	 1,55079307179906E-02 
675	 1,58925298253991E-02 
676	 1,63932923583754E-02 
677	 1,66499355951691E-02 
678	 0,016222134117146 
679	 1,57115870949628E-02 
680	 1,58678596633954E-02 
681	 0,016323904251855 
682	 1,68230621966318E-02 
683	 1,68321169699058E-02 
684	 1,69392612779502E-02 
685	 1,74370476570687E-02 
686	 1,76681709877068E-02 
687	 1,77283576477221E-02 
688	 1,79395207518245E-02 
689	 0,018134585305617 
690	 1,84030712951004E-02 
691	 1,92273238461057E-02 
692	 2,03097192327862E-02 
693	 2,13793619206065E-02 
694	 2,27079157021916E-02 
695	 2,43232444447289E-02 
696	 2,61257723187109E-02 
697	 2,82834150829261E-02 
698	 3,09115943218865E-02 
699	 0,034188721189414 
700	 3,77383522531265E-02 
701	 4,10877552941152E-02 
702	 4,47756414844511E-02 
703	 4,87605549390981E-02 
704	 5,24627707916906E-02 
705	 5,63609084322952E-02 
706	 6,07281751634167E-02 
707	 6,50797431074602E-02 
708	 6,92734032488074E-02 
709	 7,32194737368767E-02 
710	 7,68814828129065E-02 
711	 8,03124553124553E-02 
712	 8,37555543333815E-02 
713	 8,71152382672792E-02 
714	 9,02981132296688E-02 
715	 9,35103491715361E-02 
716	 9,65717952014337E-02 
717	 9,89188804883082E-02 
718	 0,101120849670146 
719	 0,103429911988894 
720	 0,105746174307398 
721	 0,107879196262305 
722	 0,109613534890259 
723	 0,111402474118557 
724	 0,113154909937296 
725	 0,114144115696173 
726	 0,115147232207045 
727	 0,116591031991261 
728	 0,117744129520768 
729	 0,118591161580318 
730	 0,119271948474747 
731	 0,119958883611336 
732	 0,120747696678988 
733	 0,121740002824789 
734	 0,122589673801226 
735	 0,123019109881596 
736	 0,123530968495653 
737	 0,124167982956812 
738	 0,124890854208239 
739	 0,125024063772811 
740	 0,124579713375192 
741	 0,125211451773476 
742	 0,126178486721332 
743	 0,126474361061335 
744	 0,1268082272183 
745	 0,127265214140337 
746	 0,127647642940755 
747	 0,127969212177562 
748	 0,128202717663189 
749	 0,128118343247975 
750	 0,128019001597028 
751	 0,12839480902968 
752	 0,128812258291213 
753	 0,129130647950324 
754	 0,12937624813033 
755	 0,129387029807222 
756	 0,129118960865177 
757	 0,129308972328833 
758	 0,129762009709608 
759	 0,129830012157295 
760	 0,129979573532873 
761	 0,130252821773263 
762	 0,130115323933799 
763	 0,130104282034703 
764	 0,130704895096245 
765	 0,131132716505376 
766	 0,13123469821458 
767	 0,131010473633325 
768	 0,130893429490594 
769	 0,13107030701433 
770	 0,131357726982769 
771	 0,131662520125272 
772	 0,131896159662059 
773	 0,132232416548024 
774	 0,132577967653276 
775	 0,132570538153225 
776	 0,13238756226938 
777	 0,13217322041998 
778	 0,132169454969228 
779	 0,132363277488927 
780	 0,132686829521642 
781	 0,132850051896525 
782	 0,132907295900743 
783	 0,133462136992849 
784	 0,133676785601895 
785	 0,133121141016743 
786	 0,13310081963325 
787	 0,133525201867487 
788	 0,13392116312984 
789	 0,133812582787468 
790	 0,133356453198861 
791	 0,134010774953198 
792	 0,134399264405394 
793	 0,133532292167551 
794	 0,133422902340363 
795	 0,133918948061356 
796	 0,133954934228736 
797	 0,134005571172447 
798	 0,134192242573849 
799	 0,134427626414613 
800	 0,134699858758698 
801	 0,13498139732141 
802	 0,134971576503243 
803	 0,134876129344525 
804	 0,135395329685932 
805	 0,135768399465791 
806	 0,135692184048538 
807	 0,135160068693111 
808	 0,134873318189655 
809	 0,135520306163214 
810	 0,135780062991442 
811	 0,135577476712981 
812	 0,135521911530583 
813	 0,135479279285904 
814	 0,135527380566928 
815	 0,136338232571967 
816	 0,137075537664824 
817	 0,136731291584177 
818	 0,136572565825184 
819	 0,136820327363991 
820	 0,137264840642699 
821	 0,137361994478498 
822	 0,137003545888238 
823	 0,13740007455853 
824	 0,138048345050655 
825	 0,138154172918439 
826	 0,13817161584894 
827	 0,138247854022459 
828	 0,138565611669229 
829	 0,138608074459198 
830	 0,138229777676897 
831	 0,138404530734026 
832	 0,138826759109693 
833	 0,138936393924309 
834	 0,139067438605715 
835	 0,139208618016441 
836	 0,138982282138844 
837	 0,13931152111944 
838	 0,140408441113617 
839	 0,139997393421876 
840	 0,139105908555668 
841	 0,13951892658536 
842	 0,139991582847098 
843	 0,140283343855905 
844	 0,14070919257661 
845	 0,140814272446026 
846	 0,140421539307522 
847	 0,140147342264624 
848	 0,140079796346607 
849	 0,140222652135244 
850	 0,140348056650971 
851	 0,140429018095928 
852	 0,140585479952408 
853	 0,140947035239467 
854	 0,141429218314562 
855	 0,14089978922525 
856	 0,140418389565761 
857	 0,141554717355538 
858	 0,141739471600129 
859	 0,140907306814605 
860	 0,140979738206553 
861	 0,141118077840086 
862	 0,140967565872719 
863	 0,141091413613439 
864	 0,14123940257544 
865	 0,141032940230334 
866	 0,141243475811333 
867	 0,141884782755957 
868	 0,142469011920337 
869	 0,142807421392527 
870	 0,142860550619238 
871	 0,143161958005818 
872	 0,143390001778497 
873	 0,143129619120154 
874	 0,143383107472136 
875	 0,143983955362278 
876	 0,143729348046847 
877	 0,143821435953303 
878	 0,144578271108199 
879	 0,144726442833602 
880	 0,144723628094747 
881	 0,145126455361575 
882	 0,144909706902141 
883	 0,14444730587885 
884	 0,145294982465444 
885	 0,145836164030997 
886	 0,145613605335927 
887	 0,14555133825958 
888	 0,145632339438682 
889	 0,145828084296092 
890	 0,146642783199181 
891	 0,147580783335933 
892	 0,147429282819582 
893	 0,146996370957345 
894	 0,146678051152219 
895	 0,146897136027081 
896	 0,14728765721343 
897	 0,147508560083449 
898	 0,147360030971704 
899	 0,147179599312695 
900	 0,147612737843756 
901	 0,14826197427955 
902	 0,148759734345828 
903	 0,148195599585328 
904	 0,14787573935551 
905	 0,148494400394947 
906	 0,148570444835099 
907	 0,148477389522013 
908	 0,148989088152936 
909	 0,149017696630071 
910	 0,148579781363593 
911	 0,148577574292884 
912	 0,14861821365541 
913	 0,148561358629236 
914	 0,148577972382735 
915	 0,148961432910477 
916	 0,149925484787208 
917	 0,149665529840154 
918	 0,148604720408938 
919	 0,148800779722045 
920	 0,14885464220703 
921	 0,14857874637543 
922	 0,149402125597427 
923	 0,150028531024044 
924	 0,149367240018014 
925	 0,148165423949981 
926	 0,147295955436893 
927	 0,148044367406207 
928	 0,148812618520157 
929	 0,149056094491221 
930	 0,148759455380732 
931	 0,14823512381662 
932	 0,147836424654445 
933	 0,148544572069633 
934	 0,149058918705275 
935	 0,147674752185379 
936	 0,146895238802204 
937	 0,146886384509581 
938	 0,14629753306064 
939	 0,146469006608402 
940	 0,147453979419303 
941	 0,146857491269655 
942	 0,146331080557571 
943	 0,147217842829018 
944	 0,14650607347966 
945	 0,144819811460325 
946	 0,144178225574763 
947	 0,144607351860541 
948	 0,145407403338069 
949	 0,14384871184879 
950	 0,142508972764545 
951	 0,142763885407845 
952	 0,143108504096169 
953	 0,142821167503417 
954	 0,141304401101474 
955	 0,140221541789551 
956	 0,139669135457572 
957	 0,138897780106789 
958	 0,137958367038524 
959	 0,137068262386188 
960	 0,137156422252889 
961	 0,137681937328045 
962	 0,138156067058288 
963	 0,138575609248287 
964	 0,138566894989282 
965	 0,137627535845214 
966	 0,137256189766499 
967	 0,137595739206856 
968	 0,137885779655315 
969	 0,13742301449967 
970	 0,136385310583566 
971	 0,13772937298971 
972	 0,138669228533718 
973	 0,136777139043498 
974	 0,135990465180376 
975	 0,136321164684792 
976	 0,13654470341908 
977	 0,137402422574104 
978	 0,138303018575851 
979	 0,136575672458028 
980	 0,136045155874518 
981	 0,138006600086699 
982	 0,137804550109341 
983	 0,136842660174197 
984	 0,136966651113687 
985	 0,138351499655478 
986	 0,140081318102267 
987	 0,140386766891537 
988	 0,139240437932901 
989	 0,13779077009097 
990	 0,140240451207636 
991	 0,142018048000642 
992	 0,14094561665995 
993	 0,139677681262674 
994	 0,1392585342509 
995	 0,140451952461391 
996	 0,142181267093928 
997	 0,14342341592964 
998	 0,142674273087333 
999	 0,14352907580559 
1000	 0,145894057378067 
1001	 0,14565122948256 
1002	 0,144465774398806 
1003	 0,143469585675955 
1004	 0,14369030495984 
1005	 0,144813528196621 
1006	 0,146248317589084 
1007	 0,146559795668886 
1008	 0,145746414134204 
1009	 0,144270786585332 
1010	 0,145634051113175 
1011	 0,149507485876416 
1012	 0,151996022120662 
1013	 0,15197821305122 
1014	 0,149502751847925 
1015	 0,148253385960849 
1016	 0,147781318486983 
1017	 0,147773271227874 
1018	 0,150767035044685 
1019	 0,153427835675359 
1020	 0,15049260451793 
1021	 0,150119793657801 
1022	 0,152407909778694 
1023	 0,151660924483196 
1024	 0,153689868126967 
1025	 0,158313689479753 
1026	 0,15559279450681 
1027	 0,154501150067629 
1028	 0,159675600806726 
1029	 0,158859317497519 
1030	 0,155486840319892 
1031	 0,155172691444092 
1032	 0,158193241655504 
1033	 0,161560968495183 
1034	 0,159335152097004 
1035	 0,156022228326574 
1036	 0,153059107162125 
1037	 0,149434280137401 
1038	 0,151259903123607 
1039	 0,158756895344788 
1040	 0,158021364260577 
1041	 0,155318124857342 
1042	 0,156117693788524 
1043	 0,155742765763618 
1044	 0,156112457218486 
1045	 0,160378744078187 
1046	 0,165474427089816 
1047	 0,167791648571494 
1048	 0,160739890670937 
1049	 0,156192340722373 
1050	 0,157397120332407 
1051	 0,160856522372466 
1052	 0,159151023438894 
1053	 0,151985605638426 
1054	 0,161047488127252 
1055	 0,168651408283382 
1056	 0,160510341215682 
1057	 0,158041149577733 
1058	 0,160465147234148 
1059	 0,162077414821338 
1060	 0,162522601017331 
1061	 0,162144960529783 
1062	 0,162057334544381 
1063	 0,167136978832605 
1064	 0,172379937075847 
1065	 0,154383690045708 
1066	 0,13937535614957 
1067	 0,141480197225005 
1068	 0,155973326677885 
1069	 0,168288410540332 
1070	 0,167611898003391 
1071	 0,164458365564176 
1072	 0,159929777747974 
1073	 0,154337437260051 
1074	 0,152504231420218 
1075	 0,152830233856792 
