Wavelength	AVEN00102.asd
325	 8,97658066486726E-02 
326	 7,17376622059204E-02 
327	 2,63640470938422E-02 
328	-2,39056898301914E-02 
329	 9,32345145268792E-02 
330	 0,149352933081201 
331	 1,87630785866616E-02 
332	-3,22081371483762E-02 
333	 1,08255021190345E-04 
334	 1,60703491751758E-02 
335	 4,15762771924669E-02 
336	 6,53736104561705E-02 
337	 0,067710054425973 
338	 2,54515584871138E-02 
339	-7,61567484136512E-02 
340	-0,124010026356284 
341	-9,72034635987787E-02 
342	-4,49887627890638E-03 
343	 7,46420540263585E-02 
344	 0,109259448699752 
345	 9,42364527378237E-02 
346	 5,25438381792646E-02 
347	 1,45471750392363E-02 
348	 3,19191176680629E-02 
349	 7,38247289949324E-02 
350	 4,00089617780168E-02 
351	 0,015457762848874 
352	 3,04779721082018E-02 
353	 0,043771646331835 
354	 5,14016558932428E-02 
355	 5,24785290156818E-02 
356	 0,037768423489413 
357	 0,015134308154563 
358	 8,37901046722943E-03 
359	 1,48829111644807E-02 
360	 2,91077612509895E-02 
361	 1,53998696708394E-02 
362	-5,11442532319027E-03 
363	-8,23873345921419E-04 
364	 8,64725940879985E-03 
365	 1,98668678572673E-02 
366	 4,57971011462214E-02 
367	 5,70979043983752E-02 
368	 3,64690028975797E-02 
369	 0,015751164461794 
370	 4,19411839263569E-03 
371	 1,18166063482266E-02 
372	 1,93444098156225E-02 
373	 2,39762045540708E-02 
374	 4,36776114415403E-02 
375	 5,28898391223581E-02 
376	 3,62794291258961E-02 
377	 4,11162982730406E-02 
378	 5,67688756891704E-02 
379	 4,08069273583365E-02 
380	 0,032643887571325 
381	 3,68455690704581E-02 
382	 1,33846933822008E-02 
383	-6,81283432731184E-03 
384	 8,0757947299024E-03 
385	 1,65710556679691E-02 
386	 0,013427830404771 
387	 4,77221031557962E-03 
388	 8,49163728433435E-03 
389	 2,65080579305982E-02 
390	 2,74104661559467E-02 
391	 2,23278673069802E-02 
392	 2,62235805579488E-02 
393	 2,33994307768504E-02 
394	 1,52405750640511E-02 
395	 1,54670463987347E-02 
396	 1,72651054204677E-02 
397	 1,67535789664595E-02 
398	 1,14594875245825E-02 
399	 9,5559074158296E-03 
400	 2,36290773857317E-02 
401	 3,07745588683065E-02 
402	 2,82792377752819E-02 
403	 2,87397708543819E-02 
404	 2,89164323163452E-02 
405	 2,68710903257739E-02 
406	 2,77760651914597E-02 
407	 2,92889368682362E-02 
408	 2,52885669735582E-02 
409	 2,34427930820071E-02 
410	 2,40274171301228E-02 
411	 1,57036815164977E-02 
412	 1,13449676433975E-02 
413	 2,22851172266603E-02 
414	 2,91577775035699E-02 
415	 3,01590983721852E-02 
416	 3,04279920068399E-02 
417	 3,10932791339606E-02 
418	 3,26891759323337E-02 
419	 3,47491268380493E-02 
420	 3,40489073157593E-02 
421	 2,67312048154116E-02 
422	 2,37133112933679E-02 
423	 0,025479749011749 
424	 2,40516126745841E-02 
425	 2,37610727652292E-02 
426	 2,66375998430712E-02 
427	 2,68418181509216E-02 
428	 2,53159886847407E-02 
429	 2,51015147142132E-02 
430	 2,46696952425601E-02 
431	 2,44785405364776E-02 
432	 2,78572860673916E-02 
433	 3,23945034743153E-02 
434	 3,55311462615021E-02 
435	 3,15993145990107E-02 
436	 0,024669529030037 
437	 2,76142468936047E-02 
438	 3,00534462010929E-02 
439	 2,83811004519011E-02 
440	 2,75683692751719E-02 
441	 2,76513318868504E-02 
442	 2,81320005308086E-02 
443	 2,82264957680992E-02 
444	 2,81160481927711E-02 
445	 2,94629101635715E-02 
446	 2,94941455932964E-02 
447	 2,70779936770711E-02 
448	 2,81595834909966E-02 
449	 3,11179701074769E-02 
450	 3,14802389958194E-02 
451	 3,16281284636708E-02 
452	 3,20470354272121E-02 
453	 3,18817493686931E-02 
454	 3,14614507345119E-02 
455	 3,11758085977803E-02 
456	 3,17113149878786E-02 
457	 3,30155575051548E-02 
458	 3,49733188325602E-02 
459	 3,49981524761651E-02 
460	 3,26063265082311E-02 
461	 3,24142345220767E-02 
462	 3,37633902715355E-02 
463	 3,51698860255054E-02 
464	 3,37734248338208E-02 
465	 3,08794220531581E-02 
466	 3,39901279141512E-02 
467	 0,036395048594496 
468	 3,41204217536071E-02 
469	 0,033719092758359 
470	 3,48376662393847E-02 
471	 3,47722380802445E-02 
472	 3,57154536233107E-02 
473	 3,74366422022708E-02 
474	 3,58359052671755E-02 
475	 3,35866947814368E-02 
476	 3,34724533607269E-02 
477	 3,35282096910743E-02 
478	 3,40171599382978E-02 
479	 3,71822722300336E-02 
480	 3,81306380059153E-02 
481	 3,53044035048017E-02 
482	 3,53374952942992E-02 
483	 3,60258825201916E-02 
484	 3,29632834644553E-02 
485	 3,22578028169792E-02 
486	 3,43728871780332E-02 
487	 3,46913556183935E-02 
488	 3,43095602211381E-02 
489	 3,42351319026426E-02 
490	 3,56761998343803E-02 
491	 3,75306808436273E-02 
492	 3,69576520193155E-02 
493	 3,59677217967003E-02 
494	 3,52873820220933E-02 
495	 0,034620909902241 
496	 3,44496016739214E-02 
497	 3,52889125150281E-02 
498	 3,64454383151544E-02 
499	 3,74159150832065E-02 
500	 3,74220364964099E-02 
501	 3,69738783150956E-02 
502	 3,65528359881281E-02 
503	 3,73178484104403E-02 
504	 3,86629367803096E-02 
505	 3,94083084030996E-02 
506	 3,91348139319263E-02 
507	 3,81348401868604E-02 
508	 3,82270064035284E-02 
509	 3,90501274651602E-02 
510	 4,01083300527446E-02 
511	 4,00344008063328E-02 
512	 3,91160376519858E-02 
513	 3,88553215268744E-02 
514	 3,82451183759968E-02 
515	 3,74423521176931E-02 
516	 4,01321402588128E-02 
517	 4,33403163335935E-02 
518	 4,26447588076833E-02 
519	 4,07667499378245E-02 
520	 3,92260043909023E-02 
521	 4,07167448309597E-02 
522	 4,21714601976293E-02 
523	 4,14683668144361E-02 
524	 4,13209293878621E-02 
525	 4,17959140977945E-02 
526	 4,21210933007847E-02 
527	 4,22435270795442E-02 
528	 4,21031287228264E-02 
529	 4,16673151528923E-02 
530	 4,13283879104746E-02 
531	 4,15133526487525E-02 
532	 4,24355109264033E-02 
533	 4,37120698881191E-02 
534	 4,41697934964386E-02 
535	 4,42847911525329E-02 
536	 0,044294061900334 
537	 4,36295286935149E-02 
538	 4,30714578422244E-02 
539	 4,42014623466636E-02 
540	 4,47999381577705E-02 
541	 4,43904218246256E-02 
542	 4,42481597134807E-02 
543	 4,44473574545838E-02 
544	 0,044979116926962 
545	 4,55418525580048E-02 
546	 4,59913167807818E-02 
547	 4,60975861089526E-02 
548	 4,65682621121633E-02 
549	 4,75624257569177E-02 
550	 4,76983838459686E-02 
551	 4,71226128868195E-02 
552	 4,62399495103163E-02 
553	 4,65350336463151E-02 
554	 4,77262400693678E-02 
555	 4,65740659900949E-02 
556	 4,59070754056588E-02 
557	 4,79247299108718E-02 
558	 4,86992563046373E-02 
559	 4,81868470307802E-02 
560	 4,81564305487502E-02 
561	 4,78289188716307E-02 
562	 4,71855444553538E-02 
563	 4,76677436810939E-02 
564	 4,83923096849123E-02 
565	 4,80453795238183E-02 
566	 4,82036666455282E-02 
567	 4,89289980384394E-02 
568	 4,90271986177401E-02 
569	 4,88905299761811E-02 
570	 0,04886485940357 
571	 4,94099485606668E-02 
572	 5,04134809425962E-02 
573	 5,15947610734247E-02 
574	 0,052020074626246 
575	 5,15136136127589E-02 
576	 5,12546447069244E-02 
577	 5,13020822184975E-02 
578	 0,051608682079443 
579	 0,051952503459498 
580	 5,22207886464398E-02 
581	 5,22857737520547E-02 
582	 5,24257360313324E-02 
583	 5,27320036188442E-02 
584	 5,24066546706664E-02 
585	 5,22935948022007E-02 
586	 5,41250476447481E-02 
587	 5,51142590286426E-02 
588	 5,46252020416204E-02 
589	 5,40040659575846E-02 
590	 5,38339057754621E-02 
591	 5,45427013530962E-02 
592	 5,48081308802124E-02 
593	 5,46602849687808E-02 
594	 5,49549375918724E-02 
595	 5,53368820140592E-02 
596	 5,56325471117784E-02 
597	 5,58307104940065E-02 
598	 5,57604528403139E-02 
599	 0,055173224738306 
600	 5,47055403471552E-02 
601	 5,46647396598595E-02 
602	 5,54898029540354E-02 
603	 5,58351953396932E-02 
604	 5,47680153865548E-02 
605	 5,43687486398215E-02 
606	 5,48032756209198E-02 
607	 5,56147842596804E-02 
608	 0,056177102109194 
609	 5,61598317442107E-02 
610	 5,55534292846922E-02 
611	 5,50456770505838E-02 
612	 5,54568890759715E-02 
613	 5,55095862585311E-02 
614	 5,50351871189642E-02 
615	 0,054562874908247 
616	 0,054272017138637 
617	 5,42875842470821E-02 
618	 5,44577276662188E-02 
619	 5,47878001984948E-02 
620	 5,54371635409743E-02 
621	 0,05548231751591 
622	 5,47756974667987E-02 
623	 5,41238043857061E-02 
624	 5,42324007218524E-02 
625	 5,56613752268487E-02 
626	 5,55918134901864E-02 
627	 5,44037977696604E-02 
628	 5,51336082874353E-02 
629	 5,57735478848415E-02 
630	 5,54169571102516E-02 
631	 5,53104892314779E-02 
632	 5,54536916336641E-02 
633	 5,56146201460124E-02 
634	 5,56923871488376E-02 
635	 5,57222458698144E-02 
636	 5,60061005077355E-02 
637	 5,63900860373679E-02 
638	 5,67481045793961E-02 
639	 5,73846663774788E-02 
640	 5,80507261505065E-02 
641	 5,80533817865315E-02 
642	 5,77534116777947E-02 
643	 5,74054062445731E-02 
644	 5,75479056281687E-02 
645	 5,78569576451137E-02 
646	 5,78415780504747E-02 
647	 5,80112279902645E-02 
648	 5,83635936423552E-02 
649	 5,84954778711085E-02 
650	 5,84670379833731E-02 
651	 5,83304720962993E-02 
652	 5,81376697306403E-02 
653	 5,80601575131938E-02 
654	 5,84969974627061E-02 
655	 5,82825708979453E-02 
656	 5,73051872479994E-02 
657	 5,71062964179389E-02 
658	 5,72151943800961E-02 
659	 5,70522616720836E-02 
660	 5,70618284256508E-02 
661	 5,70144776483824E-02 
662	 5,59880853412828E-02 
663	 5,51112983228448E-02 
664	 5,49174116306251E-02 
665	 5,46218493388348E-02 
666	 5,43721270972889E-02 
667	 5,45225449043672E-02 
668	 5,50029119545735E-02 
669	 0,055497193237671 
670	 5,49611547798647E-02 
671	 5,42095440776085E-02 
672	 5,39314768558515E-02 
673	 0,05385418235106 
674	 0,053917839280641 
675	 0,054040784982778 
676	 5,44196343382493E-02 
677	 0,054946755473428 
678	 5,46538340194602E-02 
679	 5,43034188405138E-02 
680	 5,48764761556018E-02 
681	 5,55927200190799E-02 
682	 5,61347894272432E-02 
683	 5,60707896303227E-02 
684	 5,63185529626604E-02 
685	 5,72868160237265E-02 
686	 5,74038969636336E-02 
687	 0,057396413229133 
688	 5,89939760756433E-02 
689	 5,97286487006854E-02 
690	 5,93804341633395E-02 
691	 6,04010506070867E-02 
692	 6,20456644191342E-02 
693	 6,35352542290032E-02 
694	 6,47531245021885E-02 
695	 6,58855140858276E-02 
696	 6,75600652463079E-02 
697	 6,90541435783397E-02 
698	 7,03294248878937E-02 
699	 7,29922125441591E-02 
700	 7,60246143235651E-02 
701	 7,79682693538749E-02 
702	 8,01967991158507E-02 
703	 8,28472313737783E-02 
704	 8,52871071725771E-02 
705	 8,74850205845127E-02 
706	 8,94819128891501E-02 
707	 9,18575548969435E-02 
708	 9,42278035949068E-02 
709	 9,56970266551102E-02 
710	 9,73160497600224E-02 
711	 9,93206019778688E-02 
712	 0,101173771602466 
713	 0,102732616806523 
714	 0,103926297503436 
715	 0,105441946122712 
716	 0,107151009678545 
717	 0,108390433001914 
718	 0,109323739693589 
719	 0,110100902613901 
720	 0,111215195282859 
721	 0,112456997124768 
722	 0,113502557207848 
723	 0,114355603474881 
724	 0,114978260226995 
725	 0,115205091598847 
726	 0,115727447879224 
727	 0,116860897535934 
728	 0,11738193042014 
729	 0,117526239367398 
730	 0,118028478493693 
731	 0,118412702577349 
732	 0,118652439868237 
733	 0,119252226763307 
734	 0,119686846985219 
735	 0,119538623648612 
736	 0,119700203883985 
737	 0,120192596260408 
738	 0,120695952100084 
739	 0,120908688950402 
740	 0,120812656523579 
741	 0,121096307759533 
742	 0,121653118582226 
743	 0,122276695528238 
744	 0,122430485980926 
745	 0,122236550349167 
746	 0,122474993071844 
747	 0,122822424120391 
748	 0,123099141360427 
749	 0,123302669115517 
750	 0,123410295189821 
751	 0,123382793958464 
752	 0,123624606185862 
753	 0,12415005799636 
754	 0,124603410678937 
755	 0,124759382340627 
756	 0,124508501556933 
757	 0,124419871708849 
758	 0,124546537825818 
759	 0,124775901107099 
760	 0,125141426765662 
761	 0,125512714287731 
762	 0,125279099962968 
763	 0,125173358812998 
764	 0,125847877426016 
765	 0,126022414777094 
766	 0,125833405095146 
767	 0,126316650091157 
768	 0,126723096962419 
769	 0,126762391436986 
770	 0,126557152801067 
771	 0,126402561499038 
772	 0,126624181033233 
773	 0,126953143542017 
774	 0,127249727910588 
775	 0,127341633116484 
776	 0,127265274241888 
777	 0,127089735471165 
778	 0,127074074825653 
779	 0,127324667284172 
780	 0,127945059864635 
781	 0,128256717692846 
782	 0,128210441720665 
783	 0,128399876157291 
784	 0,128549529146815 
785	 0,128503439399458 
786	 0,128514969461626 
787	 0,128643403998951 
788	 0,128921227090909 
789	 0,129294349120856 
790	 0,129623949950391 
791	 0,129464610448291 
792	 0,129307105149722 
793	 0,12952158316219 
794	 0,129498560000614 
795	 0,129435575395324 
796	 0,130008294655443 
797	 0,130252052520696 
798	 0,130006027869289 
799	 0,130213825193476 
800	 0,130435578169811 
801	 0,130249876831979 
802	 0,130264351864208 
803	 0,130506738989288 
804	 0,130747230136494 
805	 0,131044495251202 
806	 0,131335013779073 
807	 0,131285309536025 
808	 0,131079163491394 
809	 0,130952046985757 
810	 0,131123359616996 
811	 0,131436023313426 
812	 0,131301286045552 
813	 0,131186597006553 
814	 0,131337278629185 
815	 0,1319633145102 
816	 0,132454876222342 
817	 0,132108359399193 
818	 0,131996221292415 
819	 0,132267101350503 
820	 0,132580834054903 
821	 0,132846802136151 
822	 0,132979091691829 
823	 0,132872131988439 
824	 0,132732315990302 
825	 0,132830601919815 
826	 0,13301500860941 
827	 0,133216142783835 
828	 0,133406927603052 
829	 0,133213636866593 
830	 0,132627832095004 
831	 0,132987524214515 
832	 0,133621222968406 
833	 0,133427577203577 
834	 0,133505166776465 
835	 0,133825000164012 
836	 0,133321842624654 
837	 0,133238423183647 
838	 0,134066496604682 
839	 0,134198451333843 
840	 0,133824855743514 
841	 0,133478507558777 
842	 0,13358893954988 
843	 0,134135950978831 
844	 0,134641160242937 
845	 0,134846784753995 
846	 0,134670604872191 
847	 0,134774070082337 
848	 0,134860660822947 
849	 0,134412360837411 
850	 0,134063299322879 
851	 0,13396088819229 
852	 0,133976048762308 
853	 0,134163666942233 
854	 0,134446268355001 
855	 0,134103438860226 
856	 0,133832943928828 
857	 0,134664232310026 
858	 0,135190536816976 
859	 0,135152242357883 
860	 0,1348999272971 
861	 0,134806141371396 
862	 0,135036322007406 
863	 0,135098083149396 
864	 0,135206495787279 
865	 0,135687567522014 
866	 0,135165963044299 
867	 0,134151553700215 
868	 0,135279183149101 
869	 0,135950499409626 
870	 0,135191195042106 
871	 0,135252692475157 
872	 0,13569593508237 
873	 0,135753907881943 
874	 0,135829409023745 
875	 0,135921233025848 
876	 0,135831598859883 
877	 0,135585544048531 
878	 0,135340361125944 
879	 0,135883144661964 
880	 0,136434704579014 
881	 0,136156268111778 
882	 0,13652399654356 
883	 0,137229889774469 
884	 0,136563675512179 
885	 0,13659631259947 
886	 0,137681840265893 
887	 0,137543838371329 
888	 0,13703199400347 
889	 0,137059306109478 
890	 0,13717003159368 
891	 0,137361773967948 
892	 0,137863086064059 
893	 0,137559544016914 
894	 0,136547826209367 
895	 0,136872695603127 
896	 0,137897126949724 
897	 0,138844387349523 
898	 0,138020056747938 
899	 0,136448945837231 
900	 0,13642333672116 
901	 0,136671284040762 
902	 0,136834609575487 
903	 0,136799435336285 
904	 0,137284030248668 
905	 0,138512585512649 
906	 0,138697147456977 
907	 0,138288584791062 
908	 0,138253330318174 
909	 0,138097551223473 
910	 0,137776476015846 
911	 0,137283466099825 
912	 0,137680598739778 
913	 0,139120427035399 
914	 0,1392743801828 
915	 0,138976298018337 
916	 0,139333415153959 
917	 0,13905858284989 
918	 0,138356773719428 
919	 0,138314542511919 
920	 0,138562985375843 
921	 0,138868409175708 
922	 0,138708605959852 
923	 0,138442207471847 
924	 0,138392057559123 
925	 0,13846859186294 
926	 0,138403413029641 
927	 0,137713050631459 
928	 0,137616009901912 
929	 0,138253740006415 
930	 0,138733949305639 
931	 0,139214216306976 
932	 0,139675663896761 
933	 0,139473001698032 
934	 0,13912370154323 
935	 0,139349127583211 
936	 0,139223790591079 
937	 0,138899762152769 
938	 0,139412050031399 
939	 0,139700557708159 
940	 0,139497312865901 
941	 0,13968429493505 
942	 0,139945267091362 
943	 0,139921380049457 
944	 0,139268565540086 
945	 0,138498097276593 
946	 0,138631351122198 
947	 0,139024798363892 
948	 0,139350142215398 
949	 0,139188462104873 
950	 0,138819352873122 
951	 0,138471189340553 
952	 0,138343886033094 
953	 0,138579812670172 
954	 0,139245695978608 
955	 0,138830299022328 
956	 0,137760197073883 
957	 0,138198843906643 
958	 0,137187051593073 
959	 0,134715854027994 
960	 0,135552820080404 
961	 0,136667947679707 
962	 0,13596324978049 
963	 0,137487422445373 
964	 0,139178459749456 
965	 0,137169620953901 
966	 0,136998313287645 
967	 0,138837702122428 
968	 0,138880733503255 
969	 0,137930890562617 
970	 0,13676492075834 
971	 0,138082175842789 
972	 0,138704122046282 
973	 0,136060860528121 
974	 0,136452939536022 
975	 0,138715783252477 
976	 0,138923521128221 
977	 0,138562656209798 
978	 0,138077700819872 
979	 0,137654463759159 
980	 0,138031045673343 
981	 0,139188958356345 
982	 0,138804676998989 
983	 0,137710125984694 
984	 0,137115895904587 
985	 0,138915704678088 
986	 0,141425224751584 
987	 0,140829049319407 
988	 0,138764908864841 
989	 0,136711790851245 
990	 0,138101327259425 
991	 0,139339649454162 
992	 0,138941501572088 
993	 0,140647692036873 
994	 0,141733531226067 
995	 0,139528588013338 
996	 0,140237169123686 
997	 0,142265710256643 
998	 0,140242770235604 
999	 0,14101051567756 
1000	 0,144163477741652 
1001	 0,141129133306666 
1002	 0,138177763039654 
1003	 0,138445377088041 
1004	 0,139616446741115 
1005	 0,141414463165561 
1006	 0,143493421898561 
1007	 0,144447829806967 
1008	 0,143242368664782 
1009	 0,138499188316185 
1010	 0,140196068722855 
1011	 0,147313239348288 
1012	 0,14778050019667 
1013	 0,145244310104895 
1014	 0,142173522383001 
1015	 0,142772965563052 
1016	 0,145375629383595 
1017	 0,147769646194116 
1018	 0,145999235824971 
1019	 0,143146259525543 
1020	 0,144692283223527 
1021	 0,146054342599301 
1022	 0,145875469107707 
1023	 0,142925454278312 
1024	 0,143414203340619 
1025	 0,147823441566282 
1026	 0,147394342452095 
1027	 0,148060111424697 
1028	 0,152347057314178 
1029	 0,148703726251288 
1030	 0,143251363112743 
1031	 0,144351500358598 
1032	 0,146980535396776 
1033	 0,149053508629632 
1034	 0,148421040252122 
1035	 0,148719530676569 
1036	 0,149654538143703 
1037	 0,146150791834634 
1038	 0,14422970908513 
1039	 0,146098963364962 
1040	 0,146755445950775 
1041	 0,148954996179236 
1042	 0,153789317150926 
1043	 0,150645551008309 
1044	 0,143926588375245 
1045	 0,142110904952468 
1046	 0,146873297165258 
1047	 0,151965655903567 
1048	 0,14167497900042 
1049	 0,137259999559455 
1050	 0,142492008567 
1051	 0,144355918630522 
1052	 0,144340981799655 
1053	 0,143669033276274 
1054	 0,146237148134273 
1055	 0,148060772039858 
1056	 0,14663906250318 
1057	 0,153590412934328 
1058	 0,15912454554808 
1059	 0,148665842295706 
1060	 0,143917626940899 
1061	 0,146477201369493 
1062	 0,148974402683304 
1063	 0,153402997836774 
1064	 0,156202085337632 
1065	 0,143509617688079 
1066	 0,134808311323637 
1067	 0,140897582078922 
1068	 0,161437763024454 
1069	 0,173944312183693 
1070	 0,163814162139835 
1071	 0,160439277091489 
1072	 0,154021540095294 
1073	 0,131490348414301 
1074	 0,127033966764118 
1075	 0,136680076279847 
