Wavelength	AVEN00605.asd
325	 0,130829120512645 
326	 0,286963996358792 
327	 0,341953916070907 
328	 0,219138045775026 
329	 0,160503358295376 
330	 0,178421248464522 
331	 0,235236841314817 
332	 0,263037546782567 
333	 0,244773816104662 
334	 0,166697159955441 
335	 0,142779357492891 
336	 0,192880049748346 
337	 0,238131047454376 
338	 0,231149295009986 
339	 0,13283827816841 
340	 8,24641996496582E-02 
341	 0,101779667632378 
342	 0,173207402055299 
343	 0,228403451842153 
344	 0,244687970197222 
345	 0,22970122268484 
346	 0,198961728715386 
347	 0,172099392525655 
348	 0,137920067947862 
349	 0,109290267992374 
350	 0,123193977685173 
351	 0,136379310049047 
352	 0,134212547484894 
353	 0,150842693672165 
354	 0,160460387292696 
355	 0,132828880158151 
356	 0,144370820291446 
357	 0,182263626932408 
358	 0,157808415471433 
359	 0,139097165479097 
360	 0,152062405891455 
361	 0,142933555357494 
362	 0,126876234884545 
363	 0,130553939832209 
364	 0,139220146660394 
365	 0,147521353622751 
366	 0,156332237959866 
367	 0,154265104407079 
368	 0,137693786579131 
369	 0,143499997030697 
370	 0,150564277424181 
371	 0,10987701535204 
372	 0,107760551716648 
373	 0,151103269780821 
374	 0,163563158908477 
375	 0,156456899333069 
376	 0,143715232610303 
377	 0,158544803961835 
378	 0,182974679530891 
379	 0,158335062734745 
380	 0,160371540782515 
381	 0,191787507487078 
382	 0,154369796967788 
383	 0,112907507178734 
384	 0,134915585302657 
385	 0,151262234971996 
386	 0,153169321367895 
387	 0,15283725273911 
388	 0,156614993533696 
389	 0,167634328430471 
390	 0,190480810425316 
391	 0,19649234733582 
392	 0,154712217676733 
393	 0,142022202898154 
394	 0,161152274895821 
395	 0,161390759793641 
396	 0,16116366996147 
397	 0,166665836241482 
398	 0,153833268553594 
399	 0,138815662648347 
400	 0,149068949491254 
401	 0,157238641018483 
402	 0,157255232301948 
403	 0,154295688057724 
404	 0,14862951214109 
405	 0,142029445176602 
406	 0,151045824342255 
407	 0,164921562801664 
408	 0,160006134772296 
409	 0,150362153660288 
410	 0,142550331823113 
411	 0,145446443929086 
412	 0,151438449261862 
413	 0,153034509035115 
414	 0,154154785242978 
415	 0,154953736099018 
416	 0,15383846389515 
417	 0,154833884675015 
418	 0,158490982540518 
419	 0,157829103253951 
420	 0,154972601763745 
421	 0,153361883547395 
422	 0,149815247377468 
423	 0,145591922402126 
424	 0,146776300274788 
425	 0,147638612832688 
426	 0,145074200910703 
427	 0,144076967653804 
428	 0,145256044550237 
429	 0,148932539079794 
430	 0,148612573814946 
431	 0,144813384336766 
432	 0,149234294136407 
433	 0,15313782999997 
434	 0,1489600738854 
435	 0,145930940368217 
436	 0,145754563340938 
437	 0,148732812908175 
438	 0,149080638975545 
439	 0,145480868948668 
440	 0,145812426587471 
441	 0,148924981990008 
442	 0,152462413103089 
443	 0,151057082795462 
444	 0,146082891566265 
445	 0,14698990855846 
446	 0,147260306000299 
447	 0,143739385604931 
448	 0,14596678842737 
449	 0,150862510026104 
450	 0,150663892900643 
451	 0,148351840434833 
452	 0,145538536662057 
453	 0,145026731705538 
454	 0,14664047582963 
455	 0,149787964046021 
456	 0,150227247515257 
457	 0,148808469352199 
458	 0,150439086608963 
459	 0,150527004448322 
460	 0,148243122487121 
461	 0,151070804230611 
462	 0,154801082769123 
463	 0,153036024868057 
464	 0,150371657821689 
465	 0,148831882588658 
466	 0,15117705219691 
467	 0,153195359995521 
468	 0,152273915734654 
469	 0,151551955162408 
470	 0,151812464114992 
471	 0,153964218795972 
472	 0,153629943003412 
473	 0,150488386446802 
474	 0,150429499151756 
475	 0,151472995991501 
476	 0,151380584624526 
477	 0,151439122065526 
478	 0,152042735618509 
479	 0,154005558034058 
480	 0,1543810243447 
481	 0,152173669637098 
482	 0,150911533184395 
483	 0,150467315876923 
484	 0,150026049904825 
485	 0,149243937653585 
486	 0,148558007527099 
487	 0,15014065453844 
488	 0,151508069803979 
489	 0,150921363383358 
490	 0,151342111810548 
491	 0,152067710968902 
492	 0,150317648211827 
493	 0,148849292809813 
494	 0,148698345721222 
495	 0,149488755044846 
496	 0,150644591661418 
497	 0,15154332865924 
498	 0,151457738033045 
499	 0,150912102611091 
500	 0,15227457153936 
501	 0,152526532015121 
502	 0,150470271876798 
503	 0,151131862806036 
504	 0,153160335526888 
505	 0,15322929572048 
506	 0,152190977271412 
507	 0,150794631867556 
508	 0,151017720344839 
509	 0,152546787481723 
510	 0,154802497165936 
511	 0,154318000298195 
512	 0,152431224326071 
513	 0,154533010845288 
514	 0,155974837377938 
515	 0,155227924888032 
516	 0,15639562594017 
517	 0,157953555369723 
518	 0,157314823758524 
519	 0,156105183198463 
520	 0,155303342295056 
521	 0,15686361802525 
522	 0,157991099561128 
523	 0,156827192891152 
524	 0,156445882415335 
525	 0,156996037907816 
526	 0,157778162603687 
527	 0,158165531414519 
528	 0,157858711163711 
529	 0,15689495696406 
530	 0,155939992767192 
531	 0,155714713964604 
532	 0,157024748245997 
533	 0,158918405895308 
534	 0,157957135518228 
535	 0,157058652231547 
536	 0,157737349129761 
537	 0,157129916510297 
538	 0,156085821913781 
539	 0,156878439209342 
540	 0,157363674947457 
541	 0,156999304635064 
542	 0,15650583588591 
543	 0,156343881882763 
544	 0,156876467117733 
545	 0,15691325385188 
546	 0,156694668302039 
547	 0,157684773976904 
548	 0,158395116013885 
549	 0,158194592326902 
550	 0,158245859190974 
551	 0,15834367397958 
552	 0,157929621718999 
553	 0,158178093769031 
554	 0,158914044454682 
555	 0,158003473088069 
556	 0,157156361677582 
557	 0,157727446499762 
558	 0,157543349958137 
559	 0,156620950616419 
560	 0,156005036684059 
561	 0,155224442752924 
562	 0,154325684010307 
563	 0,15446734988196 
564	 0,154978195212625 
565	 0,154857481789113 
566	 0,154615817122595 
567	 0,154407091128936 
568	 0,154204739369546 
569	 0,154589940679264 
570	 0,15587408724624 
571	 0,156834054030796 
572	 0,157679918964954 
573	 0,159398618960545 
574	 0,160762542489766 
575	 0,161412855283541 
576	 0,161938711134335 
577	 0,162723593346652 
578	 0,164117485544392 
579	 0,164844781792448 
580	 0,165085109624107 
581	 0,166368560955951 
582	 0,16771723271893 
583	 0,168626512174196 
584	 0,169845655606939 
585	 0,171157164995075 
586	 0,172040043085147 
587	 0,172712234013753 
588	 0,173312557311434 
589	 0,174086918101647 
590	 0,175096805922823 
591	 0,176307556248692 
592	 0,176314903284925 
593	 0,175616807964027 
594	 0,176337782102343 
595	 0,17702281239862 
596	 0,17707581038317 
597	 0,177272465971907 
598	 0,177361054494605 
599	 0,176833971460559 
600	 0,176865845227703 
601	 0,177410960200609 
602	 0,176974651209213 
603	 0,176196885609353 
604	 0,175611362613922 
605	 0,175042809428295 
606	 0,174436869609925 
607	 0,1736094000659 
608	 0,173213398356725 
609	 0,173344973209559 
610	 0,172976163382776 
611	 0,172426216833197 
612	 0,172198890675329 
613	 0,171400435973154 
614	 0,170267438351153 
615	 0,170305328618617 
616	 0,170336799442265 
617	 0,169655116086702 
618	 0,169102153774549 
619	 0,168926991756772 
620	 0,169451882214352 
621	 0,169447707114281 
622	 0,168636704135067 
623	 0,167824010226323 
624	 0,167639986436197 
625	 0,168607762885461 
626	 0,168880193235278 
627	 0,168565553815059 
628	 0,169308248364558 
629	 0,169813910563584 
630	 0,169622169058075 
631	 0,17051733250109 
632	 0,171641201205617 
633	 0,171256642687311 
634	 0,171451482818028 
635	 0,172595834010239 
636	 0,17358737229502 
637	 0,174189910776398 
638	 0,174293044350484 
639	 0,174864629828972 
640	 0,175903575760909 
641	 0,176946814156885 
642	 0,177878217679118 
643	 0,17857422147459 
644	 0,178900337321147 
645	 0,179016958668491 
646	 0,179143797793902 
647	 0,17929775940426 
648	 0,179379192838605 
649	 0,179040115792104 
650	 0,178504462943975 
651	 0,17791096296133 
652	 0,176985601734404 
653	 0,176030999995776 
654	 0,175821734975973 
655	 0,174815569981216 
656	 0,172823693754133 
657	 0,171712153156685 
658	 0,170766376383256 
659	 0,169144928026732 
660	 0,167512673650491 
661	 0,165896897182259 
662	 0,163862403133655 
663	 0,162248741550866 
664	 0,161403513408941 
665	 0,160431985642483 
666	 0,159327192050999 
667	 0,158244653023195 
668	 0,157430484084448 
669	 0,156885161418972 
670	 0,156291149681439 
671	 0,15569583637141 
672	 0,155153497445818 
673	 0,154714666406176 
674	 0,154515670939893 
675	 0,154910595918778 
676	 0,155139540808984 
677	 0,154951487010118 
678	 0,154792494249527 
679	 0,154711580135819 
680	 0,154724461733132 
681	 0,155309003967354 
682	 0,156263972894401 
683	 0,156494719745679 
684	 0,157208144037734 
685	 0,159028167231929 
686	 0,16071045541981 
687	 0,162478168261604 
688	 0,16499135253545 
689	 0,168050794816865 
690	 0,171665535630992 
691	 0,175912962829425 
692	 0,180850240628912 
693	 0,186526656291448 
694	 0,192661096859482 
695	 0,199386442704988 
696	 0,207111008764138 
697	 0,215772133908425 
698	 0,225263023326114 
699	 0,235139543879487 
700	 0,245123928103817 
701	 0,254996682264231 
702	 0,265162670235057 
703	 0,27547179141678 
704	 0,285218434440494 
705	 0,294693131668677 
706	 0,304079723014851 
707	 0,313146025952101 
708	 0,32165791472092 
709	 0,329234399146507 
710	 0,336560404194039 
711	 0,343752088003715 
712	 0,350150602084276 
713	 0,356103566641009 
714	 0,36193958167873 
715	 0,367282183894049 
716	 0,372116496565453 
717	 0,376601732546138 
718	 0,380578613525092 
719	 0,384103351137167 
720	 0,387814753258068 
721	 0,391403142976449 
722	 0,394421498219371 
723	 0,396789017002432 
724	 0,398771769476107 
725	 0,40129350084922 
726	 0,403665736879943 
727	 0,405483915177721 
728	 0,407228507049205 
729	 0,40889811078373 
730	 0,410370860451609 
731	 0,411677065665474 
732	 0,412807834118842 
733	 0,413648355232922 
734	 0,414552792219642 
735	 0,415791116840784 
736	 0,416686699462235 
737	 0,417359464091934 
738	 0,418467346170037 
739	 0,419333730215214 
740	 0,419783940664302 
741	 0,420350276074649 
742	 0,421074618196006 
743	 0,421941091657768 
744	 0,422486858537727 
745	 0,422761159654844 
746	 0,42327190040415 
747	 0,42380079665109 
748	 0,424210020795356 
749	 0,424358602643294 
750	 0,424460135053032 
751	 0,424855351462104 
752	 0,425421831444465 
753	 0,425991688088211 
754	 0,426106805313273 
755	 0,426113032155792 
756	 0,426290466512607 
757	 0,426670683593226 
758	 0,427209387398958 
759	 0,427825772800338 
760	 0,428287504638851 
761	 0,428500765462274 
762	 0,428474706418989 
763	 0,42856312512137 
764	 0,429060553251517 
765	 0,42924828982834 
766	 0,429225365697484 
767	 0,429629796574651 
768	 0,429990879116383 
769	 0,430180251671904 
770	 0,430609430735777 
771	 0,43096205728131 
772	 0,430849599663629 
773	 0,4311454466927 
774	 0,431793701146127 
775	 0,432008588391083 
776	 0,432043911206724 
777	 0,432087836259566 
778	 0,432515712553863 
779	 0,43307011372206 
780	 0,433311964335513 
781	 0,433616244325641 
782	 0,433967865125354 
783	 0,433987816701927 
784	 0,433890050266008 
785	 0,433856883631604 
786	 0,434076647578517 
787	 0,434495409859631 
788	 0,434980926368017 
789	 0,435225496293092 
790	 0,435258337683706 
791	 0,435712253636463 
792	 0,436026221652457 
793	 0,435797760231527 
794	 0,435832163317383 
795	 0,436139193580759 
796	 0,436439915014168 
797	 0,436712266315923 
798	 0,436971514733007 
799	 0,43745588023604 
800	 0,437761324203219 
801	 0,437540600044797 
802	 0,437464912514813 
803	 0,437654373374754 
804	 0,438021553111334 
805	 0,43861815414434 
806	 0,439328940193116 
807	 0,439606484130936 
808	 0,439527143007307 
809	 0,439264981912991 
810	 0,439743970663968 
811	 0,440643168987131 
812	 0,440497335591615 
813	 0,440274848321373 
814	 0,440460112898339 
815	 0,441296263793225 
816	 0,442246495308495 
817	 0,442660681424685 
818	 0,442897049097682 
819	 0,443013420150694 
820	 0,442927571534994 
821	 0,442931362657879 
822	 0,443138289641271 
823	 0,443243600986559 
824	 0,443231540021152 
825	 0,44313047079305 
826	 0,443681168382273 
827	 0,444610489700763 
828	 0,444475260294971 
829	 0,444292781314557 
830	 0,444639600736181 
831	 0,445623049386282 
832	 0,44640020526836 
833	 0,445845468466654 
834	 0,445742535538158 
835	 0,446216378357062 
836	 0,446005298861379 
837	 0,446231412260216 
838	 0,4472722935047 
839	 0,447302503110557 
840	 0,446913998869668 
841	 0,447222706434577 
842	 0,447424374974082 
843	 0,447428513687121 
844	 0,44755652838722 
845	 0,447771888017669 
846	 0,448070220671826 
847	 0,448539731289751 
848	 0,449007738876683 
849	 0,449234379568893 
850	 0,448854936618101 
851	 0,448206766464415 
852	 0,448608062860036 
853	 0,449353654587237 
854	 0,449933799276245 
855	 0,449707462250012 
856	 0,449424906683026 
857	 0,450189738054577 
858	 0,45032424430551 
859	 0,44991921663219 
860	 0,450723414718749 
861	 0,45103886517429 
862	 0,450273876851173 
863	 0,450691341406052 
864	 0,451676023991897 
865	 0,452119530359516 
866	 0,452349911146996 
867	 0,452591245044003 
868	 0,453432048635792 
869	 0,45383875624701 
870	 0,453485475259939 
871	 0,453708934940807 
872	 0,454038010628197 
873	 0,453795442529734 
874	 0,454348729737954 
875	 0,455466031798708 
876	 0,455615483609758 
877	 0,455780224209972 
878	 0,456254727118065 
879	 0,456319578426259 
880	 0,456183181939355 
881	 0,456140507044182 
882	 0,456344410429621 
883	 0,456772436996079 
884	 0,457275739511307 
885	 0,457724619771268 
886	 0,458055047640314 
887	 0,458381689503765 
888	 0,458447863327735 
889	 0,458105938703883 
890	 0,458680065504622 
891	 0,459672662564813 
892	 0,459476652732385 
893	 0,459177352539256 
894	 0,459157165458013 
895	 0,459521749312203 
896	 0,459603438099901 
897	 0,45902779278089 
898	 0,459439414397932 
899	 0,460465413976066 
900	 0,461001190397476 
901	 0,461140829509454 
902	 0,461050743953637 
903	 0,46139333651758 
904	 0,461550002557119 
905	 0,461271581258049 
906	 0,461712452613074 
907	 0,462534672262694 
908	 0,463060362468626 
909	 0,463097612267385 
910	 0,462809350762215 
911	 0,46284926618307 
912	 0,463225648679523 
913	 0,463825337556143 
914	 0,463906546307608 
915	 0,463758244494688 
916	 0,463800996653147 
917	 0,464396058126571 
918	 0,465227043623234 
919	 0,465334980935632 
920	 0,465158852967372 
921	 0,464958203734088 
922	 0,465182190980493 
923	 0,465635347342544 
924	 0,465998274087587 
925	 0,46499516843497 
926	 0,463610603218382 
927	 0,463950241515832 
928	 0,464189315410802 
929	 0,464066726424123 
930	 0,464594327682281 
931	 0,465236467160107 
932	 0,465546730249841 
933	 0,464868473749272 
934	 0,464105790730746 
935	 0,464440948104143 
936	 0,463803823501924 
937	 0,462516118541411 
938	 0,462714234588341 
939	 0,463407417787568 
940	 0,463963952475149 
941	 0,463175996692752 
942	 0,462463520058978 
943	 0,462970399535281 
944	 0,462359159559418 
945	 0,460966463123276 
946	 0,460104292941679 
947	 0,459823684606599 
948	 0,459977240517614 
949	 0,459922514995004 
950	 0,459384183164205 
951	 0,458335216267737 
952	 0,457802695976789 
953	 0,457175229196473 
954	 0,455646372286042 
955	 0,454506232424664 
956	 0,45403443517789 
957	 0,454386954627716 
958	 0,453362448695079 
959	 0,450966028583082 
960	 0,451100774994455 
961	 0,451790469200045 
962	 0,45156143017028 
963	 0,452358857933793 
964	 0,453288343403923 
965	 0,452661133657877 
966	 0,452255317057613 
967	 0,452465256116608 
968	 0,453144103686901 
969	 0,453122201734525 
970	 0,452245259424105 
971	 0,452765626648734 
972	 0,453454402841454 
973	 0,453022643968794 
974	 0,451395969878866 
975	 0,450007819266291 
976	 0,451346089808123 
977	 0,452358192178544 
978	 0,452424279989744 
979	 0,452429863411025 
980	 0,453654254895352 
981	 0,456138057040157 
982	 0,456291020527057 
983	 0,455096393780904 
984	 0,454050843015511 
985	 0,455005183104588 
986	 0,456952470589923 
987	 0,457253067392439 
988	 0,456823535296368 
989	 0,456251522127924 
990	 0,456618724128642 
991	 0,457812199983856 
992	 0,459481444761881 
993	 0,460060184031132 
994	 0,460329454901614 
995	 0,461216586614233 
996	 0,462113624500909 
997	 0,462608146381529 
998	 0,462067252485931 
999	 0,462880343091252 
1000	 0,465005192769685 
1001	 0,465770358471628 
1002	 0,465617911932427 
1003	 0,465387588964365 
1004	 0,46885605717795 
1005	 0,47105595428237 
1006	 0,467716496644363 
1007	 0,469832960038563 
1008	 0,473702544619852 
1009	 0,469376139266105 
1010	 0,470334303496684 
1011	 0,476615007041793 
1012	 0,476598351252131 
1013	 0,475195259543013 
1014	 0,474725626535472 
1015	 0,475960537194436 
1016	 0,476726851106005 
1017	 0,475590187862196 
1018	 0,477336132034793 
1019	 0,48030479017766 
1020	 0,480947595023385 
1021	 0,481968291115134 
1022	 0,48296737313487 
1023	 0,48081641570562 
1024	 0,480661446568907 
1025	 0,483794243216765 
1026	 0,487587974858909 
1027	 0,488436591280185 
1028	 0,485088582640775 
1029	 0,486335854864359 
1030	 0,488195557872409 
1031	 0,485262615358732 
1032	 0,483718007271 
1033	 0,485689894319191 
1034	 0,493113758399304 
1035	 0,493072817894302 
1036	 0,485361083214143 
1037	 0,48296511342641 
1038	 0,484555920415677 
1039	 0,488436264572278 
1040	 0,487745081288293 
1041	 0,487690102190782 
1042	 0,4917054815663 
1043	 0,48931171509086 
1044	 0,484896913231631 
1045	 0,486441269349416 
1046	 0,488396573727223 
1047	 0,4901156955749 
1048	 0,493003968045639 
1049	 0,493424729068477 
1050	 0,491567719655486 
1051	 0,49272588932704 
1052	 0,493861104079201 
1053	 0,493850600929961 
1054	 0,495753946946696 
1055	 0,496158351272894 
1056	 0,493539072204324 
1057	 0,503359893898087 
1058	 0,511391966534783 
1059	 0,496611287798245 
1060	 0,489262107427206 
1061	 0,492317787578537 
1062	 0,497312548656413 
1063	 0,502831714143271 
1064	 0,505180685925271 
1065	 0,494689386264229 
1066	 0,488457658192324 
1067	 0,493470025792432 
1068	 0,496540113819336 
1069	 0,498697363108933 
1070	 0,501186582325903 
1071	 0,506700841127337 
1072	 0,508202771757163 
1073	 0,498506928470785 
1074	 0,50061334222359 
1075	 0,505366368117688 
