Wavelength	AVEN00004.asd
325	 0,217347263172986 
326	 0,196433004717019 
327	 0,172878518085417 
328	 0,16071247849408 
329	 0,3032444936251 
330	 0,353407104228999 
331	 0,190188932386836 
332	 0,156235663406978 
333	 0,216680486456606 
334	 0,155504193020202 
335	 0,133509934919579 
336	 0,179189860956378 
337	 0,202512132865821 
338	 0,227985256815902 
339	 0,26873435088321 
340	 0,202465941680673 
341	 0,103298195588168 
342	 0,151553981858125 
343	 0,191880627745676 
344	 0,189717785762695 
345	 0,196234687649512 
346	 0,20318771554056 
347	 0,198472961740019 
348	 0,193169602091758 
349	 0,194443274367563 
350	 0,214346014249227 
351	 0,239017620185586 
352	 0,255266361573567 
353	 0,238507799822844 
354	 0,227176411526199 
355	 0,263906147185407 
356	 0,270097987603902 
357	 0,246076651789138 
358	 0,248514629962628 
359	 0,24695201456377 
360	 0,229550224915881 
361	 0,22159563971934 
362	 0,223194012425761 
363	 0,228582640901265 
364	 0,247415029153553 
365	 0,269372426821143 
366	 0,265688532663075 
367	 0,255385614840534 
368	 0,250851398413456 
369	 0,245786558557631 
370	 0,23960554013316 
371	 0,231171959480577 
372	 0,243046814848718 
373	 0,274674146902535 
374	 0,303457014162689 
375	 0,301578400102812 
376	 0,257184918063707 
377	 0,249362953915495 
378	 0,272544025684436 
379	 0,286740565973545 
380	 0,293020774792887 
381	 0,289693772191232 
382	 0,273577655147583 
383	 0,260237594475976 
384	 0,265194758733746 
385	 0,267611383553038 
386	 0,265186425270649 
387	 0,261079818310692 
388	 0,267081440376364 
389	 0,284649101572208 
390	 0,297347933604555 
391	 0,29951241262219 
392	 0,286908233061187 
393	 0,286077141833337 
394	 0,294534279951299 
395	 0,282892820980019 
396	 0,278263579784472 
397	 0,290904751560037 
398	 0,289873379781373 
399	 0,280042176442955 
400	 0,273421861671601 
401	 0,278340671491347 
402	 0,290080286057907 
403	 0,283087898948389 
404	 0,277830895474629 
405	 0,286852313453752 
406	 0,285118280146359 
407	 0,277404949157177 
408	 0,278982047270518 
409	 0,285635521261925 
410	 0,29282745443568 
411	 0,284682590050949 
412	 0,277290251047437 
413	 0,285472111050627 
414	 0,292322103991008 
415	 0,294809545647973 
416	 0,293560278417114 
417	 0,293199152681471 
418	 0,29526971354972 
419	 0,296330318290138 
420	 0,294942927652547 
421	 0,289702498350448 
422	 0,29020704134608 
423	 0,294343869682256 
424	 0,286794596839366 
425	 0,281978393687004 
426	 0,287661649362833 
427	 0,290030199169558 
428	 0,289935156422544 
429	 0,292421395925378 
430	 0,293205741351566 
431	 0,291763951001178 
432	 0,290511555116694 
433	 0,29168750955924 
434	 0,296641594129914 
435	 0,297334066501798 
436	 0,294549391822108 
437	 0,294015391955525 
438	 0,294361674276572 
439	 0,295452183049863 
440	 0,299018521881487 
441	 0,301914467458396 
442	 0,30016009659665 
443	 0,299327166395054 
444	 0,300618409638554 
445	 0,30381601871836 
446	 0,303565976196157 
447	 0,297658015969882 
448	 0,297623977920196 
449	 0,301409473617507 
450	 0,30220910825819 
451	 0,30283306197515 
452	 0,303913226065458 
453	 0,305182332093237 
454	 0,306025425366999 
455	 0,306000462856588 
456	 0,307367661914296 
457	 0,309483804220822 
458	 0,309987703094004 
459	 0,307747428996875 
460	 0,303345212831598 
461	 0,303416944240863 
462	 0,306267980729951 
463	 0,308739535527601 
464	 0,309726471033604 
465	 0,309192115110924 
466	 0,308536149319659 
467	 0,308139228130323 
468	 0,308391157261163 
469	 0,310249141368734 
470	 0,312470426163676 
471	 0,312341779665829 
472	 0,313382364392696 
473	 0,315490921516958 
474	 0,31277646750864 
475	 0,308996362508997 
476	 0,308146119235751 
477	 0,30975797446223 
478	 0,312617770718988 
479	 0,313945052876831 
480	 0,313569064132744 
481	 0,311808570040233 
482	 0,311909604454676 
483	 0,312322451953406 
484	 0,310130069205564 
485	 0,310236752845412 
486	 0,312543278772546 
487	 0,311648391882262 
488	 0,310044528774722 
489	 0,309717905985603 
490	 0,310385788224794 
491	 0,310962254223051 
492	 0,308973023816219 
493	 0,30732997254459 
494	 0,307194485454059 
495	 0,308445075622116 
496	 0,310040098491543 
497	 0,310826690348034 
498	 0,310054252772263 
499	 0,308931674328035 
500	 0,311913674759315 
501	 0,313642445619289 
502	 0,311507416743089 
503	 0,310621515557861 
504	 0,311596444128629 
505	 0,314400721666418 
506	 0,316153870779869 
507	 0,316129114349785 
508	 0,315642419851566 
509	 0,316194907877532 
510	 0,318851612819447 
511	 0,319382075278742 
512	 0,318490057474481 
513	 0,320428747037825 
514	 0,321045063618529 
515	 0,319392887247226 
516	 0,321582997051237 
517	 0,324875239361713 
518	 0,324771008528396 
519	 0,324028868803666 
520	 0,323579313038314 
521	 0,324176799576753 
522	 0,324548013409074 
523	 0,323886818016953 
524	 0,324045690094022 
525	 0,324788026782063 
526	 0,324952706933403 
527	 0,32498140737111 
528	 0,32497602595343 
529	 0,324873521241895 
530	 0,324512696399543 
531	 0,32372514916633 
532	 0,323344777978759 
533	 0,323644820865183 
534	 0,324865886625904 
535	 0,325783637644111 
536	 0,325667013717026 
537	 0,325133272427564 
538	 0,324657430781014 
539	 0,324906370308398 
540	 0,325187214308259 
541	 0,325368979900642 
542	 0,326003130248716 
543	 0,326383487190424 
544	 0,325859021333553 
545	 0,325615130949077 
546	 0,325993618501912 
547	 0,327292591519218 
548	 0,328182087105107 
549	 0,32809381013251 
550	 0,328329229382033 
551	 0,328668060102847 
552	 0,328511909962072 
553	 0,328856028879864 
554	 0,329389733843471 
555	 0,32759748025198 
556	 0,326205429369729 
557	 0,327385631964128 
558	 0,328191854927265 
559	 0,327914405464225 
560	 0,32608784417476 
561	 0,324615079794107 
562	 0,324331989799472 
563	 0,324692901557197 
564	 0,324899131509056 
565	 0,323988086438334 
566	 0,324031637093791 
567	 0,325131629559587 
568	 0,325689667584949 
569	 0,325961550238677 
570	 0,326220167229698 
571	 0,327206704592922 
572	 0,329003705849149 
573	 0,331607613297292 
574	 0,333787086746559 
575	 0,335185637518319 
576	 0,336736638816428 
577	 0,338675016284583 
578	 0,34115696948632 
579	 0,343162927704381 
580	 0,344591878488177 
581	 0,345996214880009 
582	 0,347354543184784 
583	 0,348664566137182 
584	 0,349856881247233 
585	 0,351066545236322 
586	 0,352565625354983 
587	 0,353785857382641 
588	 0,354559011636909 
589	 0,354854272719129 
590	 0,355745779561568 
591	 0,358097682640513 
592	 0,359299062340645 
593	 0,35939133114497 
594	 0,359953395750142 
595	 0,360767537510431 
596	 0,361607160455048 
597	 0,3613815703962 
598	 0,360631272607186 
599	 0,360319491436312 
600	 0,360152966441228 
601	 0,360074971580966 
602	 0,360086575107432 
603	 0,360035389178893 
604	 0,359756589313684 
605	 0,358773768706963 
606	 0,357539927027765 
607	 0,357371489453384 
608	 0,356947588071777 
609	 0,355879928012121 
610	 0,354960770427728 
611	 0,354308171942783 
612	 0,35397484015112 
613	 0,353431066601825 
614	 0,35259309914969 
615	 0,351702491790624 
616	 0,350747898567004 
617	 0,349853835802898 
618	 0,350106822080522 
619	 0,350792937853297 
620	 0,35025146607033 
621	 0,349556561644291 
622	 0,349073743455203 
623	 0,348713783263179 
624	 0,348785071864524 
625	 0,349555901125998 
626	 0,349940038222669 
627	 0,349929578032908 
628	 0,350238043669528 
629	 0,35070234748865 
630	 0,351275376848831 
631	 0,352133777956731 
632	 0,353013481049335 
633	 0,353487891598197 
634	 0,353792620962854 
635	 0,354203745234052 
636	 0,355459608390268 
637	 0,356963147095346 
638	 0,358175935186758 
639	 0,359348183810526 
640	 0,360373221721436 
641	 0,360846264405867 
642	 0,361592678392908 
643	 0,362768815817194 
644	 0,36305347560223 
645	 0,363125395385632 
646	 0,364011956506859 
647	 0,364475768198466 
648	 0,36434223226769 
649	 0,364351611611811 
650	 0,36346588587652 
651	 0,361195272657808 
652	 0,359703437753191 
653	 0,35884377974772 
654	 0,357665587601466 
655	 0,35595017102655 
656	 0,353759278869611 
657	 0,352039878373081 
658	 0,350394211970052 
659	 0,348343997143963 
660	 0,345952087516722 
661	 0,343439340257461 
662	 0,341372579608649 
663	 0,339311877863823 
664	 0,337118493587356 
665	 0,335443134187565 
666	 0,333958741037662 
667	 0,332024819862587 
668	 0,330550843406843 
669	 0,329654428503372 
670	 0,328689191860818 
671	 0,327958850278559 
672	 0,327651529379359 
673	 0,326858452835448 
674	 0,325885918842872 
675	 0,325848316103199 
676	 0,325949353112345 
677	 0,325887726227543 
678	 0,325731275474113 
679	 0,325574473619306 
680	 0,325531792159313 
681	 0,325995512082599 
682	 0,327024537117951 
683	 0,328414113001389 
684	 0,330176119361188 
685	 0,332271316810554 
686	 0,33428944486443 
687	 0,336820099200452 
688	 0,340975511380945 
689	 0,345512312645679 
690	 0,350268242089907 
691	 0,356205721710747 
692	 0,362853193156399 
693	 0,369755789933146 
694	 0,376757251165089 
695	 0,38401881696452 
696	 0,392057560491078 
697	 0,400452290520245 
698	 0,409042004844936 
699	 0,418053773417822 
700	 0,426944454504336 
701	 0,43507250908894 
702	 0,44309618817143 
703	 0,450857703331548 
704	 0,457314860192522 
705	 0,463576903588096 
706	 0,470276551530813 
707	 0,476175381746861 
708	 0,481346659942844 
709	 0,486237823451902 
710	 0,490879929035739 
711	 0,495295388353957 
712	 0,499401782855602 
713	 0,503021199235085 
714	 0,506024660683856 
715	 0,5089504665923 
716	 0,511803577109563 
717	 0,514280265919425 
718	 0,516529371454709 
719	 0,518596989620119 
720	 0,520388600637586 
721	 0,521908978801505 
722	 0,523183002494531 
723	 0,524467854416866 
724	 0,525820080919944 
725	 0,527239576909913 
726	 0,528201754133717 
727	 0,528494973482304 
728	 0,529270830446745 
729	 0,53034336503714 
730	 0,531097070365414 
731	 0,531560030378844 
732	 0,531831602397322 
733	 0,532335764296011 
734	 0,533006934032983 
735	 0,533729953798006 
736	 0,533949108652766 
737	 0,533925282057023 
738	 0,534612253692577 
739	 0,535049230445519 
740	 0,534996764205183 
741	 0,535266892339967 
742	 0,535721872959604 
743	 0,536121907663362 
744	 0,536358437933859 
745	 0,536459952860876 
746	 0,536630931659969 
747	 0,536759160625829 
748	 0,536771997952785 
749	 0,5365399842636 
750	 0,536405623448539 
751	 0,536907961985748 
752	 0,537356787357518 
753	 0,537502513247595 
754	 0,537244537697321 
755	 0,536985249790552 
756	 0,537000165064169 
757	 0,536843984003865 
758	 0,536723223826763 
759	 0,537234353148249 
760	 0,537408757659122 
761	 0,537057870145602 
762	 0,536944535798442 
763	 0,536957943616106 
764	 0,536966128195879 
765	 0,537110517158639 
766	 0,537373871509978 
767	 0,537730675838555 
768	 0,537727388177818 
769	 0,537296859767944 
770	 0,537230619956015 
771	 0,537368639572093 
772	 0,537439744855925 
773	 0,537674151287976 
774	 0,537912014247281 
775	 0,537542651727691 
776	 0,537193812142409 
777	 0,537173383821824 
778	 0,537090399110732 
779	 0,537047400507989 
780	 0,537249591152179 
781	 0,537535118233728 
782	 0,537719045622101 
783	 0,537335534981491 
784	 0,53698905062992 
785	 0,537058689582527 
786	 0,537090050546917 
787	 0,537038070899189 
788	 0,536935146563482 
789	 0,536867059847411 
790	 0,536875009238869 
791	 0,537016058674295 
792	 0,537031702224138 
793	 0,536761649357595 
794	 0,536825105323994 
795	 0,537046849027224 
796	 0,536797487754954 
797	 0,53677381311529 
798	 0,537067438723354 
799	 0,536971224088697 
800	 0,53669094883674 
801	 0,536486023339991 
802	 0,536783097419013 
803	 0,537304740928166 
804	 0,537140130719573 
805	 0,536942643485271 
806	 0,536909952751824 
807	 0,536767351010171 
808	 0,536589944330431 
809	 0,536476183840324 
810	 0,536479437513903 
811	 0,536457605578716 
812	 0,535840424418005 
813	 0,536025765409914 
814	 0,537280799848079 
815	 0,537326548037981 
816	 0,536888856003382 
817	 0,537056448495678 
818	 0,537183709468651 
819	 0,537176934976664 
820	 0,537130720385202 
821	 0,537175404161315 
822	 0,537304900097476 
823	 0,537026020181139 
824	 0,536670711469564 
825	 0,536718061242482 
826	 0,536815721451801 
827	 0,536850080570255 
828	 0,536737697701764 
829	 0,536623671017641 
830	 0,536630150405581 
831	 0,537001053543816 
832	 0,537375721325667 
833	 0,537243632591777 
834	 0,537043532810761 
835	 0,536918912969158 
836	 0,53688706620815 
837	 0,537179918453238 
838	 0,537745686572753 
839	 0,537405296704844 
840	 0,536575017305937 
841	 0,536029549569802 
842	 0,536055055737864 
843	 0,536497484031982 
844	 0,536557904169358 
845	 0,536389420588294 
846	 0,536150486013147 
847	 0,536343597882912 
848	 0,536820649632675 
849	 0,537287735116357 
850	 0,536928988910685 
851	 0,53601432031598 
852	 0,53612665261763 
853	 0,536457885736817 
854	 0,536513324840194 
855	 0,536014887326375 
856	 0,535716343672543 
857	 0,536657238344415 
858	 0,537119610140267 
859	 0,536900612864419 
860	 0,536856130419416 
861	 0,536711570561815 
862	 0,536417245278821 
863	 0,536481504722683 
864	 0,536610724537658 
865	 0,536366154687683 
866	 0,536372888181816 
867	 0,536619923043351 
868	 0,536594896664335 
869	 0,536676854681856 
870	 0,536986480201695 
871	 0,537154815907292 
872	 0,537098471180953 
873	 0,536787837503096 
874	 0,537004783666032 
875	 0,537481942790556 
876	 0,53689100513079 
877	 0,536433977734308 
878	 0,536607492316816 
879	 0,537122514562649 
880	 0,537370333448738 
881	 0,536782150010149 
882	 0,536556733210696 
883	 0,536721708454529 
884	 0,536594825583631 
885	 0,536906964212781 
886	 0,537596506437966 
887	 0,53704132207342 
888	 0,536336494998653 
889	 0,536571732826496 
890	 0,537016943296775 
891	 0,537352585780652 
892	 0,537176358928218 
893	 0,536974336716715 
894	 0,536935977970262 
895	 0,537162638919169 
896	 0,537020796358317 
897	 0,536190110576169 
898	 0,536545437176435 
899	 0,537463309992709 
900	 0,537317165831525 
901	 0,53711977460395 
902	 0,537165233543035 
903	 0,537569344743201 
904	 0,537511880069839 
905	 0,536628640592836 
906	 0,536247488481039 
907	 0,536348983446806 
908	 0,536642798809331 
909	 0,537055180644196 
910	 0,537327209907683 
911	 0,536779353361382 
912	 0,536472793877157 
913	 0,536749244957915 
914	 0,536193684123461 
915	 0,535973188011909 
916	 0,537344427171201 
917	 0,537155645105413 
918	 0,53579141879144 
919	 0,535880288240481 
920	 0,536204230032049 
921	 0,536362635933248 
922	 0,536330197712792 
923	 0,53637283242797 
924	 0,536573327019156 
925	 0,535263225540251 
926	 0,533805918799501 
927	 0,535090817074912 
928	 0,535727408739434 
929	 0,535220301767827 
930	 0,535647790482935 
931	 0,535795503336797 
932	 0,535065748775666 
933	 0,53439159342162 
934	 0,534447382784454 
935	 0,535847100985535 
936	 0,535916114383231 
937	 0,53457977815411 
938	 0,533351760645692 
939	 0,532780970896483 
940	 0,533166633743059 
941	 0,534442784819067 
942	 0,535047492262949 
943	 0,533778985804501 
944	 0,532902237128896 
945	 0,532399370551589 
946	 0,531437967290538 
947	 0,53146351072589 
948	 0,532401702534031 
949	 0,53252491691939 
950	 0,532307419077902 
951	 0,531855909538975 
952	 0,529940838328837 
953	 0,528431794418768 
954	 0,529510269115041 
955	 0,528623588127646 
956	 0,526348022267128 
957	 0,526898617034248 
958	 0,526310544653 
959	 0,52418444737985 
960	 0,525128708639476 
961	 0,526201943524736 
962	 0,52530504339475 
963	 0,525655625072539 
964	 0,526380533195206 
965	 0,52552265113855 
966	 0,525398527686127 
967	 0,526155530106053 
968	 0,526495379380541 
969	 0,52627518015722 
970	 0,525653737169218 
971	 0,52621846476706 
972	 0,526090830985342 
973	 0,52374428621831 
974	 0,52254418313132 
975	 0,522708336162951 
976	 0,523532711312331 
977	 0,523864139894984 
978	 0,523806666836193 
979	 0,52529208929485 
980	 0,525959247813694 
981	 0,52498417416769 
982	 0,52517886830621 
983	 0,525279406637385 
984	 0,523995161219909 
985	 0,524280064454075 
986	 0,525561163500136 
987	 0,525712738644984 
988	 0,52547370738378 
989	 0,52526459616195 
990	 0,525979624886234 
991	 0,526433651533438 
992	 0,52602243190695 
993	 0,52517404554294 
994	 0,524650902278662 
995	 0,52522906987562 
996	 0,527478264256376 
997	 0,529476445677754 
998	 0,527423653018363 
999	 0,527100630594067 
1000	 0,528670338916424 
1001	 0,526003057326498 
1002	 0,525246630239566 
1003	 0,528421014191529 
1004	 0,527804959839682 
1005	 0,526449000461155 
1006	 0,527689540497259 
1007	 0,528274537144826 
1008	 0,528276993443685 
1009	 0,52873942456327 
1010	 0,52939641090574 
1011	 0,53039627399775 
1012	 0,532684811009759 
1013	 0,533514611919975 
1014	 0,531713181890721 
1015	 0,528090689301412 
1016	 0,526609591297549 
1017	 0,530042337804985 
1018	 0,532988459205223 
1019	 0,532880103190379 
1020	 0,527551836517815 
1021	 0,527267965352421 
1022	 0,53121973170844 
1023	 0,529764640653952 
1024	 0,528706972342549 
1025	 0,529533674936184 
1026	 0,529795924917841 
1027	 0,531778540295745 
1028	 0,535885148987645 
1029	 0,534766495247016 
1030	 0,530955691566839 
1031	 0,528514994244019 
1032	 0,528000125286721 
1033	 0,52904101475007 
1034	 0,530570709529138 
1035	 0,52791061270877 
1036	 0,52252034506486 
1037	 0,52406211229295 
1038	 0,527162339381424 
1039	 0,529004206277458 
1040	 0,529146631104393 
1041	 0,529016493792499 
1042	 0,530140308461332 
1043	 0,535383786270642 
1044	 0,538292747416368 
1045	 0,529984494014891 
1046	 0,525269954724345 
1047	 0,525794052838478 
1048	 0,527273614683956 
1049	 0,528748001238576 
1050	 0,529129604532988 
1051	 0,526899531868923 
1052	 0,524733214567287 
1053	 0,524937080052645 
1054	 0,531758267955373 
1055	 0,534552630122164 
1056	 0,526025862028027 
1057	 0,527162475570947 
1058	 0,530112903376669 
1059	 0,520529665947243 
1060	 0,515732853074581 
1061	 0,519712281209484 
1062	 0,533678324625865 
1063	 0,534263325167548 
1064	 0,521056917756572 
1065	 0,520513103070987 
1066	 0,520605736262336 
1067	 0,518506786033792 
1068	 0,528462749823758 
1069	 0,535311796625444 
1070	 0,528113187610169 
1071	 0,518760304102889 
1072	 0,514236870986129 
1073	 0,520497112879302 
1074	 0,528620054794755 
1075	 0,531972941516124 
