Wavelength	AVEN00399.asd
325	 0,256104174588432 
326	 0,253079943726792 
327	 0,230935232678662 
328	 0,166428989827431 
329	 0,131180821831636 
330	 0,148934977292768 
331	 0,208891937082612 
332	 0,205027164070989 
333	 0,140749953934034 
334	 4,13813228220265E-02 
335	 4,48475839001582E-02 
336	 0,148277501084957 
337	 0,184246297622726 
338	 0,177843624242702 
339	 0,147911164465786 
340	 8,88080959278412E-02 
341	 6,00164666756021E-02 
342	 0,177424183755344 
343	 0,238962739460875 
344	 0,209821447600049 
345	 0,192335999112221 
346	 0,169484866597266 
347	 0,126201219750068 
348	 0,133821867290284 
349	 0,174557665153299 
350	 0,177051575032486 
351	 0,172855718969105 
352	 0,17323461361956 
353	 0,167903349269345 
354	 0,169145532138079 
355	 0,190893750441111 
356	 0,199631003771543 
357	 0,195276642639256 
358	 0,206744513803854 
359	 0,197682562468489 
360	 0,156049994741572 
361	 0,135270909822246 
362	 0,141658585203963 
363	 0,171631158598821 
364	 0,181769850296813 
365	 0,172520588070693 
366	 0,18897492490436 
367	 0,209225496184234 
368	 0,217632484893335 
369	 0,220364867994671 
370	 0,21994766050406 
371	 0,219087599306399 
372	 0,215033832596043 
373	 0,211439547418458 
374	 0,22695621703282 
375	 0,230787654274388 
376	 0,204976352010479 
377	 0,211015897659756 
378	 0,234733144371583 
379	 0,219860360758805 
380	 0,217433146044717 
381	 0,234678393276011 
382	 0,234028263413351 
383	 0,219849990876526 
384	 0,200170648335367 
385	 0,207157204856561 
386	 0,230614431291995 
387	 0,228921048474249 
388	 0,226464895064543 
389	 0,232070983380619 
390	 0,241041225654023 
391	 0,249507654442939 
392	 0,254035271390582 
393	 0,246779575524774 
394	 0,233591068453116 
395	 0,236203943905808 
396	 0,239575121460527 
397	 0,236909841734247 
398	 0,240665674666481 
399	 0,240820985470791 
400	 0,220078296899301 
401	 0,217120499499715 
402	 0,231405117832401 
403	 0,223830259316079 
404	 0,219224982462186 
405	 0,232685808292535 
406	 0,23258983259841 
407	 0,22431867650641 
408	 0,226756029412825 
409	 0,231261342035912 
410	 0,233256063380178 
411	 0,221449563757792 
412	 0,215878322934733 
413	 0,233645515181173 
414	 0,238228909720754 
415	 0,231152010178389 
416	 0,233756410992582 
417	 0,236537891570616 
418	 0,235967329068514 
419	 0,233417034488953 
420	 0,230413997825393 
421	 0,228518635867096 
422	 0,232143722465591 
423	 0,238413314624877 
424	 0,23504949554377 
425	 0,230980027165001 
426	 0,231409339133057 
427	 0,230277597924483 
428	 0,229220057760963 
429	 0,232768852202757 
430	 0,233510966963213 
431	 0,230931263527551 
432	 0,232848720954973 
433	 0,23535456909194 
434	 0,234861714388001 
435	 0,23373539556155 
436	 0,233404244312881 
437	 0,236641348590981 
438	 0,23830668971322 
439	 0,237179180085596 
440	 0,240213551699825 
441	 0,243035381641318 
442	 0,239545107561 
443	 0,234577884043128 
444	 0,231031582329317 
445	 0,233818265849508 
446	 0,237436355253952 
447	 0,238419570619993 
448	 0,239576474362221 
449	 0,240438862893687 
450	 0,239473745028002 
451	 0,238841145790659 
452	 0,238958440580797 
453	 0,237901320543134 
454	 0,238157446701152 
455	 0,241693910544492 
456	 0,241056184554612 
457	 0,238185202666921 
458	 0,242331649653068 
459	 0,245435661305396 
460	 0,244428422970276 
461	 0,243177693068886 
462	 0,241794657876947 
463	 0,23987194055426 
464	 0,241338789673068 
465	 0,245467135518745 
466	 0,246419570189266 
467	 0,2458506244172 
468	 0,245141936310083 
469	 0,246302385164271 
470	 0,248134709815468 
471	 0,247685267868665 
472	 0,247120381609602 
473	 0,246795575278946 
474	 0,244823345105471 
475	 0,243430247849442 
476	 0,244752632713418 
477	 0,245790725453839 
478	 0,246663123316576 
479	 0,250113588512973 
480	 0,250839692003042 
481	 0,247163868433936 
482	 0,24597515173916 
483	 0,245980879099398 
484	 0,243968037747152 
485	 0,245062467155539 
486	 0,248798715881333 
487	 0,248638149523285 
488	 0,246815310389705 
489	 0,245294976460742 
490	 0,245320574473228 
491	 0,24630471395629 
492	 0,246393061853533 
493	 0,24610513312301 
494	 0,245916937542635 
495	 0,247692125985545 
496	 0,249373887989226 
497	 0,248563039539739 
498	 0,248064753528645 
499	 0,248091847496655 
500	 0,247083644221548 
501	 0,246558137209951 
502	 0,247265106213655 
503	 0,247679788089022 
504	 0,248171493754332 
505	 0,249951894330529 
506	 0,249771285810855 
507	 0,247645445655263 
508	 0,247871872762639 
509	 0,24966273063734 
510	 0,251967698275139 
511	 0,252311400225367 
512	 0,251452007107213 
513	 0,252852049449891 
514	 0,253553787151715 
515	 0,252720783823283 
516	 0,253717725153792 
517	 0,255015103022555 
518	 0,254086502577252 
519	 0,253272957911852 
520	 0,253230272732775 
521	 0,25407018973714 
522	 0,254402739379637 
523	 0,253392352887472 
524	 0,253506431528972 
525	 0,254279162447494 
526	 0,253666427218395 
527	 0,253624219832633 
528	 0,254439934079095 
529	 0,253969833139107 
530	 0,253010862142126 
531	 0,252642704500161 
532	 0,25366138501477 
533	 0,255444952603828 
534	 0,255484290184085 
535	 0,255557091815192 
536	 0,256517181989128 
537	 0,25624948091674 
538	 0,255367253876615 
539	 0,255497928512134 
540	 0,255481216943176 
541	 0,255128341489405 
542	 0,255182840996797 
543	 0,25535227723977 
544	 0,255330088306269 
545	 0,255427066043348 
546	 0,255757674672772 
547	 0,256502830772081 
548	 0,257140850333404 
549	 0,257434636227213 
550	 0,25791088885572 
551	 0,258118776289843 
552	 0,257216048248376 
553	 0,257404907459761 
554	 0,258601193995898 
555	 0,257683398845155 
556	 0,256771379023489 
557	 0,257585027928612 
558	 0,257858123995262 
559	 0,257486495519883 
560	 0,257263823091085 
561	 0,256891288266397 
562	 0,256401019684959 
563	 0,256556462641548 
564	 0,256735942886259 
565	 0,2560382154346 
566	 0,256155745394396 
567	 0,257169861688294 
568	 0,257808564656758 
569	 0,258212069355515 
570	 0,258456351425027 
571	 0,258263005944858 
572	 0,258278361705762 
573	 0,260027520778771 
574	 0,261343816629575 
575	 0,261680600191723 
576	 0,262651706839781 
577	 0,263886479278868 
578	 0,264848980624429 
579	 0,26594822923287 
580	 0,267094913054841 
581	 0,267798755316719 
582	 0,268350269409341 
583	 0,268920765878859 
584	 0,269401313569774 
585	 0,269999063213928 
586	 0,271127151706661 
587	 0,271833883805295 
588	 0,271918182498529 
589	 0,271816010127585 
590	 0,27227503672847 
591	 0,273869505358075 
592	 0,274595937345572 
593	 0,274566830977121 
594	 0,27525487268867 
595	 0,276049582806658 
596	 0,276550148724899 
597	 0,275919540872209 
598	 0,275066976609786 
599	 0,275447307597941 
600	 0,275900487636713 
601	 0,276107283884316 
602	 0,27627326471085 
603	 0,275981802183983 
604	 0,27499032128842 
605	 0,274386616635804 
606	 0,274237257278724 
607	 0,274235772363477 
608	 0,274018164153451 
609	 0,273483116132915 
610	 0,273126804319523 
611	 0,272823917330706 
612	 0,272367302223464 
613	 0,272156992451588 
614	 0,2720509802126 
615	 0,271215466001376 
616	 0,270521302484125 
617	 0,270503861142556 
618	 0,270514160624681 
619	 0,270591728319132 
620	 0,271103230149782 
621	 0,270944204786515 
622	 0,269998356861831 
623	 0,269511743722125 
624	 0,269736627406909 
625	 0,270786760493926 
626	 0,271183542363458 
627	 0,270956504548242 
628	 0,271245009751998 
629	 0,27156221504782 
630	 0,271738819305772 
631	 0,27235182477372 
632	 0,27295574330392 
633	 0,27273902555327 
634	 0,272536744672619 
635	 0,272721352807655 
636	 0,273688111383499 
637	 0,274558077257683 
638	 0,274654448040911 
639	 0,275528832461062 
640	 0,276863109838894 
641	 0,277121029327451 
642	 0,277475164377493 
643	 0,278262848676325 
644	 0,278604412621684 
645	 0,278667881735145 
646	 0,278770929738079 
647	 0,278934856150044 
648	 0,279055250784972 
649	 0,278787296063897 
650	 0,278186718843241 
651	 0,277317920957473 
652	 0,27626234717257 
653	 0,275454479862774 
654	 0,275827548911015 
655	 0,275341028631687 
656	 0,273656218662818 
657	 0,272953139733226 
658	 0,272246873242536 
659	 0,270436187324411 
660	 0,269038724838867 
661	 0,268171801771204 
662	 0,267207646435927 
663	 0,266097058700227 
664	 0,264886883249791 
665	 0,264188342310177 
666	 0,263817864996684 
667	 0,263388811245996 
668	 0,262808940180533 
669	 0,262072077857129 
670	 0,261267543545158 
671	 0,260850300911234 
672	 0,261092891171794 
673	 0,260677202586572 
674	 0,259980183152852 
675	 0,260523242575412 
676	 0,26094874850886 
677	 0,260812619507204 
678	 0,260611964442108 
679	 0,260604987596261 
680	 0,261041348785215 
681	 0,26159734933763 
682	 0,262106735707348 
683	 0,262228714746477 
684	 0,262878237220466 
685	 0,264478184018836 
686	 0,265616456457715 
687	 0,266676374020269 
688	 0,268672936075513 
689	 0,270850191387216 
690	 0,273133889365065 
691	 0,275955099253526 
692	 0,279799190722053 
693	 0,284976604122755 
694	 0,289601255831947 
695	 0,293912424090933 
696	 0,299470506740728 
697	 0,305613236398548 
698	 0,312149619767509 
699	 0,319449657978144 
700	 0,327008598432049 
701	 0,334203943215717 
702	 0,341608343361915 
703	 0,349167593952149 
704	 0,356358924918609 
705	 0,363242713854561 
706	 0,369915634463878 
707	 0,376814543162821 
708	 0,383376290854697 
709	 0,388417056271063 
710	 0,393443037906814 
711	 0,398800597932919 
712	 0,403599049395521 
713	 0,408160799221527 
714	 0,41275990890586 
715	 0,416406608568079 
716	 0,419327301042356 
717	 0,422510382932578 
718	 0,425876853078673 
719	 0,429279290005644 
720	 0,431889413305017 
721	 0,433945324592215 
722	 0,435872060135613 
723	 0,437866047706126 
724	 0,439917549983801 
725	 0,441816048008965 
726	 0,443206786484543 
727	 0,444020989745911 
728	 0,445673356480777 
729	 0,447642835039251 
730	 0,44866539233799 
731	 0,449268120382376 
732	 0,449812683197957 
733	 0,451145580886491 
734	 0,452504971410476 
735	 0,453200989937553 
736	 0,453624708629895 
737	 0,453916124516369 
738	 0,454162199891978 
739	 0,454733556845538 
740	 0,455695748822916 
741	 0,45647167077307 
742	 0,457096042191549 
743	 0,457671659699835 
744	 0,45826104292843 
745	 0,458797304610168 
746	 0,45900979383381 
747	 0,459204300057222 
748	 0,459521588199721 
749	 0,459645790860569 
750	 0,459774691009773 
751	 0,460262526948692 
752	 0,460697692614112 
753	 0,460955362347135 
754	 0,46105757942481 
755	 0,461126061600703 
756	 0,461268810437558 
757	 0,461591024987251 
758	 0,46198108569671 
759	 0,46216351416635 
760	 0,462527874586651 
761	 0,463048426236086 
762	 0,462978025444133 
763	 0,462904681728264 
764	 0,463406393511095 
765	 0,464215376205786 
766	 0,464959417629447 
767	 0,464811861308754 
768	 0,464754566088425 
769	 0,465143145106313 
770	 0,465514635039125 
771	 0,465764178486068 
772	 0,465821090409155 
773	 0,466074772825044 
774	 0,466438480893538 
775	 0,466371871481289 
776	 0,46619586613647 
777	 0,466113511243118 
778	 0,46620430630861 
779	 0,466567478567517 
780	 0,467331735850728 
781	 0,467663774496305 
782	 0,467492536572502 
783	 0,467484825194387 
784	 0,467502517002699 
785	 0,467458863450081 
786	 0,46732969623977 
787	 0,4673094680176 
788	 0,467751655930029 
789	 0,468095926419306 
790	 0,468223512953256 
791	 0,46846686183114 
792	 0,468632824089884 
793	 0,468618524826647 
794	 0,469119474268823 
795	 0,469792096596698 
796	 0,469655309721889 
797	 0,469516071168281 
798	 0,469644000119296 
799	 0,469939090666958 
800	 0,470206406166255 
801	 0,470268834579061 
802	 0,47024797809464 
803	 0,470228450230212 
804	 0,470308625030763 
805	 0,470646457299363 
806	 0,471230165022181 
807	 0,471720958848763 
808	 0,471815832020511 
809	 0,471288101154593 
810	 0,471543235243629 
811	 0,472294777968337 
812	 0,471799203689917 
813	 0,471666268571483 
814	 0,472404060596141 
815	 0,472674932055145 
816	 0,472778859142664 
817	 0,473198293666356 
818	 0,473547887083629 
819	 0,473752157271151 
820	 0,473865305925496 
821	 0,473847759461023 
822	 0,473769420714812 
823	 0,474153631186159 
824	 0,474556634080254 
825	 0,474359684566157 
826	 0,474533624905077 
827	 0,475074735809463 
828	 0,475258427110871 
829	 0,475121664980879 
830	 0,474819380486135 
831	 0,475305619749982 
832	 0,475995746586283 
833	 0,475961664133597 
834	 0,476141876443118 
835	 0,476513853221241 
836	 0,476207824484013 
837	 0,476084617583002 
838	 0,476493876331002 
839	 0,476295074550536 
840	 0,476054951192415 
841	 0,47673012501208 
842	 0,476758394291452 
843	 0,476287420854129 
844	 0,477230324670932 
845	 0,477843705470039 
846	 0,477338490758967 
847	 0,477417363796289 
848	 0,4778828579126 
849	 0,478186731605205 
850	 0,477781049476953 
851	 0,477028907342251 
852	 0,477669710914393 
853	 0,478103656942559 
854	 0,477546036376734 
855	 0,476961974931528 
856	 0,476892039010906 
857	 0,477887966656188 
858	 0,478273294846973 
859	 0,477875817706449 
860	 0,477590963554808 
861	 0,477546795014133 
862	 0,477852555546724 
863	 0,478552546083923 
864	 0,479117946395511 
865	 0,478894337224894 
866	 0,478753665639854 
867	 0,478943560940304 
868	 0,479543553453744 
869	 0,479983413337434 
870	 0,480040551235711 
871	 0,480259227263553 
872	 0,480634625129588 
873	 0,481084575882046 
874	 0,481193018670936 
875	 0,48106541102113 
876	 0,481256912730822 
877	 0,481625779236425 
878	 0,482057556124524 
879	 0,48222026020162 
880	 0,482326308853428 
881	 0,482614894392288 
882	 0,482589167390043 
883	 0,482388851514039 
884	 0,482649079776224 
885	 0,4827892404349 
886	 0,482713798760626 
887	 0,483068813120181 
888	 0,48341128436856 
889	 0,483333449641062 
890	 0,48350677463203 
891	 0,483876859781652 
892	 0,484078954367138 
893	 0,484112786090604 
894	 0,484004617322105 
895	 0,483890411742938 
896	 0,483950939270459 
897	 0,484262907708424 
898	 0,484169738790774 
899	 0,483977921426851 
900	 0,48441298453483 
901	 0,484775308770802 
902	 0,484995399027058 
903	 0,48565666601983 
904	 0,486085704090676 
905	 0,485908805150924 
906	 0,48573124700783 
907	 0,485639637117178 
908	 0,485638793845326 
909	 0,485628431812424 
910	 0,485486190202071 
911	 0,484762330191869 
912	 0,484964768200816 
913	 0,486410509185118 
914	 0,486353184851464 
915	 0,485818015682387 
916	 0,486186535441968 
917	 0,486791855372257 
918	 0,487205565915652 
919	 0,486632439700948 
920	 0,486268235785568 
921	 0,486429519734659 
922	 0,486349394760046 
923	 0,486373476297234 
924	 0,486699295974824 
925	 0,486050571956935 
926	 0,485147067929197 
927	 0,485661523896741 
928	 0,485261662957007 
929	 0,484163578050228 
930	 0,485732428181607 
931	 0,486935997689895 
932	 0,486114656951573 
933	 0,485246161202043 
934	 0,484722971720046 
935	 0,484729460380501 
936	 0,484379878332948 
937	 0,483784514531938 
938	 0,483805656137187 
939	 0,484184369394256 
940	 0,48463646783358 
941	 0,484348200022021 
942	 0,483620879623993 
943	 0,482814067262908 
944	 0,48222970220869 
945	 0,481751164606171 
946	 0,481005230851161 
947	 0,480893971722251 
948	 0,481361170473327 
949	 0,481396544144444 
950	 0,480564721875538 
951	 0,478916068202838 
952	 0,478557694075914 
953	 0,4783630136388 
954	 0,476743402682107 
955	 0,474432854421658 
956	 0,472545328889813 
957	 0,47362970090719 
958	 0,473663406602327 
959	 0,471926470378808 
960	 0,472096114202418 
961	 0,472976166339823 
962	 0,473554088200314 
963	 0,474356390755593 
964	 0,474696829391427 
965	 0,473523618464336 
966	 0,472382025165955 
967	 0,471952339861662 
968	 0,472991983124744 
969	 0,473363168656298 
970	 0,472641145129391 
971	 0,474273756725633 
972	 0,475336478385665 
973	 0,473193242524268 
974	 0,470877811805532 
975	 0,469938443587738 
976	 0,47208607151354 
977	 0,473018818417229 
978	 0,472278664789162 
979	 0,472919960784451 
980	 0,473949715980728 
981	 0,47461577432377 
982	 0,473537948696186 
983	 0,472450138752385 
984	 0,473180500769213 
985	 0,474804841372267 
986	 0,476127994639168 
987	 0,47521168515413 
988	 0,474817684910989 
989	 0,475483998418047 
990	 0,475906145050153 
991	 0,476427900929139 
992	 0,477163191056127 
993	 0,477915473521648 
994	 0,478144448064479 
995	 0,477526492451524 
996	 0,478933189556364 
997	 0,480885175283999 
998	 0,479418958501302 
999	 0,481100383005863 
1000	 0,48531073546917 
1001	 0,482929034329021 
1002	 0,48083889451975 
1003	 0,482142823474238 
1004	 0,482845705997382 
1005	 0,482748203674278 
1006	 0,482151937152142 
1007	 0,483736899418857 
1008	 0,485612741727135 
1009	 0,483539440076681 
1010	 0,485755264516553 
1011	 0,491403458409538 
1012	 0,490633311637229 
1013	 0,488877942210717 
1014	 0,488337792034689 
1015	 0,487300988198461 
1016	 0,486260105906434 
1017	 0,486038959273523 
1018	 0,489629024742522 
1019	 0,493833433911137 
1020	 0,493321126389869 
1021	 0,494706338327141 
1022	 0,497173339484641 
1023	 0,494091356514657 
1024	 0,490296102025267 
1025	 0,488363608881838 
1026	 0,491384202814157 
1027	 0,494280726273281 
1028	 0,49398796846024 
1029	 0,495395970299386 
1030	 0,496388945425646 
1031	 0,494205983782538 
1032	 0,493042944937215 
1033	 0,493630744468538 
1034	 0,495520833124178 
1035	 0,49919985662935 
1036	 0,502224729754959 
1037	 0,496893395791148 
1038	 0,489704581810271 
1039	 0,485261548898043 
1040	 0,487742435723241 
1041	 0,493009850985685 
1042	 0,496884403739336 
1043	 0,49757003192573 
1044	 0,497313830559849 
1045	 0,499485946992456 
1046	 0,498464780621684 
1047	 0,495348574316857 
1048	 0,495324995843833 
1049	 0,496469258182944 
1050	 0,496842982673381 
1051	 0,490580812319441 
1052	 0,489673099734369 
1053	 0,498612422485059 
1054	 0,506331920051154 
1055	 0,5060600414481 
1056	 0,4946591133426 
1057	 0,490904673185759 
1058	 0,493322353818116 
1059	 0,495236748084706 
1060	 0,495830297096478 
1061	 0,496196713852435 
1062	 0,499705804200342 
1063	 0,504063785246273 
1064	 0,505261603265816 
1065	 0,49148515989989 
1066	 0,480830456931878 
1067	 0,483762957047028 
1068	 0,500262151392196 
1069	 0,51153507508332 
1070	 0,504522749432045 
1071	 0,496512720439433 
1072	 0,492458814739266 
1073	 0,495365031491174 
1074	 0,498346967909593 
1075	 0,498681010374951 
