Wavelength	AVEN00006.asd
325	 0,447264419690443 
326	 0,393589445837037 
327	 0,382642783107875 
328	 0,416964912764933 
329	 0,415622292561998 
330	 0,373405269301147 
331	 0,297208065921083 
332	 0,2847857056622 
333	 0,33065229408513 
334	 0,394187901961375 
335	 0,41702894479832 
336	 0,379426954660995 
337	 0,302951005907013 
338	 0,231119329188649 
339	 0,211996227062253 
340	 0,229512586174081 
341	 0,258691768282355 
342	 0,252593074578089 
343	 0,294086182194263 
344	 0,365827824167018 
345	 0,318844463893684 
346	 0,235475599469309 
347	 0,219444980709464 
348	 0,247707854662417 
349	 0,283833281748205 
350	 0,245011426266971 
351	 0,235746966518045 
352	 0,283959666522194 
353	 0,299286714359404 
354	 0,298849683751774 
355	 0,307655126836895 
356	 0,30914032664394 
357	 0,298055381005115 
358	 0,26593175297568 
359	 0,249829253209419 
360	 0,263590832576057 
361	 0,274213287461381 
362	 0,278581179803869 
363	 0,280465118716365 
364	 0,274933782753537 
365	 0,267105864762325 
366	 0,272019777363513 
367	 0,286978942444131 
368	 0,303637850040876 
369	 0,274390847419378 
370	 0,24002902779262 
371	 0,28617912829395 
372	 0,319143974229433 
373	 0,316105450776335 
374	 0,308632904871194 
375	 0,292920700740265 
376	 0,270290052876498 
377	 0,285852523562641 
378	 0,316432896717608 
379	 0,28956516044309 
380	 0,28342942639239 
381	 0,307260723889023 
382	 0,286960425220584 
383	 0,265342130283212 
384	 0,286732978753112 
385	 0,302748517851119 
386	 0,303553608578726 
387	 0,286828224195323 
388	 0,282428337275133 
389	 0,298148596438566 
390	 0,305041688880922 
391	 0,303669964386288 
392	 0,297497869423339 
393	 0,302180120098325 
394	 0,313501035910934 
395	 0,30698024841103 
396	 0,302135220124165 
397	 0,30664064446309 
398	 0,298430348244276 
399	 0,287632672846681 
400	 0,292805980337208 
401	 0,295600130719992 
402	 0,293178501260656 
403	 0,291709710615111 
404	 0,295083912286316 
405	 0,304408763335381 
406	 0,304262016771432 
407	 0,296831300489754 
408	 0,289616799575809 
409	 0,288545667643047 
410	 0,293278894626527 
411	 0,290517440791464 
412	 0,289743554554484 
413	 0,299571787502212 
414	 0,304675081498598 
415	 0,303312860059616 
416	 0,298126196203529 
417	 0,294780137067888 
418	 0,295660212703053 
419	 0,298900871187127 
420	 0,30018801073731 
421	 0,294533224090958 
422	 0,294967176371963 
423	 0,300426373740691 
424	 0,297082125862494 
425	 0,292883476276037 
426	 0,292691289249442 
427	 0,293213457981781 
428	 0,294472514463511 
429	 0,297435305144169 
430	 0,298651553507317 
431	 0,297949218244298 
432	 0,29949568078109 
433	 0,300956973671978 
434	 0,300225459991524 
435	 0,298860076565556 
436	 0,297711524431466 
437	 0,297947094679618 
438	 0,298865303609592 
439	 0,300239704085904 
440	 0,302716840338257 
441	 0,30490043618282 
442	 0,305083674614343 
443	 0,301290436053549 
444	 0,296344224899598 
445	 0,300652063160828 
446	 0,306012305324927 
447	 0,306937489151746 
448	 0,303804128144699 
449	 0,300409637092628 
450	 0,30364251824793 
451	 0,306358412024779 
452	 0,306947958528118 
453	 0,309312733957917 
454	 0,310537249147375 
455	 0,308190855228863 
456	 0,309860413004724 
457	 0,313768781695775 
458	 0,311239015009367 
459	 0,308732449098763 
460	 0,308865562100753 
461	 0,309530080290408 
462	 0,310890496444518 
463	 0,313427232262366 
464	 0,31317761109658 
465	 0,310674785510988 
466	 0,311299047021041 
467	 0,313053700525247 
468	 0,314464804063861 
469	 0,315094501170391 
470	 0,314508308631095 
471	 0,311741727016048 
472	 0,311474643395768 
473	 0,314164394876479 
474	 0,313837196936943 
475	 0,312480906172168 
476	 0,312414192864342 
477	 0,314260399676734 
478	 0,316578539629764 
479	 0,315093647210806 
480	 0,312843239193112 
481	 0,311626236893269 
482	 0,313529391748897 
483	 0,315110176193057 
484	 0,310919356812444 
485	 0,310305969486508 
486	 0,313896251581209 
487	 0,314268756864911 
488	 0,31285825581592 
489	 0,311071321124999 
490	 0,311181434258536 
491	 0,312100046382701 
492	 0,310293903070602 
493	 0,308851140250706 
494	 0,30888319105704 
495	 0,309983558754049 
496	 0,311373703486514 
497	 0,312220176608923 
498	 0,312727141604619 
499	 0,312790280513262 
500	 0,311973746136715 
501	 0,311175613922314 
502	 0,311058955114218 
503	 0,312275381391308 
504	 0,313829425779813 
505	 0,313875847185596 
506	 0,31440197549957 
507	 0,315875113596125 
508	 0,317712573538382 
509	 0,319062249408283 
510	 0,319258269134034 
511	 0,319692955563399 
512	 0,320359487130523 
513	 0,320423736447701 
514	 0,320564031537593 
515	 0,321213647222836 
516	 0,323136780972079 
517	 0,324937480372439 
518	 0,324698905972999 
519	 0,32351172923883 
520	 0,322443699145532 
521	 0,324202061039823 
522	 0,325517856395675 
523	 0,324232736323039 
524	 0,324265898346742 
525	 0,32522539168638 
526	 0,324751521592954 
527	 0,32464909511741 
528	 0,325216538726499 
529	 0,32466221449945 
530	 0,32402606867093 
531	 0,324600753557459 
532	 0,324568242614851 
533	 0,323974651976001 
534	 0,324237781592597 
535	 0,324857482792466 
536	 0,325430767876387 
537	 0,32523078969632 
538	 0,324642435882404 
539	 0,324516655681996 
540	 0,324730357540931 
541	 0,325150035269953 
542	 0,325202273549068 
543	 0,325358845414348 
544	 0,326050840971717 
545	 0,325775060644009 
546	 0,325073879865987 
547	 0,326316722898873 
548	 0,327534862184559 
549	 0,327818602024079 
550	 0,328154601599274 
551	 0,328408457850475 
552	 0,328166856956942 
553	 0,32877400558429 
554	 0,329861533310791 
555	 0,328328069050459 
556	 0,326746394265218 
557	 0,327233579704107 
558	 0,327511123703421 
559	 0,327195949811907 
560	 0,326409179597583 
561	 0,325419544640278 
562	 0,324451904392006 
563	 0,323777176105247 
564	 0,323652728871987 
565	 0,32435603128314 
566	 0,324736750364638 
567	 0,324685083072064 
568	 0,324970977942111 
569	 0,32564843392965 
570	 0,326713450658313 
571	 0,327539993554957 
572	 0,328726848810949 
573	 0,331998853244825 
574	 0,334137002468317 
575	 0,334425499384519 
576	 0,335716952370151 
577	 0,337877685716906 
578	 0,340496773030524 
579	 0,343070017083384 
580	 0,345240081503808 
581	 0,346533641730555 
582	 0,347622122777962 
583	 0,348873546819019 
584	 0,349785396564597 
585	 0,350588201597242 
586	 0,351736745866706 
587	 0,353302561048243 
588	 0,355016857948504 
589	 0,355654603777062 
590	 0,356025807896097 
591	 0,356931078313902 
592	 0,358037202577583 
593	 0,359038414856839 
594	 0,359234355775812 
595	 0,35954022643544 
596	 0,360312339923896 
597	 0,36088520232238 
598	 0,360923585777016 
599	 0,360032128004816 
600	 0,359569960598196 
601	 0,359770742503921 
602	 0,359875588675191 
603	 0,359573553759501 
604	 0,358685057678197 
605	 0,358006582298853 
606	 0,357589191497074 
607	 0,357189957175368 
608	 0,356724735124578 
609	 0,356103985663526 
610	 0,355179794404821 
611	 0,354106602020705 
612	 0,353085464362176 
613	 0,352764620271417 
614	 0,352783780151156 
615	 0,351351406980707 
616	 0,350054484938092 
617	 0,349857767818828 
618	 0,349560713808076 
619	 0,349228679826893 
620	 0,349353478609997 
621	 0,349452156209513 
622	 0,349331930634436 
623	 0,348804861099475 
624	 0,348770677203621 
625	 0,35007151926956 
626	 0,350324905705607 
627	 0,349593162341806 
628	 0,349569307507479 
629	 0,349980365171032 
630	 0,35066395449392 
631	 0,35119549172583 
632	 0,351651219431436 
633	 0,35224183519537 
634	 0,353194709000102 
635	 0,354377365956725 
636	 0,354938384835638 
637	 0,35557685488294 
638	 0,356875552048382 
639	 0,358138056524063 
640	 0,359311249539419 
641	 0,360706106706311 
642	 0,361629347990466 
643	 0,361881644885369 
644	 0,362136231492838 
645	 0,362580553321222 
646	 0,363360610384179 
647	 0,363821372345736 
648	 0,363727956259792 
649	 0,363053222287925 
650	 0,36191853450266 
651	 0,360496858873808 
652	 0,359419439591956 
653	 0,35853349618587 
654	 0,357341447860193 
655	 0,355919095469064 
656	 0,354229099900181 
657	 0,352136374712619 
658	 0,349868311975334 
659	 0,347652704740839 
660	 0,34509709249876 
661	 0,342460572356557 
662	 0,340695554875997 
663	 0,338840389271919 
664	 0,336506606471268 
665	 0,334642990208109 
666	 0,333099554044316 
667	 0,331436622633971 
668	 0,330488244383388 
669	 0,330075321506316 
670	 0,328536880165796 
671	 0,327255567078208 
672	 0,327250677672188 
673	 0,326466628173795 
674	 0,32521441144049 
675	 0,32507793914747 
676	 0,325191847386506 
677	 0,325214653795879 
678	 0,324979984625305 
679	 0,324941266318819 
680	 0,325642144691237 
681	 0,326273662540805 
682	 0,326782774402883 
683	 0,32750496830578 
684	 0,328993388386942 
685	 0,331502740514821 
686	 0,334070572358418 
687	 0,336867637416292 
688	 0,340401257660997 
689	 0,344686141738876 
690	 0,349756925558768 
691	 0,35552632243305 
692	 0,361929021571739 
693	 0,368890522853881 
694	 0,375804020171024 
695	 0,382905365958883 
696	 0,391128313767204 
697	 0,399687846829843 
698	 0,408233544543099 
699	 0,416820633165242 
700	 0,425385134522492 
701	 0,43390423626485 
702	 0,441871351382232 
703	 0,449216044131251 
704	 0,456243114412557 
705	 0,463033707404051 
706	 0,469614072086232 
707	 0,47557566643879 
708	 0,480850763312405 
709	 0,485402186599816 
710	 0,489735949529487 
711	 0,494012729804487 
712	 0,498014121541749 
713	 0,501554194680076 
714	 0,504510251754608 
715	 0,507590449232082 
716	 0,510714570087504 
717	 0,513330347635475 
718	 0,515488428578759 
719	 0,517259856600952 
720	 0,518977885738841 
721	 0,520658028852563 
722	 0,522278262276113 
723	 0,523510321948456 
724	 0,524437394264201 
725	 0,525612387288452 
726	 0,526709015097052 
727	 0,5275634392984 
728	 0,52863723504257 
729	 0,529651391464644 
730	 0,52998077747263 
731	 0,530456483885784 
732	 0,531238803515332 
733	 0,531861715364387 
734	 0,532195697348223 
735	 0,532179551329141 
736	 0,532300171334632 
737	 0,532700763324394 
738	 0,533534082607337 
739	 0,534104637572506 
740	 0,534177503748625 
741	 0,534215645862788 
742	 0,534348408941318 
743	 0,534671320209973 
744	 0,534898926271943 
745	 0,534979497259992 
746	 0,534951290909997 
747	 0,535072347166923 
748	 0,535418814371986 
749	 0,535415699617475 
750	 0,53530891428125 
751	 0,535583870898166 
752	 0,535742194031048 
753	 0,535730552214757 
754	 0,535923525122514 
755	 0,535975930381111 
756	 0,535686099533694 
757	 0,535632357282804 
758	 0,535874533963252 
759	 0,536377385482024 
760	 0,536632235069535 
761	 0,536453403045509 
762	 0,535911876616668 
763	 0,535567925498657 
764	 0,535910410102307 
765	 0,536254445316399 
766	 0,536475108100999 
767	 0,536669065346934 
768	 0,53669309851364 
769	 0,536536109132246 
770	 0,536489003213406 
771	 0,536415606426617 
772	 0,536137095164749 
773	 0,536295405257251 
774	 0,536723370996742 
775	 0,536451000321787 
776	 0,536192743979958 
777	 0,536275584442859 
778	 0,536179163860326 
779	 0,536133514496846 
780	 0,53655365244394 
781	 0,536763478939002 
782	 0,536588977073352 
783	 0,536076467441046 
784	 0,535826100648312 
785	 0,536181379243687 
786	 0,536440590419891 
787	 0,536431814540174 
788	 0,536029270349766 
789	 0,535896247750362 
790	 0,536093553708757 
791	 0,535887689688488 
792	 0,535689549966131 
793	 0,535831576960584 
794	 0,536099014930787 
795	 0,536227726132059 
796	 0,535696288980021 
797	 0,535459152021622 
798	 0,535770443137291 
799	 0,536125622891832 
800	 0,53629343262688 
801	 0,536101443417449 
802	 0,535919049806319 
803	 0,535828394719359 
804	 0,535820215625769 
805	 0,535884612190814 
806	 0,535953094310988 
807	 0,53571600075534 
808	 0,535461763079275 
809	 0,535514585988676 
810	 0,535681778472447 
811	 0,535791954398401 
812	 0,535433359015895 
813	 0,535391264210923 
814	 0,53589678231765 
815	 0,536122537073935 
816	 0,536135923134724 
817	 0,536111817504428 
818	 0,536167123465617 
819	 0,536244329314993 
820	 0,536037020468904 
821	 0,535947016811589 
822	 0,536116214139378 
823	 0,536115977330958 
824	 0,536019466016279 
825	 0,535976968708601 
826	 0,53600805946168 
827	 0,5361349835249 
828	 0,536473983508731 
829	 0,536389750181611 
830	 0,535740703391873 
831	 0,536002452604689 
832	 0,536571591940136 
833	 0,536415848697161 
834	 0,536478926963875 
835	 0,536624783959144 
836	 0,535535504728996 
837	 0,535104517623743 
838	 0,536155526571329 
839	 0,536635932110986 
840	 0,536502783169915 
841	 0,536054109226579 
842	 0,535636535977867 
843	 0,535495609253023 
844	 0,536064636317546 
845	 0,536224885248498 
846	 0,535562479508686 
847	 0,53594502729837 
848	 0,536680333495563 
849	 0,536513555391362 
850	 0,536132395058347 
851	 0,535704158135045 
852	 0,535131503480576 
853	 0,534984396299023 
854	 0,535441791678183 
855	 0,535372537607713 
856	 0,535217112101684 
857	 0,535741000680481 
858	 0,535752608050195 
859	 0,535264481177636 
860	 0,535295559554778 
861	 0,535254201541987 
862	 0,534994071258988 
863	 0,535625106685806 
864	 0,536361975544728 
865	 0,536071281254099 
866	 0,536024660137037 
867	 0,536382877265743 
868	 0,536738949213846 
869	 0,536759418841952 
870	 0,536412434987022 
871	 0,536621685935259 
872	 0,53714538972091 
873	 0,537557398171392 
874	 0,537023686652182 
875	 0,535974531826489 
876	 0,536128413316636 
877	 0,536705095103291 
878	 0,537218735277172 
879	 0,536929860518279 
880	 0,536295077684607 
881	 0,535914154147887 
882	 0,536286809660297 
883	 0,537077340328238 
884	 0,537135621263193 
885	 0,537132376915882 
886	 0,537172379416651 
887	 0,536592071037026 
888	 0,536070306444533 
889	 0,536261972361742 
890	 0,536869385782928 
891	 0,537206156482101 
892	 0,535796557002731 
893	 0,535600392770277 
894	 0,536945723725174 
895	 0,536560093340225 
896	 0,536004697866067 
897	 0,536442384447875 
898	 0,535868629474179 
899	 0,535152932127222 
900	 0,536386138220166 
901	 0,536730178301237 
902	 0,535944647235111 
903	 0,536393194260042 
904	 0,536898990763125 
905	 0,536761029004862 
906	 0,53665711234568 
907	 0,536517771176622 
908	 0,536141172818984 
909	 0,536440956802276 
910	 0,537062781594729 
911	 0,536055376053965 
912	 0,535698427245055 
913	 0,536757795292946 
914	 0,536843251348819 
915	 0,536484340894469 
916	 0,536470959522168 
917	 0,535995066359279 
918	 0,535460922171061 
919	 0,536316583229312 
920	 0,536723166502974 
921	 0,53620058595967 
922	 0,535830135367802 
923	 0,535606766470557 
924	 0,535468206173828 
925	 0,53510314973151 
926	 0,534791057709004 
927	 0,535124484335192 
928	 0,535273493645515 
929	 0,535118312583077 
930	 0,535174216236844 
931	 0,535272106228276 
932	 0,535314615685685 
933	 0,535278473563582 
934	 0,535517866228291 
935	 0,536415011521574 
936	 0,535508077908647 
937	 0,53344088446091 
938	 0,533501119143708 
939	 0,534216675386995 
940	 0,534846437080106 
941	 0,534595516518582 
942	 0,533752728972947 
943	 0,532777800214495 
944	 0,533130006000455 
945	 0,533840483425814 
946	 0,532650119822578 
947	 0,531719905091588 
948	 0,531480873736135 
949	 0,531033724163115 
950	 0,530993018406387 
951	 0,531473229219665 
952	 0,53104866539091 
953	 0,529791648547305 
954	 0,528057167256733 
955	 0,527065774234479 
956	 0,527066887130412 
957	 0,528067002887739 
958	 0,527812587964995 
959	 0,526154473799525 
960	 0,526524074018964 
961	 0,527396075631933 
962	 0,527503597416553 
963	 0,527353197562737 
964	 0,526890252540529 
965	 0,525972242322434 
966	 0,526241996326075 
967	 0,527321248867295 
968	 0,526662851136383 
969	 0,526215639488959 
970	 0,526607165645359 
971	 0,526568891336962 
972	 0,526110107820954 
973	 0,525374447992418 
974	 0,524979288006375 
975	 0,524819220721259 
976	 0,524448664520509 
977	 0,525083241111812 
978	 0,526345853914894 
979	 0,525743825154043 
980	 0,525690999024475 
981	 0,526995116402084 
982	 0,526785855667987 
983	 0,526371239222484 
984	 0,527166431728195 
985	 0,527106168516447 
986	 0,526421359399441 
987	 0,526250872341446 
988	 0,526256954434118 
989	 0,52651596877502 
990	 0,527709349791116 
991	 0,527836200466551 
992	 0,526419413956993 
993	 0,52744374341178 
994	 0,528665986558255 
995	 0,52769280810958 
996	 0,52889813169408 
997	 0,530228533139469 
998	 0,526118906651682 
999	 0,526232412688057 
1000	 0,530782586890456 
1001	 0,530056186169797 
1002	 0,528758804459798 
1003	 0,528946556531675 
1004	 0,527658600934111 
1005	 0,527992862374446 
1006	 0,532459885145188 
1007	 0,533465319888547 
1008	 0,531359514926672 
1009	 0,529195518840483 
1010	 0,529051392250426 
1011	 0,531274726841963 
1012	 0,535057022514001 
1013	 0,535738676323153 
1014	 0,532475982408583 
1015	 0,533396904163152 
1016	 0,534680478606385 
1017	 0,533050339031282 
1018	 0,532316388634628 
1019	 0,533296193427025 
1020	 0,536209349540226 
1021	 0,536429170371716 
1022	 0,533854705841076 
1023	 0,531042240897282 
1024	 0,53232379618035 
1025	 0,53712573121064 
1026	 0,53471328114146 
1027	 0,534402276684036 
1028	 0,540750906835058 
1029	 0,539768298024658 
1030	 0,535336136402656 
1031	 0,533654672985627 
1032	 0,531030497847181 
1033	 0,52954571837203 
1034	 0,534391815161903 
1035	 0,535432577356741 
1036	 0,531915559568408 
1037	 0,532469879195173 
1038	 0,532101706457629 
1039	 0,530437104513678 
1040	 0,537353835286679 
1041	 0,543358907342634 
1042	 0,540669679887013 
1043	 0,535400293641183 
1044	 0,532551740335477 
1045	 0,537620593359004 
1046	 0,542455615864342 
1047	 0,544074671957768 
1048	 0,540335599538009 
1049	 0,535989631203702 
1050	 0,533322383808921 
1051	 0,533467120280332 
1052	 0,53347088613807 
1053	 0,532854103728518 
1054	 0,538183285755344 
1055	 0,543004240992076 
1056	 0,541995945871688 
1057	 0,54099133711567 
1058	 0,540781776019329 
1059	 0,541286292475258 
1060	 0,54382866379754 
1061	 0,545586427646447 
1062	 0,539165944489569 
1063	 0,541397649933943 
1064	 0,550891078811202 
1065	 0,544038131012416 
1066	 0,534785751900834 
1067	 0,53230262149527 
1068	 0,543522718700847 
1069	 0,5525464285196 
1070	 0,547486827759446 
1071	 0,538667733214568 
1072	 0,531147862580177 
1073	 0,529818881913772 
1074	 0,540005353387701 
1075	 0,548047964159811 
