Wavelength	AVEN00493.asd
325	 0,141862451144786 
326	 0,152960082861498 
327	 7,15257660722354E-02 
328	-8,66217074090771E-02 
329	 9,44783276289491E-02 
330	 0,266135896795502 
331	 0,2123737196752 
332	 0,119514668598334 
333	 4,68099318223696E-02 
334	 2,26707952263721E-02 
335	 8,22299335367277E-02 
336	 0,176839589764015 
337	 0,162940324340931 
338	 9,43447444356114E-02 
339	 2,28708626307666E-02 
340	-1,98381846746434E-02 
341	-6,70744550016422E-03 
342	 9,62820732887038E-02 
343	 0,184507035571622 
344	 0,215737674172773 
345	 0,164470426395503 
346	 7,83766664180586E-02 
347	 2,29675916988176E-02 
348	 2,64535805457348E-02 
349	 6,23966389694207E-02 
350	 5,86431868082628E-02 
351	 4,75535716430124E-02 
352	 4,42334535859062E-02 
353	 5,83276060942836E-02 
354	 6,54526250667378E-02 
355	 3,86438507828078E-02 
356	 3,96510573080707E-02 
357	 0,062116932798155 
358	 4,59765132735127E-02 
359	 2,77361086620157E-02 
360	 0,022082879124796 
361	 1,30219126599008E-02 
362	 7,6002793515021E-03 
363	 1,57386009990119E-02 
364	 2,52692198435039E-02 
365	 0,031668512791055 
366	 3,56376255035564E-02 
367	 4,16229554142635E-02 
368	 4,89333456670058E-02 
369	 3,27939758773797E-02 
370	 1,02859784329465E-02 
371	 0,018659586940504 
372	 1,80619905474306E-02 
373	 7,87489219888586E-03 
374	 3,52013478108516E-02 
375	 5,66338548533354E-02 
376	 4,12084548754484E-02 
377	 2,26166950156654E-02 
378	 1,06866469249993E-02 
379	 1,69968972837625E-02 
380	 2,93144028578553E-02 
381	 3,88160473132726E-02 
382	 0,031985016652011 
383	 1,85193081525445E-02 
384	 9,28829606014429E-03 
385	 1,52994822906186E-03 
386	-1,5172120436983E-03 
387	 7,95449938276524E-03 
388	 2,17943260331677E-02 
389	 3,50039861983933E-02 
390	 4,57276404472234E-02 
391	 0,047145700192017 
392	 3,23072367324241E-02 
393	 2,83167975606026E-02 
394	 3,37168329371263E-02 
395	 2,12739013462499E-02 
396	 1,71490972761803E-02 
397	 3,04710404164616E-02 
398	 0,026202679367363 
399	 1,27554028332238E-02 
400	 7,94889767502403E-03 
401	 1,52218409674996E-02 
402	 2,95982880921853E-02 
403	 3,09374289313932E-02 
404	 2,67518968530393E-02 
405	 2,32161598874133E-02 
406	 2,51809161294358E-02 
407	 2,86050436612629E-02 
408	 2,44055464633628E-02 
409	 1,90676007502048E-02 
410	 1,49952386328495E-02 
411	 1,25337338892876E-02 
412	 0,013997082559228 
413	 2,09307540942673E-02 
414	 2,50875095702743E-02 
415	 0,026935746885323 
416	 3,26762054506954E-02 
417	 3,50217644747122E-02 
418	 3,21009341723361E-02 
419	 3,19400633934777E-02 
420	 3,02757962972477E-02 
421	 2,08172123779826E-02 
422	 1,94278066751742E-02 
423	 2,54903839432644E-02 
424	 2,47071484598632E-02 
425	 2,13501674991548E-02 
426	 1,88345722021588E-02 
427	 2,26491170696402E-02 
428	 2,81120559298068E-02 
429	 0,025860236635006 
430	 2,10734810742768E-02 
431	 1,71870603766757E-02 
432	 2,21316921124726E-02 
433	 2,75582776273291E-02 
434	 2,61660775746652E-02 
435	 2,42112880858893E-02 
436	 2,36509938299242E-02 
437	 2,70308166090233E-02 
438	 2,71909722797435E-02 
439	 2,26379750728253E-02 
440	 0,023680895081708 
441	 2,64628988840199E-02 
442	 2,50409602905257E-02 
443	 2,34051597971699E-02 
444	 2,28563534136546E-02 
445	 2,48316276762433E-02 
446	 2,52630843285302E-02 
447	 2,22316787923088E-02 
448	 2,26264111479571E-02 
449	 2,50428844802934E-02 
450	 2,51814888412899E-02 
451	 2,47891860698996E-02 
452	 2,43013880328028E-02 
453	 2,33833731407252E-02 
454	 2,32202120830346E-02 
455	 0,024773610870328 
456	 2,55596045137195E-02 
457	 2,56293639280518E-02 
458	 2,67833035214225E-02 
459	 2,63656951406212E-02 
460	 2,41685705840697E-02 
461	 2,59657682128985E-02 
462	 2,98465866370505E-02 
463	 3,26218248756161E-02 
464	 3,03174555948945E-02 
465	 2,44859093899369E-02 
466	 2,41137361092034E-02 
467	 2,51025620594677E-02 
468	 2,49961581149151E-02 
469	 0,027806540758011 
470	 3,12071779195375E-02 
471	 2,99262903067624E-02 
472	 2,71280521441014E-02 
473	 2,45188548054365E-02 
474	 2,47208415126782E-02 
475	 2,55632543967688E-02 
476	 2,48237251996745E-02 
477	 2,45271554923427E-02 
478	 2,52485578260653E-02 
479	 2,79250654103494E-02 
480	 2,83451053439309E-02 
481	 2,53774878734348E-02 
482	 2,60901967851624E-02 
483	 2,82304281766729E-02 
484	 2,73597090953908E-02 
485	 2,63974317691782E-02 
486	 2,61233823280844E-02 
487	 0,026563687471026 
488	 2,67556960249462E-02 
489	 2,61357497518192E-02 
490	 2,72080913068405E-02 
491	 2,85889417834835E-02 
492	 2,59967573721564E-02 
493	 2,47555536280297E-02 
494	 2,61621102733107E-02 
495	 2,60515207816543E-02 
496	 2,57947204607632E-02 
497	 2,72352945043771E-02 
498	 2,80020525083247E-02 
499	 2,79349805100979E-02 
500	 2,83407443055999E-02 
501	 2,84429036046678E-02 
502	 2,79293408919225E-02 
503	 2,78535193425792E-02 
504	 2,82123981351247E-02 
505	 2,88635581744959E-02 
506	 2,84030393437657E-02 
507	 2,69699293815039E-02 
508	 0,026973765249326 
509	 0,028033852664242 
510	 2,95672459184008E-02 
511	 2,93734647386985E-02 
512	 2,81134662807964E-02 
513	 2,88326057740963E-02 
514	 2,85366172579965E-02 
515	 2,67831326664637E-02 
516	 2,94683157401168E-02 
517	 3,29725112650757E-02 
518	 3,16477043775715E-02 
519	 0,030177555721357 
520	 2,96623356012037E-02 
521	 2,92902507932192E-02 
522	 2,93893399054003E-02 
523	 3,01275528238124E-02 
524	 3,07237397842387E-02 
525	 0,031172881318148 
526	 3,19055848091482E-02 
527	 0,032072615371394 
528	 3,15498330921837E-02 
529	 3,14773418114627E-02 
530	 3,11740893067671E-02 
531	 0,029796854844147 
532	 3,00747779886217E-02 
533	 3,16543575683792E-02 
534	 3,14627723225271E-02 
535	 3,10004258540637E-02 
536	 0,031099055744316 
537	 0,030891471831551 
538	 3,07595006393311E-02 
539	 3,16246132701525E-02 
540	 3,22038071757663E-02 
541	 0,032163203722527 
542	 3,20203734133308E-02 
543	 3,19899050296909E-02 
544	 3,22330432928091E-02 
545	 3,21968906697822E-02 
546	 3,20164185219214E-02 
547	 3,24389084278775E-02 
548	 3,26147134347613E-02 
549	 3,22882679953164E-02 
550	 0,032790891395316 
551	 3,35406261612389E-02 
552	 3,33982479236268E-02 
553	 3,36700988326828E-02 
554	 3,42871384288548E-02 
555	 3,33596014395108E-02 
556	 3,27725621519894E-02 
557	 3,39841930128176E-02 
558	 3,43565141988916E-02 
559	 3,37947894088769E-02 
560	 3,32706075714861E-02 
561	 3,27792626609131E-02 
562	 3,25041103722301E-02 
563	 3,31482028837942E-02 
564	 3,38795869046026E-02 
565	 3,35553671897807E-02 
566	 0,033364552067264 
567	 3,35278467831363E-02 
568	 3,37239406105206E-02 
569	 3,36895703221699E-02 
570	 3,33528813291718E-02 
571	 3,37593734369201E-02 
572	 3,50574568024559E-02 
573	 3,74930668289854E-02 
574	 3,82070435111813E-02 
575	 3,66557528710088E-02 
576	 3,61771530376923E-02 
577	 3,64214041039176E-02 
578	 3,67062916068354E-02 
579	 3,71694742689979E-02 
580	 3,76874391272509E-02 
581	 0,037824362257588 
582	 3,84216485879777E-02 
583	 3,97338365269069E-02 
584	 3,97336570357471E-02 
585	 3,91583175058269E-02 
586	 3,97463182462935E-02 
587	 4,05964453949862E-02 
588	 4,12392860952355E-02 
589	 0,040865965901717 
590	 4,03053159350049E-02 
591	 4,03550160499228E-02 
592	 4,03834938357141E-02 
593	 4,04965160049604E-02 
594	 4,13803494355088E-02 
595	 4,19368798540498E-02 
596	 0,041717259100829 
597	 4,16072660048564E-02 
598	 4,14935061584425E-02 
599	 4,10332815821432E-02 
600	 4,10631186714469E-02 
601	 4,16263836745364E-02 
602	 4,20149009679873E-02 
603	 4,19162724895323E-02 
604	 4,11540751092457E-02 
605	 4,04367867254298E-02 
606	 4,01699162970311E-02 
607	 0,041029188934407 
608	 4,17036828049973E-02 
609	 4,16298387709481E-02 
610	 4,10031783758303E-02 
611	 4,03079767046394E-02 
612	 4,01081576662684E-02 
613	 4,00752018592874E-02 
614	 3,99455773872912E-02 
615	 0,039023868082284 
616	 3,85339249825659E-02 
617	 3,91816164177684E-02 
618	 3,97073847492349E-02 
619	 3,99746856197022E-02 
620	 4,01358909189283E-02 
621	 4,01827451036224E-02 
622	 4,01053271408725E-02 
623	 3,97694431647002E-02 
624	 3,95910964474164E-02 
625	 3,99753147230491E-02 
626	 4,01820737485693E-02 
627	 4,01589740322879E-02 
628	 4,02470044663654E-02 
629	 4,03900157584447E-02 
630	 4,05780269236845E-02 
631	 4,09496928388583E-02 
632	 4,11649382346231E-02 
633	 4,06379508934203E-02 
634	 4,04820887579629E-02 
635	 4,09277273110933E-02 
636	 4,14451760959305E-02 
637	 4,16755650367023E-02 
638	 4,14181274536924E-02 
639	 4,21069893037054E-02 
640	 4,33430910307626E-02 
641	 4,34522196899692E-02 
642	 4,34975033892612E-02 
643	 4,38660297161338E-02 
644	 4,42666896676509E-02 
645	 4,45973635292133E-02 
646	 4,47580105637301E-02 
647	 4,48659450654475E-02 
648	 4,48511672034103E-02 
649	 4,43507734194105E-02 
650	 4,38771401092607E-02 
651	 4,37540569751853E-02 
652	 4,34475015168772E-02 
653	 4,32372105115571E-02 
654	 4,39950561829356E-02 
655	 4,36408396342441E-02 
656	 4,19959406714037E-02 
657	 4,19376291226546E-02 
658	 4,22364303290285E-02 
659	 4,14684637049863E-02 
660	 4,06919646849448E-02 
661	 4,01264901272469E-02 
662	 3,97299432302285E-02 
663	 3,94603706199311E-02 
664	 3,92706380976195E-02 
665	 3,90737655885026E-02 
666	 3,87500565121343E-02 
667	 3,80994432408991E-02 
668	 0,038251853271089 
669	 3,89856172279117E-02 
670	 3,81164468613819E-02 
671	 3,70048919326322E-02 
672	 3,67803841290113E-02 
673	 0,036695725051393 
674	 3,67884028485018E-02 
675	 3,75066707440423E-02 
676	 3,79861175729906E-02 
677	 3,79367204585449E-02 
678	 3,78049036314597E-02 
679	 0,037865686195572 
680	 3,83862713273272E-02 
681	 3,89197893676674E-02 
682	 3,91943861009991E-02 
683	 3,86458081112311E-02 
684	 3,85703697179663E-02 
685	 3,96326278888881E-02 
686	 4,03422793674032E-02 
687	 0,040902792087387 
688	 4,20611265590999E-02 
689	 4,31334171931219E-02 
690	 4,39934726191138E-02 
691	 4,48969021010886E-02 
692	 4,63717493275068E-02 
693	 0,048809164822432 
694	 5,08569905694173E-02 
695	 5,27889998598696E-02 
696	 5,60706227510144E-02 
697	 5,92266710697331E-02 
698	 6,19031222472337E-02 
699	 0,065886328746296 
700	 7,02938738253387E-02 
701	 7,38264232678961E-02 
702	 7,76181609466328E-02 
703	 8,17343913225313E-02 
704	 8,55454266274319E-02 
705	 8,90774812189807E-02 
706	 9,24185607495372E-02 
707	 9,61503716205202E-02 
708	 9,98868666814618E-02 
709	 0,102750110787089 
710	 0,105549145388268 
711	 0,108446942449112 
712	 0,110944342997829 
713	 0,113237384387122 
714	 0,115526059252715 
715	 0,11777236833179 
716	 0,119882804273431 
717	 0,121621362547978 
718	 0,12324689639936 
719	 0,124882589350561 
720	 0,126477465495668 
721	 0,128102225271942 
722	 0,129858750505771 
723	 0,130932491282402 
724	 0,131362926123603 
725	 0,131932545478397 
726	 0,132732983465133 
727	 0,133767181029403 
728	 0,134458201804698 
729	 0,134939704884465 
730	 0,135610686171288 
731	 0,136123345780534 
732	 0,136491492891978 
733	 0,137217661209144 
734	 0,137921278397198 
735	 0,138268294135664 
736	 0,138590286521075 
737	 0,138939177021784 
738	 0,139297406698202 
739	 0,13956488167807 
740	 0,139764554569794 
741	 0,140287004266733 
742	 0,140746902002983 
743	 0,140678235411281 
744	 0,140666936942549 
745	 0,14083688685713 
746	 0,141103865080607 
747	 0,141406113824813 
748	 0,141678209364146 
749	 0,141719775840487 
750	 0,141866277101741 
751	 0,142677710712462 
752	 0,143078873100431 
753	 0,142967857641882 
754	 0,143228763991478 
755	 0,143425942042206 
756	 0,143277458145057 
757	 0,143277221610886 
758	 0,143500039466465 
759	 0,143959706502101 
760	 0,144244155421834 
761	 0,144232948092718 
762	 0,144120083159612 
763	 0,144127086761031 
764	 0,144434855193183 
765	 0,144702856941239 
766	 0,144873776656494 
767	 0,144984704284069 
768	 0,145133357098841 
769	 0,145345619069085 
770	 0,145481096896065 
771	 0,14563636995291 
772	 0,145931333229283 
773	 0,14604694403297 
774	 0,14603627958452 
775	 0,146321551814273 
776	 0,146470279101546 
777	 0,146310908707122 
778	 0,146259297160289 
779	 0,146499921467123 
780	 0,147229884207484 
781	 0,147473427077061 
782	 0,147213431535633 
783	 0,147433196907191 
784	 0,147741143885442 
785	 0,147867828987282 
786	 0,147816319727407 
787	 0,147770261864502 
788	 0,14806397562598 
789	 0,148239091315449 
790	 0,148237340414855 
791	 0,148439093288469 
792	 0,148681177959033 
793	 0,148813156392822 
794	 0,148747963563177 
795	 0,148646014885565 
796	 0,148850217756019 
797	 0,149297473875998 
798	 0,149828268814293 
799	 0,1498048732307 
800	 0,149736828634786 
801	 0,150098845829494 
802	 0,150155268706341 
803	 0,150063250120415 
804	 0,150622450211082 
805	 0,150913171362405 
806	 0,150670486002954 
807	 0,150429650881429 
808	 0,150420772937593 
809	 0,150816083305214 
810	 0,150949415601841 
811	 0,150830254270872 
812	 0,150915968363328 
813	 0,150954936144515 
814	 0,150959386196601 
815	 0,151614673716436 
816	 0,152237409982005 
817	 0,151988843724477 
818	 0,15192905844432 
819	 0,152149152789634 
820	 0,152150276066183 
821	 0,152179934242056 
822	 0,152303851937674 
823	 0,152169644557956 
824	 0,15206249408233 
825	 0,152379957534114 
826	 0,152893420823013 
827	 0,153387526862472 
828	 0,153458900122262 
829	 0,153189456563899 
830	 0,152775138631318 
831	 0,153176137232578 
832	 0,153755104520775 
833	 0,153513302423273 
834	 0,15337056669572 
835	 0,153406083185661 
836	 0,15304950970732 
837	 0,152996918969702 
838	 0,153530128761324 
839	 0,1537869272114 
840	 0,153796365238786 
841	 0,153747839797321 
842	 0,153828355848189 
843	 0,154073208942013 
844	 0,154440581973841 
845	 0,154532767224623 
846	 0,154202988371611 
847	 0,154114427069409 
848	 0,15420821068273 
849	 0,154283734427129 
850	 0,154414528089842 
851	 0,154513530561676 
852	 0,154189139310119 
853	 0,154313630907854 
854	 0,155151649700965 
855	 0,154976495980837 
856	 0,154592275647003 
857	 0,155335102338352 
858	 0,155323758056726 
859	 0,154623947207439 
860	 0,154992628390776 
861	 0,155195311796724 
862	 0,154727410392036 
863	 0,154693180313005 
864	 0,154944395894303 
865	 0,155135908766582 
866	 0,155327247658971 
867	 0,155497601636159 
868	 0,155595515208709 
869	 0,155663975663291 
870	 0,155709481174454 
871	 0,155551846547621 
872	 0,155661977444761 
873	 0,15656400312039 
874	 0,156699492990251 
875	 0,156215344986553 
876	 0,156596230174763 
877	 0,156951334194362 
878	 0,156964853817288 
879	 0,157036018492087 
880	 0,157127284080883 
881	 0,157170209748141 
882	 0,157225615493681 
883	 0,157204612860582 
884	 0,156741557339361 
885	 0,156868843926586 
886	 0,157688870748333 
887	 0,157612195884114 
888	 0,157321841809776 
889	 0,157501257425424 
890	 0,157290406410755 
891	 0,156881397027522 
892	 0,156945273950561 
893	 0,157606513153937 
894	 0,158471632814606 
895	 0,157529009896318 
896	 0,157078373621491 
897	 0,158680126812768 
898	 0,158777578587067 
899	 0,157794000799638 
900	 0,157447547756206 
901	 0,157687573170877 
902	 0,15820083514892 
903	 0,157554461701542 
904	 0,157581234165027 
905	 0,15909399836839 
906	 0,15908268643775 
907	 0,158263029105147 
908	 0,158179022659112 
909	 0,158470834744974 
910	 0,158844242352464 
911	 0,158495690220311 
912	 0,158478210176408 
913	 0,15917710625628 
914	 0,159652270287871 
915	 0,159986591562093 
916	 0,160324236957727 
917	 0,159649144735875 
918	 0,158653288898647 
919	 0,159592503551991 
920	 0,160457737361623 
921	 0,160424144590667 
922	 0,159189123715973 
923	 0,15820023586385 
924	 0,158567888381676 
925	 0,158508064524667 
926	 0,158224791228003 
927	 0,158598477995244 
928	 0,158936878140133 
929	 0,159227244359199 
930	 0,160267509474817 
931	 0,160824954250481 
932	 0,160280905497105 
933	 0,159791887300963 
934	 0,159623019821608 
935	 0,159916214676265 
936	 0,160574389745913 
937	 0,161147826395638 
938	 0,160605160762156 
939	 0,159454398154677 
940	 0,15837031514269 
941	 0,15952923652847 
942	 0,160890689980288 
943	 0,160528361830928 
944	 0,159051392760822 
945	 0,157568994861493 
946	 0,157895721072657 
947	 0,15859979105984 
948	 0,159168483977937 
949	 0,159510957052668 
950	 0,159190404158453 
951	 0,158216273582651 
952	 0,158434563191037 
953	 0,158498062858265 
954	 0,15668248580751 
955	 0,15588680236437 
956	 0,156379236630121 
957	 0,157345979106347 
958	 0,157122292192606 
959	 0,155657931040418 
960	 0,155872018335829 
961	 0,156645929918448 
962	 0,156962096588709 
963	 0,156515887241745 
964	 0,155842218370353 
965	 0,155834536016571 
966	 0,156359629836477 
967	 0,157283778522543 
968	 0,158497936146728 
969	 0,158524402451021 
970	 0,157125582149978 
971	 0,156950917058814 
972	 0,156676843127796 
973	 0,155140424688674 
974	 0,154832941638407 
975	 0,15557785329914 
976	 0,156285305315911 
977	 0,157503610784541 
978	 0,158410765824756 
979	 0,155566528090333 
980	 0,155118062322428 
981	 0,159106992894819 
982	 0,15986593049558 
983	 0,158997254096408 
984	 0,158817886980937 
985	 0,159456999958853 
986	 0,160378227658705 
987	 0,160437409766944 
988	 0,159653182189115 
989	 0,158427901151296 
990	 0,158006233831647 
991	 0,158627669643231 
992	 0,160077533376613 
993	 0,160100592476871 
994	 0,160790986811732 
995	 0,164132136298532 
996	 0,16506594275172 
997	 0,163598088929886 
998	 0,161492925196291 
999	 0,162437864440204 
1000	 0,165654132021261 
1001	 0,163957837512528 
1002	 0,162429033349167 
1003	 0,163326423020501 
1004	 0,163570369442604 
1005	 0,16372031366753 
1006	 0,164367058644753 
1007	 0,163523549188519 
1008	 0,162428970348602 
1009	 0,163805772096914 
1010	 0,165286554535229 
1011	 0,166462300008274 
1012	 0,168527400307179 
1013	 0,16903871073935 
1014	 0,167382411176635 
1015	 0,166250004894287 
1016	 0,1671558151991 
1017	 0,170427725501051 
1018	 0,168190371686612 
1019	 0,165777897014675 
1020	 0,172507519905714 
1021	 0,170403186799957 
1022	 0,162199271888038 
1023	 0,167693202807482 
1024	 0,172658189881225 
1025	 0,172688981142208 
1026	 0,170747890341996 
1027	 0,169998272142192 
1028	 0,172239792421062 
1029	 0,17483415035115 
1030	 0,173947100979724 
1031	 0,166373610906354 
1032	 0,165284415424544 
1033	 0,169853883371606 
1034	 0,172913635115008 
1035	 0,173482599415647 
1036	 0,171867936001782 
1037	 0,171409448744226 
1038	 0,17035171391731 
1039	 0,168714046269591 
1040	 0,169391231230543 
1041	 0,174502466129625 
1042	 0,183394523204728 
1043	 0,179180856770534 
1044	 0,16948434212606 
1045	 0,168524361779447 
1046	 0,174141739046883 
1047	 0,181021743230064 
1048	 0,177906090315694 
1049	 0,173133812386014 
1050	 0,170032642194766 
1051	 0,170229791651724 
1052	 0,169278041332596 
1053	 0,166767034877589 
1054	 0,174138941308315 
1055	 0,179619429299081 
1056	 0,173904533961805 
1057	 0,172105091418166 
1058	 0,170624796292579 
1059	 0,162284024694625 
1060	 0,16505900498261 
1061	 0,174835090982884 
1062	 0,172900607859126 
1063	 0,180885366456945 
1064	 0,1935004030266 
1065	 0,167619608044692 
1066	 0,153874851039141 
1067	 0,171489425375914 
1068	 0,179927119119171 
1069	 0,183789920390579 
1070	 0,18751194747434 
1071	 0,192523616417805 
1072	 0,191050866593235 
1073	 0,175849787205073 
1074	 0,180675499222103 
1075	 0,192465149638238 
