Wavelength	AVEN00337.asd
325	 0,20590875373232 
326	 0,2076209086468 
327	 0,149631913253781 
328	 4,18188565137255E-02 
329	 9,00749433135753E-02 
330	 9,31964952878033E-02 
331	-8,23137459074662E-02 
332	-7,23771580345286E-02 
333	 6,65008291873963E-02 
334	 0,100104449163828 
335	 6,76948739444958E-02 
336	 1,32580845759461E-02 
337	 4,73918580744959E-02 
338	 6,64236497312771E-02 
339	-0,016530612244898 
340	-1,20232399841282E-02 
341	 5,34062305305127E-02 
342	 5,19785874247027E-02 
343	 7,89983680130559E-02 
344	 0,139142147146955 
345	 0,17039383663825 
346	 0,159830120161728 
347	 9,62856339769514E-02 
348	 6,59977890283627E-02 
349	 7,07744911844373E-02 
350	 7,08580902451046E-02 
351	 8,50781680222195E-02 
352	 0,110903519618591 
353	 0,109110295345071 
354	 0,103531360044856 
355	 0,122372669417063 
356	 0,11390631874664 
357	 8,65888298781316E-02 
358	 9,78721966648415E-02 
359	 0,110010604927939 
360	 0,104691210616105 
361	 8,20279021773283E-02 
362	 6,19416333172289E-02 
363	 6,65788644754547E-02 
364	 8,09983730599385E-02 
365	 9,89056301338185E-02 
366	 0,124306417396887 
367	 0,135932540391788 
368	 0,118774766306073 
369	 7,80214146157029E-02 
370	 4,59215702842885E-02 
371	 8,08178501238115E-02 
372	 0,109860422359574 
373	 0,115817759154354 
374	 0,130082776193316 
375	 0,130487396075704 
376	 0,105171583651762 
377	 0,107486071000802 
378	 0,126267478455146 
379	 0,116449244053127 
380	 0,109195915973568 
381	 0,111766553398871 
382	 0,112070073078056 
383	 0,110267653922614 
384	 0,106546148638398 
385	 8,78352690531152E-02 
386	 6,66637637150966E-02 
387	 7,75485923831972E-02 
388	 9,89332705072164E-02 
389	 0,118168027138426 
390	 0,122129587108987 
391	 0,117381762210214 
392	 0,112378737835894 
393	 0,115527307419301 
394	 0,122840584248787 
395	 0,115218849101921 
396	 0,108715614541544 
397	 0,111011736897385 
398	 0,114302641273009 
399	 0,11506719969755 
400	 0,109595977443121 
401	 0,104517199699679 
402	 0,102200308454843 
403	 0,103827285521547 
404	 0,107697561936175 
405	 0,111537713261734 
406	 0,104156938431777 
407	 9,51861043537167E-02 
408	 0,106303937330941 
409	 0,113319365137257 
410	 0,109827437255489 
411	 0,102230440275446 
412	 9,86488966961784E-02 
413	 0,105469825820651 
414	 0,109414504865846 
415	 0,109716932636087 
416	 0,111176172472997 
417	 0,113024614818976 
418	 0,114733206694964 
419	 0,114627293899808 
420	 0,1132819131472 
421	 0,111625159381558 
422	 0,108476331912925 
423	 0,104909732151515 
424	 0,104329816218116 
425	 0,106176803695027 
426	 0,109649209818015 
427	 0,112171465252748 
428	 0,112712827486298 
429	 0,110021236180642 
430	 0,108486739474564 
431	 0,109501662026258 
432	 0,112613472207756 
433	 0,115270717685269 
434	 0,115269879996579 
435	 0,112386600223818 
436	 0,109022937555408 
437	 0,111227815919553 
438	 0,113035523386621 
439	 0,112191079864344 
440	 0,110674454882039 
441	 0,110495629113525 
442	 0,113880250110695 
443	 0,114582777614442 
444	 0,112688578313253 
445	 0,114167581940305 
446	 0,114540511726001 
447	 0,111734986109854 
448	 0,113201452388685 
449	 0,11640821734942 
450	 0,114716941726091 
451	 0,114318571715216 
452	 0,116057899242152 
453	 0,114880041486398 
454	 0,113203022109583 
455	 0,113378060337018 
456	 0,11301068276473 
457	 0,112594813821727 
458	 0,114551122354968 
459	 0,116949811773443 
460	 0,118549337427586 
461	 0,11734903767326 
462	 0,115873306846931 
463	 0,117695388442065 
464	 0,116983401400661 
465	 0,114216378294244 
466	 0,116190613233566 
467	 0,118767618600504 
468	 0,119369717408008 
469	 0,121396187436471 
470	 0,122771687062704 
471	 0,118249601255336 
472	 0,116257700936631 
473	 0,118264889809119 
474	 0,116870875121231 
475	 0,114396347833921 
476	 0,113563110359385 
477	 0,115224767106078 
478	 0,118261117118187 
479	 0,119454698508706 
480	 0,118552142470985 
481	 0,1160082586083 
482	 0,116015847162078 
483	 0,117405839338232 
484	 0,117750209073245 
485	 0,117710449874508 
486	 0,117304088583128 
487	 0,116080698504115 
488	 0,115288806880236 
489	 0,115815938820061 
490	 0,116767634708056 
491	 0,117134762806865 
492	 0,114790935671599 
493	 0,113823696415918 
494	 0,11510187031166 
495	 0,114525462280324 
496	 0,113570784113024 
497	 0,114211544189835 
498	 0,114952923482808 
499	 0,115392039935658 
500	 0,115537739175011 
501	 0,114920148298231 
502	 0,113639143220319 
503	 0,114549368973285 
504	 0,11654751704784 
505	 0,11733245080139 
506	 0,116009500719696 
507	 0,113347534083069 
508	 0,11386106099185 
509	 0,115456598807258 
510	 0,116048890796491 
511	 0,116031022756459 
512	 0,115782709806 
513	 0,116196016009751 
514	 0,116496247801661 
515	 0,116582028364507 
516	 0,118184721250168 
517	 0,119617943680393 
518	 0,118410982614405 
519	 0,11689919265681 
520	 0,116085974556563 
521	 0,117092769513487 
522	 0,11810692372887 
523	 0,117806431220783 
524	 0,116940678888654 
525	 0,116343137246496 
526	 0,117647281507799 
527	 0,118826007699827 
528	 0,119001773217714 
529	 0,117773020083758 
530	 0,116489098480993 
531	 0,116670109787468 
532	 0,117895046049291 
533	 0,119383246383393 
534	 0,119112900137243 
535	 0,118895793459984 
536	 0,11968778594379 
537	 0,119905065830315 
538	 0,1197251712768 
539	 0,119891640723892 
540	 0,119697689342669 
541	 0,119165498527158 
542	 0,11934139394984 
543	 0,119713551701151 
544	 0,11973317755685 
545	 0,119530375634471 
546	 0,119368445081314 
547	 0,119878713650777 
548	 0,120564576885103 
549	 0,121134495864921 
550	 0,121595818945085 
551	 0,121593906303137 
552	 0,120541739845579 
553	 0,120424028107767 
554	 0,121311519830807 
555	 0,12087126556851 
556	 0,12053136340256 
557	 0,121422448892504 
558	 0,121680385492633 
559	 0,121282848064274 
560	 0,120967821692848 
561	 0,120934380818524 
562	 0,121233164542936 
563	 0,121431889078957 
564	 0,121296573574078 
565	 0,120584066206927 
566	 0,120587142798847 
567	 0,12128129950716 
568	 0,12135441332135 
569	 0,121049076725463 
570	 0,120625571750144 
571	 0,120764697880755 
572	 0,121517626041689 
573	 0,122824971614222 
574	 0,123680508600285 
575	 0,123781354925578 
576	 0,123845447714642 
577	 0,124159549930412 
578	 0,124963359998611 
579	 0,125462736023403 
580	 0,125700096383845 
581	 0,126514025538219 
582	 0,127050814047403 
583	 0,126875845105633 
584	 0,126639776733196 
585	 0,126698666927032 
586	 0,127517314971696 
587	 0,128199753641237 
588	 0,128438376875686 
589	 0,128297964754859 
590	 0,128269748084001 
591	 0,128753346815691 
592	 0,12847986422288 
593	 0,127816330074654 
594	 0,128471227462285 
595	 0,129032363586064 
596	 0,128940141365937 
597	 0,129144864864529 
598	 0,129505286404987 
599	 0,12969796685862 
600	 0,129139887216892 
601	 0,128160121091496 
602	 0,128650538973035 
603	 0,12940015750073 
604	 0,129385790286911 
605	 0,128647513659698 
606	 0,12772746246828 
607	 0,127921552476578 
608	 0,128159801239972 
609	 0,128027014348131 
610	 0,127673294023494 
611	 0,127150212119562 
612	 0,126513383326078 
613	 0,126676607832667 
614	 0,127309834718515 
615	 0,126545748399217 
616	 0,125611742311361 
617	 0,125359791593447 
618	 0,125843484046213 
619	 0,12654126764272 
620	 0,126454333179542 
621	 0,126164464661133 
622	 0,125847222449255 
623	 0,125328080252424 
624	 0,125191467745269 
625	 0,125979791128456 
626	 0,126116455098034 
627	 0,125626977589689 
628	 0,125625817859664 
629	 0,125773977827818 
630	 0,125947603732626 
631	 0,126447241111023 
632	 0,126895064215432 
633	 0,126636166750636 
634	 0,126550551201939 
635	 0,126907853955294 
636	 0,127655995896157 
637	 0,128230718626035 
638	 0,128188994036953 
639	 0,128257344740363 
640	 0,128559170116783 
641	 0,12905913787044 
642	 0,129477828499593 
643	 0,129690475919341 
644	 0,129856462145145 
645	 0,12985150231933 
646	 0,129493625860605 
647	 0,129838515570755 
648	 0,130696667198276 
649	 0,130494565435062 
650	 0,129968575142195 
651	 0,129607126840952 
652	 0,129013571790289 
653	 0,128453978857617 
654	 0,128585527915163 
655	 0,128497238117142 
656	 0,127908020267537 
657	 0,127117834023753 
658	 0,126412763032255 
659	 0,126051729818255 
660	 0,125635803296654 
661	 0,124980519445959 
662	 0,1237528774896 
663	 0,122835750407307 
664	 0,12266594077808 
665	 0,122780041630473 
666	 0,122711825708962 
667	 0,121827533940461 
668	 0,121402486121217 
669	 0,121516204281149 
670	 0,120913206947471 
671	 0,120233201090433 
672	 0,120016977018618 
673	 0,11999426106753 
674	 0,12017764040288 
675	 0,12082173209494 
676	 0,120921344132536 
677	 0,12033491078937 
678	 0,120680040024734 
679	 0,121177671293724 
680	 0,12076281029727 
681	 0,12080795434995 
682	 0,121373935308553 
683	 0,121604112570235 
684	 0,121746646438055 
685	 0,121982721244866 
686	 0,12252183918617 
687	 0,123350712777238 
688	 0,124377251106115 
689	 0,125579642790847 
690	 0,126925330385905 
691	 0,128235550142554 
692	 0,130046712559464 
693	 0,132767481159202 
694	 0,134939544159181 
695	 0,13689992463736 
696	 0,140252752942502 
697	 0,143805158252871 
698	 0,1471833035486 
699	 0,151175879352184 
700	 0,155640819382172 
701	 0,160332012811402 
702	 0,16481223690292 
703	 0,169111789171021 
704	 0,173926751968724 
705	 0,178358412525664 
706	 0,181952188994309 
707	 0,185981453288742 
708	 0,190107628682999 
709	 0,193331902568555 
710	 0,196632193287835 
711	 0,200195423188916 
712	 0,20341743927508 
713	 0,206274336483148 
714	 0,208787879916654 
715	 0,211246277079259 
716	 0,213703944505952 
717	 0,216193116836583 
718	 0,218185514261665 
719	 0,21956715668882 
720	 0,22111494065101 
721	 0,222837446160736 
722	 0,224646659735397 
723	 0,226200158990918 
724	 0,227423048680052 
725	 0,228418662921509 
726	 0,229337411933861 
727	 0,230288408639407 
728	 0,231304473838132 
729	 0,23224995167322 
730	 0,232877968664064 
731	 0,233404569014256 
732	 0,233885802854631 
733	 0,234204468771508 
734	 0,23462793141019 
735	 0,235363475685562 
736	 0,235941844340228 
737	 0,236412995542051 
738	 0,237173030431939 
739	 0,237720651811629 
740	 0,23793194111074 
741	 0,238271023691294 
742	 0,23869148154625 
743	 0,239092449436345 
744	 0,23946148497511 
745	 0,239784216292911 
746	 0,240054107369373 
747	 0,240245289040714 
748	 0,240354492853521 
749	 0,24044377061356 
750	 0,240560202102175 
751	 0,240746292485343 
752	 0,241224625751443 
753	 0,241853595417996 
754	 0,241870403812085 
755	 0,241945103996743 
756	 0,24249742517091 
757	 0,242524168657237 
758	 0,242276155434382 
759	 0,242557366798768 
760	 0,242983814141521 
761	 0,243361234885916 
762	 0,243360801483663 
763	 0,243363683796086 
764	 0,243722340116637 
765	 0,243921207706203 
766	 0,243995721148661 
767	 0,244296580884277 
768	 0,244623382404206 
769	 0,244876330621246 
770	 0,244973486522316 
771	 0,245006513405552 
772	 0,245096193947364 
773	 0,245430500394514 
774	 0,245943503392952 
775	 0,246384061579755 
776	 0,246398827694384 
777	 0,24590081025885 
778	 0,245631476794853 
779	 0,245866212251774 
780	 0,246862697307948 
781	 0,247268218576665 
782	 0,246955665132486 
783	 0,246937771754628 
784	 0,247116744280148 
785	 0,247392177816706 
786	 0,247433572613498 
787	 0,247320284250874 
788	 0,24726359657945 
789	 0,247506689969109 
790	 0,248014018185207 
791	 0,248298270295357 
792	 0,248432522910357 
793	 0,248501784085241 
794	 0,248661173907983 
795	 0,248839981760018 
796	 0,248796894159083 
797	 0,248900358905047 
798	 0,249235188991769 
799	 0,249578121414594 
800	 0,249787721132506 
801	 0,249759542960494 
802	 0,249749500522771 
803	 0,249864342116352 
804	 0,250245424578309 
805	 0,250556169820834 
806	 0,250674503827135 
807	 0,250726665903624 
808	 0,2508682693017 
809	 0,251231024157697 
810	 0,251238730709904 
811	 0,251035040188367 
812	 0,251366508152237 
813	 0,251642555475701 
814	 0,251733660597446 
815	 0,252447468996591 
816	 0,253164586683007 
817	 0,253105411239951 
818	 0,253123310200423 
819	 0,253353090824279 
820	 0,253578259648539 
821	 0,253817392054427 
822	 0,254035101119316 
823	 0,253988228834097 
824	 0,253976104280812 
825	 0,25440021158631 
826	 0,254929788490197 
827	 0,255360825421597 
828	 0,255391180780299 
829	 0,25513494582763 
830	 0,254828976282116 
831	 0,255542150248942 
832	 0,256477071080659 
833	 0,256409993097372 
834	 0,256240196709979 
835	 0,256142758631247 
836	 0,255784644202047 
837	 0,256214494928463 
838	 0,257694370041085 
839	 0,257866904953789 
840	 0,25725317709178 
841	 0,256978350415051 
842	 0,25716040551652 
843	 0,257727263435948 
844	 0,258279728560728 
845	 0,258381959936542 
846	 0,257938421481053 
847	 0,258139610532825 
848	 0,25876721170824 
849	 0,259312415668136 
850	 0,259005304986365 
851	 0,258163280526857 
852	 0,25848255000119 
853	 0,259107108492849 
854	 0,259516426059726 
855	 0,259556311748767 
856	 0,259490825372638 
857	 0,259710602135695 
858	 0,260191177723972 
859	 0,260726945451735 
860	 0,260745261348579 
861	 0,260428924647017 
862	 0,260019265927013 
863	 0,260315148567481 
864	 0,260991218801819 
865	 0,261499184215756 
866	 0,261794942164595 
867	 0,261947400939477 
868	 0,262272928162752 
869	 0,262518914575717 
870	 0,262615260065509 
871	 0,262885951245113 
872	 0,26321429460087 
873	 0,263425025602727 
874	 0,263563893583079 
875	 0,263625426840897 
876	 0,263511337894519 
877	 0,263672394675327 
878	 0,264277477853224 
879	 0,265093798015789 
880	 0,265610121699491 
881	 0,265355681687571 
882	 0,265341353036751 
883	 0,265565384198072 
884	 0,265367193357535 
885	 0,265492858364305 
886	 0,266122978736299 
887	 0,266705279837671 
888	 0,267181670018403 
889	 0,267531697588378 
890	 0,26784535489786 
891	 0,2681483753434 
892	 0,268477668463587 
893	 0,268555602348027 
894	 0,268403802360422 
895	 0,268504533536989 
896	 0,268788739477499 
897	 0,269154505836257 
898	 0,269336449125457 
899	 0,269388931276832 
900	 0,269457965835888 
901	 0,270135263717222 
902	 0,271240812606862 
903	 0,271503997785195 
904	 0,271349630938119 
905	 0,271191880366185 
906	 0,27196062185733 
907	 0,272768678995489 
908	 0,272222518241096 
909	 0,271933840608242 
910	 0,272099200136721 
911	 0,271907093061934 
912	 0,272222722150977 
913	 0,273246476707779 
914	 0,273656583546994 
915	 0,27374995851867 
916	 0,273976235653792 
917	 0,273882067011218 
918	 0,273595997405598 
919	 0,273594467747491 
920	 0,273884114999337 
921	 0,274284074486233 
922	 0,273838475818198 
923	 0,273650460408064 
924	 0,274498162023523 
925	 0,274217747706551 
926	 0,273406596953565 
927	 0,273747630073064 
928	 0,274136455938109 
929	 0,274299802483876 
930	 0,274331117100636 
931	 0,274770548652086 
932	 0,27568196004793 
933	 0,275114732381281 
934	 0,274512474163537 
935	 0,275875779570863 
936	 0,275389770183582 
937	 0,273653315315641 
938	 0,274896646813294 
939	 0,275556340570271 
940	 0,274632336818957 
941	 0,274282013515675 
942	 0,274635741437087 
943	 0,275507478327189 
944	 0,27487768880125 
945	 0,273280698054333 
946	 0,272297641737497 
947	 0,272765137094846 
948	 0,274145632188626 
949	 0,273452056754666 
950	 0,272514555246357 
951	 0,272353601811477 
952	 0,272221655108173 
953	 0,271856412620874 
954	 0,271056738534022 
955	 0,270536254294461 
956	 0,270354584020554 
957	 0,270300903757932 
958	 0,269859719432808 
959	 0,268877537272826 
960	 0,267394862064964 
961	 0,267326453062637 
962	 0,269730203054179 
963	 0,27117229328923 
964	 0,270763857020415 
965	 0,268058338756691 
966	 0,268087875711859 
967	 0,270705396458219 
968	 0,271248986847708 
969	 0,270879949201303 
970	 0,270163428955287 
971	 0,269858297722173 
972	 0,269727858663217 
973	 0,269553725808659 
974	 0,270115989044786 
975	 0,270770497298989 
976	 0,270164966277937 
977	 0,270436459012418 
978	 0,271442370042149 
979	 0,270275174289083 
980	 0,270951640472425 
981	 0,274353846738782 
982	 0,273282649258786 
983	 0,270876699778326 
984	 0,270937129652822 
985	 0,272815394840097 
986	 0,275049955174468 
987	 0,275078032422859 
988	 0,273780467283631 
989	 0,272337891953581 
990	 0,273883297762292 
991	 0,275781875939326 
992	 0,276479613736547 
993	 0,275914443959395 
994	 0,275402463193371 
995	 0,276338457136165 
996	 0,278852480934313 
997	 0,281017821484357 
998	 0,279105010410644 
999	 0,280072956482456 
1000	 0,283449134799203 
1001	 0,279802094446558 
1002	 0,277519958173907 
1003	 0,279928450427097 
1004	 0,27934526358744 
1005	 0,278475698123568 
1006	 0,280346591260147 
1007	 0,282855874790983 
1008	 0,284375826938343 
1009	 0,2826806619794 
1010	 0,282802654280504 
1011	 0,285590424989704 
1012	 0,289222089288056 
1013	 0,291391222373521 
1014	 0,291235934723808 
1015	 0,291251892690633 
1016	 0,291174899735977 
1017	 0,290717091231484 
1018	 0,289696722846405 
1019	 0,290548061549808 
1020	 0,296525890463604 
1021	 0,295524934189173 
1022	 0,289124925105005 
1023	 0,289760117966758 
1024	 0,293169069813647 
1025	 0,297107077102112 
1026	 0,297614831273775 
1027	 0,297835606602429 
1028	 0,299481471676897 
1029	 0,298819024869911 
1030	 0,296707206982682 
1031	 0,294763173785432 
1032	 0,294846818773487 
1033	 0,296258328632936 
1034	 0,29677352548626 
1035	 0,296822293352606 
1036	 0,296084405631909 
1037	 0,292463830501332 
1038	 0,294155440287315 
1039	 0,30240260078085 
1040	 0,302704009993181 
1041	 0,301902736064135 
1042	 0,304961926621589 
1043	 0,299455339902792 
1044	 0,292937597460116 
1045	 0,297788098306182 
1046	 0,301290301362655 
1047	 0,30128876502816 
1048	 0,299409031350623 
1049	 0,29826830831792 
1050	 0,299121229006723 
1051	 0,302910605523961 
1052	 0,303185971077028 
1053	 0,299167266275719 
1054	 0,30690444733516 
1055	 0,312137735325581 
1056	 0,304041306520186 
1057	 0,305756484882934 
1058	 0,309845373026511 
1059	 0,302268419443595 
1060	 0,30618254548367 
1061	 0,316229121100423 
1062	 0,308665470303489 
1063	 0,309339736098973 
1064	 0,318813281676591 
1065	 0,311112020955854 
1066	 0,300914557199281 
1067	 0,298107251216283 
1068	 0,310444521222156 
1069	 0,323373214569074 
1070	 0,324501808331292 
1071	 0,315595625981576 
1072	 0,30418390903536 
1073	 0,299291216510328 
1074	 0,304620849788856 
1075	 0,311288707219531 
