Wavelength	AVEN00392.asd
325	 9,13491207619855E-02 
326	 0,22252743585842 
327	 0,299080447550961 
328	 0,253676324013334 
329	 0,255687943019063 
330	 0,277685748217317 
331	 0,287914134385294 
332	 0,254965592176748 
333	 0,21724479454579 
334	 0,270122675658713 
335	 0,287231100317191 
336	 0,247405965668381 
337	 0,23183106692412 
338	 0,250503690202763 
339	 0,306551191905334 
340	 0,27339241184194 
341	 0,199533984243247 
342	 0,217172906678589 
343	 0,273997087093071 
344	 0,324047670805468 
345	 0,252152182857286 
346	 0,161611694523024 
347	 0,178228151479475 
348	 0,220367790656598 
349	 0,253870258212566 
350	 0,238014966169288 
351	 0,210260228405365 
352	 0,195406712898045 
353	 0,21941315976666 
354	 0,252567547303215 
355	 0,261968465260386 
356	 0,250390995153264 
357	 0,231630603125223 
358	 0,243387147254496 
359	 0,255054725898625 
360	 0,251443548727366 
361	 0,230078038558359 
362	 0,210615591042503 
363	 0,215372719719452 
364	 0,23360007365581 
365	 0,254089895874361 
366	 0,261303553673126 
367	 0,26000981204291 
368	 0,253687476405601 
369	 0,249465030514541 
370	 0,246147231548837 
371	 0,240317918292754 
372	 0,228309902313106 
373	 0,217556799830277 
374	 0,242632872382641 
375	 0,258598609339908 
376	 0,235779951055821 
377	 0,232273561028477 
378	 0,243727214053473 
379	 0,238989099667955 
380	 0,241970444395197 
381	 0,254449727507339 
382	 0,255960527540634 
383	 0,245752206440212 
384	 0,225245613598129 
385	 0,211244325903703 
386	 0,210395853433574 
387	 0,231115272610854 
388	 0,242987085255782 
389	 0,238282351953883 
390	 0,25175427168196 
391	 0,262882436804413 
392	 0,246700083590887 
393	 0,241714425264926 
394	 0,24922559121895 
395	 0,243746576934483 
396	 0,242548023504797 
397	 0,251652961329424 
398	 0,249333832234011 
399	 0,239431792447357 
400	 0,230482471541108 
401	 0,238282461183651 
402	 0,257768108883566 
403	 0,257654182376919 
404	 0,249769239289626 
405	 0,24371377308534 
406	 0,245756613189297 
407	 0,251598719694641 
408	 0,251350993525062 
409	 0,250196130948989 
410	 0,248530019929021 
411	 0,240554066156976 
412	 0,235979615654912 
413	 0,243263693401887 
414	 0,250151662976102 
415	 0,253208789492574 
416	 0,250249527187583 
417	 0,247478631797236 
418	 0,248104758933631 
419	 0,255145673599191 
420	 0,25817100414816 
421	 0,244216880079158 
422	 0,240020398162175 
423	 0,247138405802496 
424	 0,248658437296942 
425	 0,249206999414223 
426	 0,250981316663056 
427	 0,248450506550494 
428	 0,244313642198504 
429	 0,244417725599889 
430	 0,244863093317815 
431	 0,24515244302874 
432	 0,247856267488607 
433	 0,251485168557522 
434	 0,254410756131515 
435	 0,252400630652337 
436	 0,248108467755601 
437	 0,250280763079277 
438	 0,251511416312892 
439	 0,249686573666721 
440	 0,251158005483627 
441	 0,252907175010231 
442	 0,250553998604657 
443	 0,248184738158239 
444	 0,247611630522088 
445	 0,251809718083823 
446	 0,253258633745971 
447	 0,248432063554158 
448	 0,250594464853763 
449	 0,25581403089951 
450	 0,253198225347335 
451	 0,253507658054458 
452	 0,257722646942122 
453	 0,254618025417378 
454	 0,251739857805322 
455	 0,256078666186193 
456	 0,258581752696952 
457	 0,258290717377879 
458	 0,257444253813612 
459	 0,256638374013369 
460	 0,256361285870594 
461	 0,2568215105573 
462	 0,257712009646086 
463	 0,258622503851668 
464	 0,25813544073391 
465	 0,25663019704278 
466	 0,2566159108896 
467	 0,257434860978609 
468	 0,258434165030308 
469	 0,257701499104946 
470	 0,256734437172862 
471	 0,25909339142015 
472	 0,261233919827075 
473	 0,261649923745696 
474	 0,259257415579086 
475	 0,257017528847049 
476	 0,257809153278973 
477	 0,25978603292879 
478	 0,261842106264727 
479	 0,262331853022538 
480	 0,261597956986251 
481	 0,260177976449803 
482	 0,260752897730515 
483	 0,261214559250802 
484	 0,257922155951747 
485	 0,257879585311193 
486	 0,261062795454298 
487	 0,259930628798542 
488	 0,258360919217718 
489	 0,259240029937444 
490	 0,2599282998281 
491	 0,259784056678439 
492	 0,258049817359519 
493	 0,257664834711146 
494	 0,2592676542976 
495	 0,25994116031805 
496	 0,259963697328589 
497	 0,259915964571291 
498	 0,259435036365371 
499	 0,258802059893172 
500	 0,258871744458415 
501	 0,25944551055898 
502	 0,260335486929686 
503	 0,260989303260306 
504	 0,261569956302404 
505	 0,262626752335864 
506	 0,262766807568562 
507	 0,261844462559914 
508	 0,260950065567019 
509	 0,261059530105053 
510	 0,26284353345836 
511	 0,263556794581172 
512	 0,263442794947689 
513	 0,264862487856054 
514	 0,264982557165273 
515	 0,2633498692427 
516	 0,26535072023268 
517	 0,268431647927031 
518	 0,26847188927233 
519	 0,267004555771557 
520	 0,26517464534893 
521	 0,265576855438299 
522	 0,266352407712083 
523	 0,266109002543898 
524	 0,265299588770138 
525	 0,264821791592751 
526	 0,266751592426346 
527	 0,267753998034966 
528	 0,266816566106828 
529	 0,265447321009621 
530	 0,264512986338769 
531	 0,26481013798763 
532	 0,26568387667519 
533	 0,266760582193279 
534	 0,267570561485254 
535	 0,26819123241038 
536	 0,268577562473702 
537	 0,268052096955603 
538	 0,267247066432052 
539	 0,267431228470679 
540	 0,267685968780621 
541	 0,267773012682801 
542	 0,267987252060449 
543	 0,268068596863893 
544	 0,267781832515865 
545	 0,267656119925128 
546	 0,267878990889997 
547	 0,26864693525165 
548	 0,269388033540031 
549	 0,269801839079724 
550	 0,270190112606075 
551	 0,270313080619457 
552	 0,269710648322483 
553	 0,269891217951343 
554	 0,270708909187258 
555	 0,269584956617199 
556	 0,268765667075826 
557	 0,270015563961481 
558	 0,270383211087101 
559	 0,269859604756161 
560	 0,269827193721536 
561	 0,269652536193714 
562	 0,269160817393955 
563	 0,268669813947245 
564	 0,268240103159986 
565	 0,267892778852668 
566	 0,268197127865174 
567	 0,26901826791325 
568	 0,269448687764278 
569	 0,269524316040601 
570	 0,269367962525261 
571	 0,26986394370313 
572	 0,2709578816379 
573	 0,272228780572523 
574	 0,273449486801495 
575	 0,274497166180769 
576	 0,275390445675832 
577	 0,276513536763501 
578	 0,278256571778834 
579	 0,279074037763744 
580	 0,279042988409975 
581	 0,279500506322121 
582	 0,28044797815136 
583	 0,281716783814577 
584	 0,281699334760888 
585	 0,281446984835281 
586	 0,283209548831379 
587	 0,28467188261411 
588	 0,285066156533977 
589	 0,28433004919473 
590	 0,284054751811865 
591	 0,285607556671337 
592	 0,286228247136559 
593	 0,286134953764983 
594	 0,28765885918297 
595	 0,288419244935505 
596	 0,28761123246956 
597	 0,287839877340738 
598	 0,288403036135377 
599	 0,28782965611231 
600	 0,287355569106168 
601	 0,287275743452421 
602	 0,287327468661601 
603	 0,28736038780089 
604	 0,287234731514272 
605	 0,286753166739447 
606	 0,286175731024918 
607	 0,286212909103538 
608	 0,286211713626755 
609	 0,285932787327432 
610	 0,2855907454635 
611	 0,285090342013753 
612	 0,28430073281547 
613	 0,28400576756357 
614	 0,284114987585795 
615	 0,283657805810111 
616	 0,283018647983404 
617	 0,282506315497191 
618	 0,282496870173392 
619	 0,282828756007138 
620	 0,283154707575567 
621	 0,28286118348306 
622	 0,281997281215775 
623	 0,281875124614249 
624	 0,282267672048551 
625	 0,282827354060467 
626	 0,282974816425464 
627	 0,282859110536571 
628	 0,283403248967422 
629	 0,283725784668923 
630	 0,283500752385735 
631	 0,283832613870794 
632	 0,284481035743895 
633	 0,284853077992632 
634	 0,285166969452209 
635	 0,285539336030066 
636	 0,286272933632588 
637	 0,286852882050199 
638	 0,2869154803724 
639	 0,287769586619008 
640	 0,289170036935315 
641	 0,289963509788582 
642	 0,290417034143321 
643	 0,290615538444785 
644	 0,290623580463468 
645	 0,290653743196446 
646	 0,290954281684456 
647	 0,291237154712725 
648	 0,291326112931464 
649	 0,290974097624885 
650	 0,290331318924956 
651	 0,289545413082635 
652	 0,288896588855957 
653	 0,288364801749967 
654	 0,287817332163572 
655	 0,287168693151579 
656	 0,286360194648287 
657	 0,28537574030322 
658	 0,284240826847922 
659	 0,282988416369744 
660	 0,281738618578783 
661	 0,280574906285437 
662	 0,279610345596691 
663	 0,278680273409847 
664	 0,277754584092558 
665	 0,277293170748924 
666	 0,27688987109724 
667	 0,275836450585477 
668	 0,274966590521188 
669	 0,274474357196244 
670	 0,274103909420563 
671	 0,27378365181189 
672	 0,273444484092702 
673	 0,272894346867643 
674	 0,272440311676479 
675	 0,272919625474739 
676	 0,273338513074436 
677	 0,273359921646962 
678	 0,273426240411869 
679	 0,273532757964254 
680	 0,273635735695688 
681	 0,274047997383156 
682	 0,27467219690623 
683	 0,274889404539406 
684	 0,275432234575472 
685	 0,276684292317541 
686	 0,277880024293342 
687	 0,279256027278734 
688	 0,281420532504114 
689	 0,283632161058153 
690	 0,285874458969225 
691	 0,289000967143213 
692	 0,292676595712254 
693	 0,296596040136331 
694	 0,301079938254427 
695	 0,306131480707014 
696	 0,311599254869507 
697	 0,317541439486282 
698	 0,323957024266064 
699	 0,330733145774749 
700	 0,337711104631659 
701	 0,344749584560067 
702	 0,351878774853382 
703	 0,35896234740078 
704	 0,365651745035132 
705	 0,372159634143167 
706	 0,37863777034505 
707	 0,385053445385059 
708	 0,391092369247873 
709	 0,396160553376179 
710	 0,401223021264278 
711	 0,406450547231458 
712	 0,411094988290277 
713	 0,415145250152153 
714	 0,418674774942346 
715	 0,422543904789432 
716	 0,426511116559033 
717	 0,429510305886188 
718	 0,432075800975789 
719	 0,434471492831238 
720	 0,436826145991294 
721	 0,439196561158357 
722	 0,441637233348888 
723	 0,443619511162322 
724	 0,445110347749432 
725	 0,446438890143741 
726	 0,447870366642703 
727	 0,449519457282872 
728	 0,45084737683406 
729	 0,45186746495726 
730	 0,45273052875315 
731	 0,453593607352312 
732	 0,454524720432877 
733	 0,455536894884217 
734	 0,456370785371038 
735	 0,4568392491412 
736	 0,457607443456345 
737	 0,458513422942025 
738	 0,458776439965995 
739	 0,459351314727405 
740	 0,460434192050488 
741	 0,460968333277383 
742	 0,461218411480966 
743	 0,461593907642315 
744	 0,462112200547478 
745	 0,4626852101271 
746	 0,462986981623121 
747	 0,463289705643989 
748	 0,463702805212845 
749	 0,46394212359277 
750	 0,463969547971601 
751	 0,463762835684702 
752	 0,46388272684901 
753	 0,464389900102862 
754	 0,464861949094547 
755	 0,465160596084196 
756	 0,46520219500956 
757	 0,465159021981266 
758	 0,465260287770587 
759	 0,465916718621146 
760	 0,466440512289758 
761	 0,46657278222331 
762	 0,466295929060544 
763	 0,466207808642173 
764	 0,466833731837901 
765	 0,467445872190211 
766	 0,46780209129552 
767	 0,46765148955274 
768	 0,467634660082215 
769	 0,468002830392872 
770	 0,468496229435756 
771	 0,468835613664682 
772	 0,468735394630682 
773	 0,468706822518143 
774	 0,468896145318162 
775	 0,469357078571454 
776	 0,469744218396986 
777	 0,469839769758765 
778	 0,469548562224956 
779	 0,469335923842474 
780	 0,469876773789413 
781	 0,470355650063957 
782	 0,470564185584873 
783	 0,470660684556868 
784	 0,470614497107979 
785	 0,470446229110911 
786	 0,470397665471014 
787	 0,470582856720846 
788	 0,471146389684359 
789	 0,471491997608061 
790	 0,471514551066524 
791	 0,471698176357579 
792	 0,471785356405103 
793	 0,471610743608526 
794	 0,471760695043614 
795	 0,472113605504433 
796	 0,472189232043583 
797	 0,472305709527187 
798	 0,47252527575638 
799	 0,472622090948056 
800	 0,472826596770211 
801	 0,473311014853272 
802	 0,47319093725667 
803	 0,472789824093217 
804	 0,473358432879617 
805	 0,473955102640992 
806	 0,474211312780821 
807	 0,47416058970453 
808	 0,474015007842442 
809	 0,474015042233448 
810	 0,47435952122098 
811	 0,474851693483328 
812	 0,47481590878961 
813	 0,474830860438339 
814	 0,475127866820637 
815	 0,475513669915511 
816	 0,475825746521993 
817	 0,475904428383792 
818	 0,476176048957988 
819	 0,476539785745352 
820	 0,47633478239322 
821	 0,476433889957437 
822	 0,477101114025238 
823	 0,477165667947682 
824	 0,476925110259771 
825	 0,476912738211934 
826	 0,476928422368955 
827	 0,477057108646703 
828	 0,477725351629878 
829	 0,47805609902737 
830	 0,477756586524846 
831	 0,478302095192782 
832	 0,478933785479018 
833	 0,478426990853659 
834	 0,478512135915131 
835	 0,479181497645146 
836	 0,478898313967269 
837	 0,47882562926563 
838	 0,479430707971648 
839	 0,479324649342817 
840	 0,478867771140473 
841	 0,478778628849212 
842	 0,478889625684665 
843	 0,479102713280693 
844	 0,479166627881649 
845	 0,479322417101377 
846	 0,47967877941485 
847	 0,480032182875125 
848	 0,480299033346771 
849	 0,480406463171656 
850	 0,480122937117584 
851	 0,479673960044691 
852	 0,479992595073099 
853	 0,48014242365828 
854	 0,479687909227556 
855	 0,479291159578762 
856	 0,479444738748643 
857	 0,480679685101448 
858	 0,480641414678846 
859	 0,479544802254527 
860	 0,480138587615679 
861	 0,480510915050106 
862	 0,479953657518394 
863	 0,480718028936493 
864	 0,481695293945539 
865	 0,481194033317003 
866	 0,480917572050736 
867	 0,48133920983732 
868	 0,482737188183735 
869	 0,483426167742642 
870	 0,482833808833515 
871	 0,483096595523059 
872	 0,483604265712454 
873	 0,483408092680023 
874	 0,483430648016714 
875	 0,483699802083975 
876	 0,483666321047846 
877	 0,48393741404466 
878	 0,48452744536477 
879	 0,483927086280746 
880	 0,483546848452742 
881	 0,484896470939232 
882	 0,485278993257577 
883	 0,484828540765737 
884	 0,485413636101481 
885	 0,485891617776775 
886	 0,485879041129237 
887	 0,48553067189173 
888	 0,485261940908415 
889	 0,485445580637867 
890	 0,485823511558182 
891	 0,486073669431496 
892	 0,485562845023765 
893	 0,485582881404003 
894	 0,486203584488656 
895	 0,485630055255281 
896	 0,485247223109996 
897	 0,486056855240555 
898	 0,486364461645981 
899	 0,486273637387406 
900	 0,486439432308328 
901	 0,486630897034903 
902	 0,486785934244183 
903	 0,486876596986021 
904	 0,486879405690473 
905	 0,486867559198977 
906	 0,487513580762169 
907	 0,488125747218601 
908	 0,487641185126783 
909	 0,487717110303297 
910	 0,48835248460579 
911	 0,48815942577404 
912	 0,488128250425902 
913	 0,488560570098338 
914	 0,488253574247168 
915	 0,488133509943043 
916	 0,489215522022086 
917	 0,489159073825616 
918	 0,488225552577824 
919	 0,488321329990586 
920	 0,488389805805252 
921	 0,488262374861032 
922	 0,488863964602578 
923	 0,489064088254122 
924	 0,48807216813832 
925	 0,488088927052367 
926	 0,488605742007467 
927	 0,488071322796008 
928	 0,487450213275477 
929	 0,487130422919549 
930	 0,48743154978875 
931	 0,488081317238766 
932	 0,4886672836366 
933	 0,487653178054676 
934	 0,486649733929558 
935	 0,487831875399976 
936	 0,488661660851871 
937	 0,488513442471542 
938	 0,487297895765453 
939	 0,486267575553309 
940	 0,486070022878137 
941	 0,48696283708688 
942	 0,487607469294128 
943	 0,48685580903966 
944	 0,48570576870281 
945	 0,484573640278177 
946	 0,483838053829067 
947	 0,484206204460341 
948	 0,485125411057079 
949	 0,483949067741226 
950	 0,482347009127486 
951	 0,481343220911865 
952	 0,480580352200342 
953	 0,480205064331488 
954	 0,48037385081699 
955	 0,480480562691341 
956	 0,480216497163265 
957	 0,479218097428813 
958	 0,478099669362678 
959	 0,477339804020868 
960	 0,477929544054486 
961	 0,478328626204765 
962	 0,477529864267574 
963	 0,477782141074012 
964	 0,478287454581157 
965	 0,477384986340241 
966	 0,477260310391961 
967	 0,477885552373103 
968	 0,477459528330888 
969	 0,476728442250338 
970	 0,476486762536891 
971	 0,479498270968233 
972	 0,480974403778455 
973	 0,476985050424485 
974	 0,475207820417535 
975	 0,475680971142719 
976	 0,476016656201299 
977	 0,476386749684983 
978	 0,476702839354698 
979	 0,476971574115259 
980	 0,477001003177916 
981	 0,476799544915391 
982	 0,477022733937745 
983	 0,477147697554731 
984	 0,476746203939163 
985	 0,478053749563781 
986	 0,479782482221099 
987	 0,478645476184547 
988	 0,478783784910341 
989	 0,480709719148316 
990	 0,481802144782374 
991	 0,482014560433028 
992	 0,481584079025445 
993	 0,482336765068792 
994	 0,48296626687062 
995	 0,482197913483528 
996	 0,483580703251373 
997	 0,485612480838663 
998	 0,484135826096556 
999	 0,48467335916817 
1000	 0,48728879511532 
1001	 0,486235239676454 
1002	 0,485724426420487 
1003	 0,487433971052898 
1004	 0,487776859737867 
1005	 0,488007403961 
1006	 0,489444437022726 
1007	 0,490464296082529 
1008	 0,48989312692372 
1009	 0,486158436248192 
1010	 0,48598493936179 
1011	 0,489993157050044 
1012	 0,494450109104872 
1013	 0,49472354816023 
1014	 0,490174528977682 
1015	 0,490168076956709 
1016	 0,491350779927213 
1017	 0,490731565473418 
1018	 0,491993879698572 
1019	 0,493731858941602 
1020	 0,493179322059429 
1021	 0,494352343316021 
1022	 0,496277670859775 
1023	 0,493091124196936 
1024	 0,49345311050528 
1025	 0,498519222610303 
1026	 0,499551501490563 
1027	 0,49783349808475 
1028	 0,495066993110034 
1029	 0,495316062033065 
1030	 0,497445980859654 
1031	 0,499316124140573 
1032	 0,498313363941171 
1033	 0,496223652350174 
1034	 0,497646421136439 
1035	 0,500241937971629 
1036	 0,502218129815019 
1037	 0,499431414532616 
1038	 0,500867333431667 
1039	 0,507394726464865 
1040	 0,50074560841713 
1041	 0,493299791504461 
1042	 0,495293869458925 
1043	 0,496859739960223 
1044	 0,496569970147108 
1045	 0,494562198398513 
1046	 0,50086314577136 
1047	 0,509937977015144 
1048	 0,504032985746535 
1049	 0,497362413590441 
1050	 0,496055304843932 
1051	 0,504799988760713 
1052	 0,510475345122863 
1053	 0,507397345162013 
1054	 0,506275265694609 
1055	 0,50762263253733 
1056	 0,511309294848964 
1057	 0,51817170685838 
1058	 0,518851525440314 
1059	 0,502364423678002 
1060	 0,497606004432064 
1061	 0,504152275374941 
1062	 0,506422001599076 
1063	 0,505566538637056 
1064	 0,501916118463819 
1065	 0,496590840786559 
1066	 0,49518248254065 
1067	 0,500644697087879 
1068	 0,511961413922614 
1069	 0,520706228795424 
1070	 0,519462015436857 
1071	 0,505853316456092 
1072	 0,492785854660156 
1073	 0,49491143687634 
1074	 0,499621736677438 
1075	 0,50015646230607 
