Wavelength	BELON00259.asd
325	-5,82296495653032E-02 
326	 5,7879066143529E-03 
327	 3,93171091633061E-02 
328	-1,32629343740136E-02 
329	-0,040027045300879 
330	-3,51526693780202E-03 
331	 9,89599007190987E-02 
332	 9,32787736445495E-02 
333	 4,09329923071995E-02 
334	 0,122487557585411 
335	 0,122190244380489 
336	 3,04912636345884E-02 
337	 1,14517253518696E-02 
338	 0,032872811106779 
339	 0,065877600395088 
340	 7,56698135456345E-02 
341	 5,73087733153701E-02 
342	 2,56859158968392E-02 
343	 3,12871887514686E-02 
344	 0,063148205860397 
345	-1,70524952284881E-02 
346	-6,67182717998213E-02 
347	 4,32310407687358E-02 
348	 5,86244319137778E-02 
349	-5,37260355079319E-03 
350	 1,0361334937021E-03 
351	 2,71511098884821E-02 
352	 0,04990892472256 
353	 0,045835726970479 
354	 2,93378440549675E-02 
355	 2,29383136045424E-02 
356	-4,30765054452846E-03 
357	-2,58116654229326E-02 
358	 6,11689997200727E-02 
359	 9,09959915985716E-02 
360	 7,28246587681783E-03 
361	-1,36775295303405E-02 
362	 1,56880417533051E-02 
363	 4,88428008104597E-02 
364	 0,05422749557819 
365	 3,21099572888514E-02 
366	 1,50257078360983E-02 
367	 2,12743681445467E-02 
368	 5,34908373312716E-02 
369	 0,049587270400965 
370	 2,66582176415845E-02 
371	 3,05045089884934E-02 
372	 3,36368722105434E-02 
373	 3,16784457435361E-02 
374	 3,94351060885146E-02 
375	 4,20305804450088E-02 
376	 0,030268574983546 
377	 3,31217914500175E-02 
378	 4,62363139474221E-02 
379	 5,40970191301548E-02 
380	 0,040310503132691 
381	 1,04999369417195E-02 
382	 2,80032826312397E-02 
383	 5,41651267704306E-02 
384	 5,18245045550956E-02 
385	 2,09275228611373E-02 
386	-0,014263468074864 
387	 6,42959146549075E-03 
388	 0,029934476929683 
389	 0,033870607754802 
390	 2,03969420079937E-02 
391	 1,05559060199819E-02 
392	 2,82768294987969E-02 
393	 3,48534330664739E-02 
394	 2,87884891575009E-02 
395	 3,22457530270797E-02 
396	 3,34516120046106E-02 
397	 2,79072684746805E-02 
398	 2,92282640693569E-02 
399	 3,14823825554727E-02 
400	 2,38199679144043E-02 
401	 1,62008314494341E-02 
402	 1,36812859277804E-02 
403	 2,47996774464758E-02 
404	 3,08594713777155E-02 
405	 2,10833021982948E-02 
406	 1,83140846725918E-02 
407	 2,09078234473995E-02 
408	 1,74025622920415E-02 
409	 2,26614987872946E-02 
410	 3,58870558164122E-02 
411	 3,32344320390015E-02 
412	 2,57437681923491E-02 
413	 2,45715306160082E-02 
414	 2,44469705773429E-02 
415	 2,44522507618135E-02 
416	 2,40522903207379E-02 
417	 2,54393173077475E-02 
418	 2,85070765260101E-02 
419	 2,75543439232591E-02 
420	 2,47952230179949E-02 
421	 2,36268729816585E-02 
422	 2,48855821654406E-02 
423	 2,67304599551268E-02 
424	 2,18186197441879E-02 
425	 2,04308688742292E-02 
426	 2,73728261798346E-02 
427	 2,66044312688242E-02 
428	 0,022280927351286 
429	 2,57290592506908E-02 
430	 2,75615578125086E-02 
431	 2,60286969854166E-02 
432	 2,58975661648923E-02 
433	 2,58405125690926E-02 
434	 2,46437564769494E-02 
435	 2,41887455198992E-02 
436	 2,49634185562717E-02 
437	 2,78943493334286E-02 
438	 2,78199219297165E-02 
439	 2,37386199032822E-02 
440	 2,32694591281632E-02 
441	 0,025082627713863 
442	 2,66229559642245E-02 
443	 2,70257640980097E-02 
444	 2,65464820811197E-02 
445	 2,73908567308947E-02 
446	 2,72191119079539E-02 
447	 2,50063654449778E-02 
448	 2,50213227364802E-02 
449	 2,63061134726045E-02 
450	 2,60655640579203E-02 
451	 2,47893329692118E-02 
452	 2,36323627850172E-02 
453	 2,74385519067576E-02 
454	 3,05390198502238E-02 
455	 2,78466905678697E-02 
456	 2,51992603188165E-02 
457	 2,41532016656633E-02 
458	 2,53690461862807E-02 
459	 2,74287580776157E-02 
460	 2,89558579663482E-02 
461	 2,63550520099961E-02 
462	 2,34189632515783E-02 
463	 2,55546389952357E-02 
464	 2,74669348493484E-02 
465	 2,73942986269746E-02 
466	 2,38319041644445E-02 
467	 2,20493399659074E-02 
468	 2,51556415774316E-02 
469	 2,73510969760715E-02 
470	 2,85143887979564E-02 
471	 3,05735433522154E-02 
472	 3,00472707337172E-02 
473	 2,68056475514856E-02 
474	 2,54473060568213E-02 
475	 2,50680948317979E-02 
476	 0,024628822465431 
477	 2,76641496058504E-02 
478	 3,18618362814984E-02 
479	 2,91896520115996E-02 
480	 2,73164955424703E-02 
481	 2,91476361341288E-02 
482	 2,77733952069246E-02 
483	 2,56351688702772E-02 
484	 2,74092319375145E-02 
485	 2,78861949477157E-02 
486	 2,63415059316132E-02 
487	 2,56081343731581E-02 
488	 2,46363994249733E-02 
489	 2,29493857600391E-02 
490	 2,48886971285224E-02 
491	 0,028004974135349 
492	 2,48816205257714E-02 
493	 2,42182968272013E-02 
494	 2,78146749397601E-02 
495	 2,80659761793826E-02 
496	 2,65678129845784E-02 
497	 2,57635161298448E-02 
498	 2,51789200724895E-02 
499	 0,024824139630523 
500	 2,46522867931659E-02 
501	 2,49725083412697E-02 
502	 2,59799920394443E-02 
503	 2,80470708222904E-02 
504	 2,96034248633121E-02 
505	 2,79150060341061E-02 
506	 2,63933743687901E-02 
507	 2,60358129170485E-02 
508	 2,59098944268899E-02 
509	 2,63664747660298E-02 
510	 2,76263064869616E-02 
511	 2,75603507888179E-02 
512	 2,68169306202298E-02 
513	 2,83845464977573E-02 
514	 2,88942289306972E-02 
515	 2,73572910403376E-02 
516	 2,73573894954983E-02 
517	 2,82429607764598E-02 
518	 2,85999185974968E-02 
519	 2,91098885852682E-02 
520	 2,95182034640127E-02 
521	 2,83562131487392E-02 
522	 2,75600466484351E-02 
523	 2,84113058405972E-02 
524	 0,028764803352774 
525	 0,028395423837169 
526	 2,74241282865278E-02 
527	 2,73846386097925E-02 
528	 2,85094178621265E-02 
529	 2,87387642233944E-02 
530	 2,84141976564605E-02 
531	 2,81219097963389E-02 
532	 2,81964587203243E-02 
533	 2,85233379661101E-02 
534	 2,83625280159459E-02 
535	 2,84514685194447E-02 
536	 2,91184908652293E-02 
537	 2,93243553492887E-02 
538	 2,90916686903365E-02 
539	 2,86718628447912E-02 
540	 2,87102474711017E-02 
541	 2,92379452126929E-02 
542	 2,93130207345586E-02 
543	 2,90597789682425E-02 
544	 2,86963697159734E-02 
545	 2,93083002901194E-02 
546	 0,030412349578566 
547	 3,00402481646659E-02 
548	 2,96720643135884E-02 
549	 2,99499945042043E-02 
550	 3,00162987257861E-02 
551	 2,98559719879302E-02 
552	 2,95876312469542E-02 
553	 2,92762424528858E-02 
554	 2,90683661432527E-02 
555	 2,94290242970798E-02 
556	 2,96406308338642E-02 
557	 0,029172228775042 
558	 2,93170462053661E-02 
559	 2,97747879600244E-02 
560	 2,90780661701134E-02 
561	 2,90105539215698E-02 
562	 2,99744108504044E-02 
563	 2,98016082417174E-02 
564	 2,90227134743744E-02 
565	 2,85826776724986E-02 
566	 2,89691731441641E-02 
567	 2,99146016960685E-02 
568	 0,029953252405148 
569	 2,98506809503831E-02 
570	 3,01345908693485E-02 
571	 3,04467084951177E-02 
572	 3,06680265475109E-02 
573	 3,06700551757739E-02 
574	 3,04848823115178E-02 
575	 3,02976737719593E-02 
576	 3,08478331625704E-02 
577	 3,18220570973142E-02 
578	 3,27914739668166E-02 
579	 3,32841379710206E-02 
580	 3,32382137560654E-02 
581	 3,28031268180664E-02 
582	 3,28180873627702E-02 
583	 3,36576843832981E-02 
584	 3,39718768974066E-02 
585	 3,40429020680633E-02 
586	 0,034735997081833 
587	 3,49426542129588E-02 
588	 3,46104032130812E-02 
589	 3,50129315415867E-02 
590	 3,57128887471348E-02 
591	 3,62166342902367E-02 
592	 3,60624287516324E-02 
593	 3,55400611226844E-02 
594	 3,57314610466103E-02 
595	 3,57685842601752E-02 
596	 3,53941318574873E-02 
597	 3,57106078958456E-02 
598	 3,61820272734639E-02 
599	 3,58429163515423E-02 
600	 3,57381287517918E-02 
601	 0,035917265857911 
602	 3,53504608765326E-02 
603	 3,49062334750053E-02 
604	 3,52490179203946E-02 
605	 0,035664138045844 
606	 3,57860447531905E-02 
607	 3,49377635233934E-02 
608	 3,46831779403398E-02 
609	 3,53717378411042E-02 
610	 3,51556477735422E-02 
611	 3,45556106702274E-02 
612	 3,44064950931816E-02 
613	 3,40699485894989E-02 
614	 3,36168323950409E-02 
615	 3,37800865769924E-02 
616	 3,38202924816242E-02 
617	 3,33417269132453E-02 
618	 3,33211261161512E-02 
619	 3,36349680125838E-02 
620	 3,37957235790987E-02 
621	 3,37093785225763E-02 
622	 3,34343285832155E-02 
623	 3,34854817809539E-02 
624	 3,37101152528018E-02 
625	 3,39045343006407E-02 
626	 3,37717151070523E-02 
627	 3,35013789924085E-02 
628	 3,38605012087545E-02 
629	 3,41461875181676E-02 
630	 3,40691285102645E-02 
631	 3,43422897019856E-02 
632	 0,034820063606996 
633	 3,51528682147677E-02 
634	 3,52418790829091E-02 
635	 3,51177503773429E-02 
636	 3,50065651693924E-02 
637	 3,52157854254752E-02 
638	 3,59598921800508E-02 
639	 3,66336880328171E-02 
640	 3,70944799499213E-02 
641	 3,73617838592216E-02 
642	 3,74081703138191E-02 
643	 0,037296168395874 
644	 3,73323666815474E-02 
645	 3,76685268623987E-02 
646	 3,84521330526129E-02 
647	 3,87914852606428E-02 
648	 3,85603949973862E-02 
649	 3,81955359289323E-02 
650	 3,80121323080076E-02 
651	 3,81666404689643E-02 
652	 3,79928465736825E-02 
653	 3,74327224643989E-02 
654	 3,64996920618872E-02 
655	 3,61562057709088E-02 
656	 3,65109883555326E-02 
657	 3,63288112022041E-02 
658	 3,56331025999492E-02 
659	 3,45705096613021E-02 
660	 3,40630282816284E-02 
661	 3,40618508096437E-02 
662	 3,37880475993271E-02 
663	 3,34042087070924E-02 
664	 3,29549207980036E-02 
665	 3,22745226144718E-02 
666	 3,16401735266867E-02 
667	 3,14702022596114E-02 
668	 3,17729187893026E-02 
669	 3,22853839390351E-02 
670	 3,20321439789989E-02 
671	 0,031680928025298 
672	 3,17726579358377E-02 
673	 3,18824681057959E-02 
674	 3,18684428466099E-02 
675	 3,15833954172556E-02 
676	 3,11275853005627E-02 
677	 3,06737950903519E-02 
678	 3,08320075529323E-02 
679	 0,031256804133659 
680	 3,14785607520449E-02 
681	 3,18608862669571E-02 
682	 3,23730721154879E-02 
683	 3,26995507941094E-02 
684	 3,29627689619491E-02 
685	 3,32262988171784E-02 
686	 3,32129795792438E-02 
687	 3,36292051344387E-02 
688	 3,58382583497919E-02 
689	 3,73237662074767E-02 
690	 3,76523637718868E-02 
691	 3,85537862927954E-02 
692	 0,040277713660609 
693	 4,29170306819747E-02 
694	 4,53485092352192E-02 
695	 4,76953341124077E-02 
696	 5,09013111852302E-02 
697	 5,42697653807275E-02 
698	 0,057670503208498 
699	 6,20665798092207E-02 
700	 6,68582773684379E-02 
701	 7,11835884171108E-02 
702	 7,56611602882014E-02 
703	 8,04032759179094E-02 
704	 8,54096189407923E-02 
705	 9,01727212924075E-02 
706	 9,44453850053596E-02 
707	 9,92948894421641E-02 
708	 0,10402126721995 
709	 0,107001671975351 
710	 0,110431315060005 
711	 0,114793993664798 
712	 0,118936857947506 
713	 0,122558197009125 
714	 0,125435588289965 
715	 0,127825120554227 
716	 0,130042536495593 
717	 0,132688691115857 
718	 0,135325162444524 
719	 0,137683301246942 
720	 0,139370838042145 
721	 0,140968279640975 
722	 0,143242901398456 
723	 0,144728103391631 
724	 0,145514920682765 
725	 0,147090200370877 
726	 0,148770617082459 
727	 0,150115736699255 
728	 0,151213242391169 
729	 0,151990761752358 
730	 0,152260622787944 
731	 0,152989920715524 
732	 0,154277403309057 
733	 0,155090862056314 
734	 0,155724669456271 
735	 0,156433084793114 
736	 0,156640250130784 
737	 0,156612654976062 
738	 0,157214764837902 
739	 0,157921039055012 
740	 0,158538071942286 
741	 0,15917450524941 
742	 0,159616856695938 
743	 0,159631199131478 
744	 0,159657583748845 
745	 0,159867420625405 
746	 0,160428380473149 
747	 0,160880482648482 
748	 0,161019403425274 
749	 0,161386836480498 
750	 0,161804499880459 
751	 0,161907610554911 
752	 0,161873921641925 
753	 0,161864089219039 
754	 0,162264613791654 
755	 0,162685619377265 
756	 0,162844464073479 
757	 0,162971269058208 
758	 0,163121355807678 
759	 0,163347535108152 
760	 0,163419952215435 
761	 0,163400315107184 
762	 0,163990665118398 
763	 0,164430049496287 
764	 0,164036263006301 
765	 0,163988726774408 
766	 0,164402323435016 
767	 0,16500689904219 
768	 0,165348259932993 
769	 0,165282095636386 
770	 0,165286487012979 
771	 0,165484708775793 
772	 0,165951470643232 
773	 0,165945308745634 
774	 0,165598554534215 
775	 0,165872907796194 
776	 0,166129190371217 
777	 0,166118650161674 
778	 0,166563514381922 
779	 0,167035490969969 
780	 0,166801679215403 
781	 0,16693850135063 
782	 0,167487902819214 
783	 0,167563051301128 
784	 0,167368830406356 
785	 0,167104673238336 
786	 0,167192052694643 
787	 0,16756188513035 
788	 0,167990414039761 
789	 0,168153927721749 
790	 0,168019730803431 
791	 0,167992860525577 
792	 0,167934644653572 
793	 0,167765169265083 
794	 0,167898879847403 
795	 0,168270599598977 
796	 0,168617876274709 
797	 0,168808681872977 
798	 0,16883393789372 
799	 0,168974301997327 
800	 0,169118348173719 
801	 0,169166084433711 
802	 0,169441318754036 
803	 0,169782029182655 
804	 0,169608602673808 
805	 0,169547192635099 
806	 0,1697332199584 
807	 0,169498483479778 
808	 0,169381386658796 
809	 0,169954124405585 
810	 0,170071570436791 
811	 0,16981759716053 
812	 0,170177452124873 
813	 0,170218332024994 
814	 0,169759011922527 
815	 0,170132635943942 
816	 0,170847537193217 
817	 0,17118584368808 
818	 0,171288040847657 
819	 0,171262933815818 
820	 0,171376297759776 
821	 0,171500797768433 
822	 0,171620605763718 
823	 0,172032970533364 
824	 0,172350188360899 
825	 0,172061390851855 
826	 0,172052797192517 
827	 0,172252800003321 
828	 0,171617386733579 
829	 0,171455106816269 
830	 0,172285071527817 
831	 0,17268517603425 
832	 0,172598013606244 
833	 0,172181755505554 
834	 0,172231141239732 
835	 0,172677655832189 
836	 0,172516199983707 
837	 0,172433349997978 
838	 0,172730943886191 
839	 0,172743986563902 
840	 0,172712873947869 
841	 0,17307009930652 
842	 0,173190312177836 
843	 0,173076425214374 
844	 0,173293163260953 
845	 0,17350178784754 
846	 0,173484675975897 
847	 0,173091901536645 
848	 0,172718346605323 
849	 0,172922576382131 
850	 0,173250923113603 
851	 0,173420840761846 
852	 0,172891126137487 
853	 0,172620630307527 
854	 0,173026608715407 
855	 0,172995516760367 
856	 0,172883315190399 
857	 0,173333104012453 
858	 0,173358844524834 
859	 0,173057760637371 
860	 0,173569027528303 
861	 0,173921997458586 
862	 0,173714050808518 
863	 0,173901881756902 
864	 0,174035986346739 
865	 0,173437988237527 
866	 0,173928386360772 
867	 0,17500664484997 
868	 0,173728345719594 
869	 0,172875448514051 
870	 0,173592915973647 
871	 0,173975891919842 
872	 0,174236567976361 
873	 0,174812641272999 
874	 0,174868105670127 
875	 0,174510633353572 
876	 0,174556891278437 
877	 0,174734774384435 
878	 0,174904932498935 
879	 0,17484326047777 
880	 0,174880591640312 
881	 0,175341164104855 
882	 0,175132614795568 
883	 0,174526718585534 
884	 0,174875692106112 
885	 0,174874054550322 
886	 0,17437859060552 
887	 0,175206508310321 
888	 0,175883551206442 
889	 0,175090574422325 
890	 0,175267795928882 
891	 0,176204820240345 
892	 0,176495836154941 
893	 0,176535868154294 
894	 0,176396696412896 
895	 0,176060754155916 
896	 0,175425295499232 
897	 0,174549213839276 
898	 0,174675758083753 
899	 0,175384979381448 
900	 0,17557776201381 
901	 0,175744512095323 
902	 0,175938256437088 
903	 0,175917999410944 
904	 0,17595866633517 
905	 0,176221938320982 
906	 0,176586087366313 
907	 0,176684031180718 
908	 0,176044999211701 
909	 0,176102907098482 
910	 0,176792845876708 
911	 0,176759544920198 
912	 0,176412301272556 
913	 0,176027781948992 
914	 0,176129042828524 
915	 0,176209457682449 
916	 0,175728978936536 
917	 0,176406720709819 
918	 0,177556778231027 
919	 0,176528507612566 
920	 0,175892682869225 
921	 0,176341478114937 
922	 0,176640324046496 
923	 0,176440331838677 
924	 0,175646730538056 
925	 0,175918107189707 
926	 0,176692871683876 
927	 0,176501662968199 
928	 0,175738894515147 
929	 0,174846499388656 
930	 0,174923985752758 
931	 0,175533204989651 
932	 0,176204206740348 
933	 0,175777710963967 
934	 0,174983838275123 
935	 0,174927749628237 
936	 0,175075024410312 
937	 0,175274727566158 
938	 0,175481674232748 
939	 0,175346991122666 
940	 0,174739205645608 
941	 0,173767316741303 
942	 0,173026062884021 
943	 0,172985443946576 
944	 0,172943312083999 
945	 0,172728889853038 
946	 0,172292449163701 
947	 0,171426259052236 
948	 0,170483071027787 
949	 0,170872869524286 
950	 0,171379753478931 
951	 0,171193289017097 
952	 0,17003454721579 
953	 0,169048034962936 
954	 0,169548862197897 
955	 0,169060485251368 
956	 0,167957621422577 
957	 0,168672438042071 
958	 0,168710228470372 
959	 0,16754319427103 
960	 0,166857006664073 
961	 0,166872164283433 
962	 0,167447060885543 
963	 0,166242735716074 
964	 0,164562360953902 
965	 0,164847191232841 
966	 0,165690994688011 
967	 0,166489191351243 
968	 0,166661157591312 
969	 0,166021567452766 
970	 0,164898293563346 
971	 0,16542615765351 
972	 0,166201911911322 
973	 0,165886083832037 
974	 0,165569268810839 
975	 0,166065342987251 
976	 0,168565329026793 
977	 0,16826528697935 
978	 0,165063764349231 
979	 0,163277070446726 
980	 0,163414945648888 
981	 0,165451429752799 
982	 0,167283615550531 
983	 0,167726763820967 
984	 0,166061783724857 
985	 0,165545808335705 
986	 0,166106463574456 
987	 0,166260540148396 
988	 0,167611529198346 
989	 0,16966888817584 
990	 0,169333064581924 
991	 0,168455721999966 
992	 0,168178149536505 
993	 0,168929459526382 
994	 0,169177899485062 
995	 0,167603816987343 
996	 0,168600995043784 
997	 0,170814668583974 
998	 0,170095127731039 
999	 0,169297060403078 
1000	 0,169427308440716 
1001	 0,171304529476171 
1002	 0,171638851239356 
1003	 0,169395435777757 
1004	 0,16918663624647 
1005	 0,169624399933615 
1006	 0,169238184486887 
1007	 0,171057817657129 
1008	 0,174070194648797 
1009	 0,175705426642335 
1010	 0,175720550545585 
1011	 0,174422671701638 
1012	 0,17301453591595 
1013	 0,172843259026759 
1014	 0,174251011064138 
1015	 0,175572464109367 
1016	 0,175098692678707 
1017	 0,172165999719869 
1018	 0,173197416785869 
1019	 0,176123814835471 
1020	 0,176447923104278 
1021	 0,176191312294045 
1022	 0,176425597150087 
1023	 0,179305041549155 
1024	 0,179576831548805 
1025	 0,176527752382405 
1026	 0,176112105899036 
1027	 0,175580559040945 
1028	 0,173656173887007 
1029	 0,174790127047278 
1030	 0,177568033114577 
1031	 0,179657324239811 
1032	 0,179646160431257 
1033	 0,17860848083941 
1034	 0,179472971374048 
1035	 0,178286173668955 
1036	 0,175559285389282 
1037	 0,176916959729373 
1038	 0,178062814373939 
1039	 0,177057293011865 
1040	 0,174317287966592 
1041	 0,174342923557343 
1042	 0,1798263302218 
1043	 0,181645508007881 
1044	 0,181629425998577 
1045	 0,184049115444463 
1046	 0,188037788073891 
1047	 0,190673569054166 
1048	 0,185654218669837 
1049	 0,184877882223415 
1050	 0,188214163064315 
1051	 0,178847305237911 
1052	 0,177017271982731 
1053	 0,189292285236838 
1054	 0,192886774732144 
1055	 0,189625078338117 
1056	 0,183000636254508 
1057	 0,179277000843021 
1058	 0,175135413562089 
1059	 0,165136512093297 
1060	 0,16944154294171 
1061	 0,182079664361478 
1062	 0,179307735123873 
1063	 0,178882247092675 
1064	 0,184605747436595 
1065	 0,191065127437387 
1066	 0,194797569654108 
1067	 0,193074090658173 
1068	 0,181127245248846 
1069	 0,16943237519993 
1070	 0,167649755169359 
1071	 0,174282252115838 
1072	 0,183640938519229 
1073	 0,188577952084316 
1074	 0,187306221859258 
1075	 0,179960666327324 
