Wavelength	BELON00130.asd
325	-2,85265397567952E-02 
326	 3,32220274369035E-02 
327	 8,24303179106187E-02 
328	 7,96235186088553E-02 
329	-4,38254075576591E-02 
330	-9,34289723258015E-02 
331	 7,68452519138228E-02 
332	 5,37310702361832E-02 
333	-5,99654045742841E-02 
334	 6,08670363589496E-02 
335	 0,13006026012052 
336	 9,49069639851589E-02 
337	 1,52603386507811E-02 
338	-4,65935481683647E-02 
339	-4,66078103873379E-02 
340	 2,68854474118648E-02 
341	 8,83448313240885E-02 
342	 3,18449926801794E-03 
343	-1,54717839230896E-02 
344	 5,62255545006293E-02 
345	 3,76596951963914E-02 
346	 9,37577692686004E-03 
347	 5,42710646055036E-02 
348	 8,45042706702704E-02 
349	 8,79666941538266E-02 
350	 7,66800829261332E-02 
351	 6,42825401527816E-02 
352	 5,40453625254282E-02 
353	 0,027993466907164 
354	-1,01726960448818E-02 
355	-0,046811865725173 
356	-2,37142234620509E-02 
357	 3,56166456320863E-02 
358	 4,44503605450034E-02 
359	 2,91328705257429E-02 
360	 6,82587716522928E-03 
361	 1,21662941135804E-02 
362	 2,59318905967519E-02 
363	 1,57918109048618E-02 
364	 1,87298622356805E-02 
365	 2,94249562961476E-02 
366	-7,27961260345359E-03 
367	-1,63822479375692E-02 
368	 3,42271256254785E-02 
369	 2,80463037472872E-02 
370	-8,54180329642841E-03 
371	-1,4581877894013E-03 
372	 1,60234024777644E-02 
373	 3,03391210772766E-02 
374	 2,59500112582949E-02 
375	 1,96034247555182E-02 
376	 2,45095676374781E-02 
377	 3,42429853985576E-02 
378	 4,05450927144767E-02 
379	 2,71948196989617E-02 
380	 0,01590142842073 
381	 1,46433478122967E-02 
382	 2,61556924708985E-02 
383	 3,42983435474426E-02 
384	 2,61626781913178E-02 
385	 1,66363244829699E-02 
386	 1,19640851336961E-02 
387	 1,88153499822687E-02 
388	 2,94989700023372E-02 
389	 3,83227525586675E-02 
390	 3,64947486806489E-02 
391	 2,99608411434992E-02 
392	 2,65391639734998E-02 
393	 2,42786590249715E-02 
394	 2,27838654751074E-02 
395	 2,13162133541788E-02 
396	 1,96986285385707E-02 
397	 1,97668054645074E-02 
398	 3,70868676904361E-02 
399	 5,10807680332514E-02 
400	 0,029271823299845 
401	 1,68552560400198E-02 
402	 2,17255102047373E-02 
403	 2,55422378807693E-02 
404	 0,026260559326083 
405	 0,023000500245763 
406	 1,88112009033543E-02 
407	 1,58946755378289E-02 
408	 1,65231649906846E-02 
409	 2,25857602110216E-02 
410	 3,18880394929789E-02 
411	 3,28257481718425E-02 
412	 2,81222771542466E-02 
413	 2,13105407891318E-02 
414	 1,47668864992047E-02 
415	 1,16888525406695E-02 
416	 1,85018193501426E-02 
417	 2,56640130711197E-02 
418	 2,82305808174011E-02 
419	 2,30880158245979E-02 
420	 1,76035114492874E-02 
421	 2,12109132528921E-02 
422	 2,30741580364223E-02 
423	 2,14226345466051E-02 
424	 1,85537231032473E-02 
425	 1,81559232930425E-02 
426	 2,17141835319507E-02 
427	 2,11560133662708E-02 
428	 1,86939049913267E-02 
429	 2,01767959083939E-02 
430	 2,18078811266119E-02 
431	 2,26597960616756E-02 
432	 2,39499117551937E-02 
433	 2,42304458670931E-02 
434	 2,23467943357928E-02 
435	 2,03282708024731E-02 
436	 1,99118788497026E-02 
437	 2,45023767825869E-02 
438	 2,78805363773881E-02 
439	 2,79441311084549E-02 
440	 2,99780887171318E-02 
441	 0,030247310275864 
442	 2,36044586355044E-02 
443	 2,15596003905647E-02 
444	 2,52589209893794E-02 
445	 2,88236910415848E-02 
446	 2,94356189192892E-02 
447	 2,58687108784073E-02 
448	 2,42667290109765E-02 
449	 0,024501071130532 
450	 2,44642905333411E-02 
451	 2,49394836486343E-02 
452	 2,59827384246401E-02 
453	 2,73856739201806E-02 
454	 2,77788964852147E-02 
455	 2,60984251137518E-02 
456	 0,025382800612481 
457	 2,56059161112351E-02 
458	 2,46552910898297E-02 
459	 0,025443695045729 
460	 2,80244674343272E-02 
461	 2,44600339860894E-02 
462	 2,09311047500023E-02 
463	 2,65183536656627E-02 
464	 2,87195610646263E-02 
465	 2,59998826933254E-02 
466	 0,024251862303815 
467	 0,0248212266052 
468	 2,80967902526275E-02 
469	 2,86420911164264E-02 
470	 2,76069087410597E-02 
471	 2,92348042436053E-02 
472	 2,86861140698584E-02 
473	 2,56308526853099E-02 
474	 2,57815000917008E-02 
475	 2,68001123221974E-02 
476	 0,02620776832252 
477	 2,78380075402523E-02 
478	 3,05306601273336E-02 
479	 2,91662152928236E-02 
480	 2,81101895125461E-02 
481	 2,89086523378385E-02 
482	 2,70322290105965E-02 
483	 2,45900233864952E-02 
484	 2,52939307051043E-02 
485	 2,70824395310223E-02 
486	 2,87799094055787E-02 
487	 2,86163842369004E-02 
488	 2,68519061577391E-02 
489	 2,41618978609791E-02 
490	 2,52061430772308E-02 
491	 2,81753697274612E-02 
492	 2,71781030095751E-02 
493	 2,67164598104821E-02 
494	 2,79355620312167E-02 
495	 0,028589826342443 
496	 2,84100007687089E-02 
497	 2,73131897486487E-02 
498	 2,66453876194188E-02 
499	 2,64289222494578E-02 
500	 2,54198922272494E-02 
501	 2,50321939541486E-02 
502	 2,61188240768326E-02 
503	 2,88639578362481E-02 
504	 3,12175209020751E-02 
505	 2,97045250952022E-02 
506	 2,82980038010032E-02 
507	 2,80478527268882E-02 
508	 0,027632994619003 
509	 2,72922230171282E-02 
510	 2,73183132527887E-02 
511	 0,028226195092921 
512	 2,99190664294747E-02 
513	 0,032392955054377 
514	 3,27024091502718E-02 
515	 3,02984560735959E-02 
516	 3,06942884437777E-02 
517	 3,25711238142663E-02 
518	 3,33555137303252E-02 
519	 3,27403486261276E-02 
520	 3,14581408267147E-02 
521	 3,27089528184203E-02 
522	 3,37059577861205E-02 
523	 0,032598076018615 
524	 3,26274375971928E-02 
525	 3,34721142576775E-02 
526	 3,31233746532039E-02 
527	 3,35718419242833E-02 
528	 3,48906177733839E-02 
529	 3,37680626493809E-02 
530	 0,032225201804968 
531	 3,27967158970641E-02 
532	 3,34434983597353E-02 
533	 3,36518089923892E-02 
534	 3,32575627225727E-02 
535	 3,32417964501788E-02 
536	 3,40069719722121E-02 
537	 0,03359249735322 
538	 3,28062192172748E-02 
539	 0,03362858335556 
540	 3,43347997433279E-02 
541	 3,44093211220644E-02 
542	 3,41387093120893E-02 
543	 3,38901013175352E-02 
544	 0,034013953241575 
545	 3,47052522393457E-02 
546	 3,54267394446523E-02 
547	 3,44982041217379E-02 
548	 3,41543505926136E-02 
549	 3,52683634519593E-02 
550	 3,55829914308599E-02 
551	 3,54556977824332E-02 
552	 3,58755982211856E-02 
553	 3,55781397787213E-02 
554	 3,47559704955496E-02 
555	 3,56942355973977E-02 
556	 3,63018281277953E-02 
557	 3,49727019086922E-02 
558	 3,47261025224067E-02 
559	 3,54343190029782E-02 
560	 3,53757360209714E-02 
561	 3,52611049386801E-02 
562	 3,53504736232235E-02 
563	 3,57489838408741E-02 
564	 3,58476876616399E-02 
565	 3,48332649580553E-02 
566	 3,53370436499529E-02 
567	 3,70438221189301E-02 
568	 3,63336558443398E-02 
569	 3,54677358614317E-02 
570	 3,60297312887237E-02 
571	 3,71135226904594E-02 
572	 3,80555238268968E-02 
573	 3,77084423496621E-02 
574	 3,74693658132331E-02 
575	 3,78758951187224E-02 
576	 3,88327737761967E-02 
577	 0,039714396491367 
578	 3,98469106905602E-02 
579	 4,00158343173547E-02 
580	 4,03212190253144E-02 
581	 4,04099736206035E-02 
582	 0,040737543652634 
583	 4,14752540266386E-02 
584	 4,17506768338997E-02 
585	 4,19227475823879E-02 
586	 4,28250122281144E-02 
587	 4,37767371522305E-02 
588	 4,44343853605943E-02 
589	 4,42682271687388E-02 
590	 0,044232416856781 
591	 4,51587455328064E-02 
592	 4,52939014109237E-02 
593	 4,48615724174988E-02 
594	 4,54753789536812E-02 
595	 4,59375004935377E-02 
596	 4,57396050073909E-02 
597	 4,53863352420015E-02 
598	 4,52112507215589E-02 
599	 4,56345891954128E-02 
600	 4,56074872284365E-02 
601	 4,50822092605409E-02 
602	 0,045119774163445 
603	 4,52622675404331E-02 
604	 4,51383515373292E-02 
605	 4,50395940505135E-02 
606	 4,48642576877976E-02 
607	 4,42115072005463E-02 
608	 4,36852002229301E-02 
609	 4,35859685290788E-02 
610	 4,41449743428708E-02 
611	 4,44989535623853E-02 
612	 4,35931728089843E-02 
613	 0,042929481106398 
614	 4,28202126813947E-02 
615	 0,042906957132218 
616	 4,31482460968002E-02 
617	 4,34053706868012E-02 
618	 4,28105715233084E-02 
619	 0,041993325184659 
620	 4,24933372780321E-02 
621	 4,24245364503528E-02 
622	 4,15421214193321E-02 
623	 4,17243536768807E-02 
624	 4,25378949902037E-02 
625	 4,33844073651677E-02 
626	 4,34872811415044E-02 
627	 4,31474360452549E-02 
628	 4,38716909738605E-02 
629	 4,43064007860593E-02 
630	 4,39057323127329E-02 
631	 4,41204827949547E-02 
632	 4,45834121620029E-02 
633	 4,44199967553297E-02 
634	 4,43005903486674E-02 
635	 4,44896425198152E-02 
636	 4,52373982673821E-02 
637	 0,045915622447757 
638	 4,60279203906009E-02 
639	 0,046471422688481 
640	 4,70764046863723E-02 
641	 0,046939485519408 
642	 4,70883804295318E-02 
643	 0,047802606036563 
644	 4,80488290144643E-02 
645	 4,81393503868993E-02 
646	 4,86024115444437E-02 
647	 4,86387791812773E-02 
648	 4,83489040029609E-02 
649	 0,048897470696424 
650	 0,048940433234151 
651	 4,77369968340713E-02 
652	 4,73025607016557E-02 
653	 4,73589248185884E-02 
654	 4,67040086521573E-02 
655	 4,59720461759932E-02 
656	 4,54182828293008E-02 
657	 4,53443756010155E-02 
658	 4,50285215102443E-02 
659	 4,37573925530649E-02 
660	 0,042894680843863 
661	 4,25325872394752E-02 
662	 4,20402205714538E-02 
663	 4,14190517974961E-02 
664	 4,07049795137918E-02 
665	 4,03197641080524E-02 
666	 3,99652336553882E-02 
667	 3,90576922574666E-02 
668	 3,89732783124477E-02 
669	 3,97061835242819E-02 
670	 3,96349119984102E-02 
671	 3,93476427979661E-02 
672	 3,93414914797537E-02 
673	 0,039341484150898 
674	 3,93147209987411E-02 
675	 3,92961340599733E-02 
676	 3,91588490060375E-02 
677	 3,89177978612432E-02 
678	 3,88395352854516E-02 
679	 3,91268194021633E-02 
680	 3,99696134749542E-02 
681	 4,03094487789531E-02 
682	 0,040182523363673 
683	 0,040568662217713 
684	 4,11287758089775E-02 
685	 4,16628538436576E-02 
686	 4,21062815781897E-02 
687	 4,28016945988495E-02 
688	 4,43733009347687E-02 
689	 4,59911649675004E-02 
690	 4,74103299556418E-02 
691	 4,87711113225768E-02 
692	 5,04468153280531E-02 
693	 5,27683185809539E-02 
694	 0,05556206528932 
695	 5,87696758585607E-02 
696	 6,23406960110066E-02 
697	 0,066222997785846 
698	 7,02927952617115E-02 
699	 7,40018699810192E-02 
700	 7,79652761439831E-02 
701	 8,30227188391805E-02 
702	 8,79574560024363E-02 
703	 9,25727952971727E-02 
704	 9,74506714339357E-02 
705	 0,102161530701526 
706	 0,106470914132963 
707	 0,110956623156108 
708	 0,115302526506702 
709	 0,118745121052462 
710	 0,122458846204569 
711	 0,1266062724493 
712	 0,130207550317128 
713	 0,133281669670952 
714	 0,135926766118973 
715	 0,138847904017591 
716	 0,141807926152104 
717	 0,143731411208125 
718	 0,145867977440686 
719	 0,148518360853377 
720	 0,150083878176254 
721	 0,151374512396572 
722	 0,15358572621569 
723	 0,155306209447594 
724	 0,156391573567071 
725	 0,157457971945604 
726	 0,158822063356231 
727	 0,160514132370479 
728	 0,160972088934674 
729	 0,160808967773141 
730	 0,161455050601149 
731	 0,162513122258256 
732	 0,163717313854449 
733	 0,164409402012722 
734	 0,164810020216238 
735	 0,165140998756342 
736	 0,165327141023379 
737	 0,165568039298304 
738	 0,166412655028807 
739	 0,166897773241513 
740	 0,166838777220596 
741	 0,167511572343338 
742	 0,168241745963762 
743	 0,168154918418831 
744	 0,168188848454418 
745	 0,168489873769643 
746	 0,168786099702714 
747	 0,169197372867722 
748	 0,169690002101018 
749	 0,169632028951703 
750	 0,16936057389621 
751	 0,169494282754461 
752	 0,169810811805487 
753	 0,170156683302428 
754	 0,170162722563084 
755	 0,170205095737634 
756	 0,170526216005333 
757	 0,170625898041737 
758	 0,170604759804278 
759	 0,170818520149263 
760	 0,17108083102127 
761	 0,171298124705336 
762	 0,171300989570315 
763	 0,171381336134958 
764	 0,171781738870855 
765	 0,17175294652731 
766	 0,171457039944907 
767	 0,171700006487656 
768	 0,171904012105075 
769	 0,171891845941934 
770	 0,172016888653617 
771	 0,172158867779419 
772	 0,172150024244206 
773	 0,172194509158033 
774	 0,172370665028314 
775	 0,172820239737929 
776	 0,172990815900987 
777	 0,172690228359512 
778	 0,172799662709892 
779	 0,173109975186244 
780	 0,173166560396387 
781	 0,173228018273787 
782	 0,173299427469845 
783	 0,173150137162581 
784	 0,173125217184572 
785	 0,173421644407325 
786	 0,173633859999735 
787	 0,173754444956052 
788	 0,173877662927491 
789	 0,174073457918811 
790	 0,174289949453934 
791	 0,174224788460329 
792	 0,174074986715314 
793	 0,174027979042447 
794	 0,174214544279059 
795	 0,174552002331617 
796	 0,174841523728408 
797	 0,174949669601014 
798	 0,174850230093706 
799	 0,174691719333713 
800	 0,17467281379263 
801	 0,174944384826501 
802	 0,175008516302662 
803	 0,175031788435707 
804	 0,175768584662605 
805	 0,176145805422131 
806	 0,175838784364215 
807	 0,175450532086993 
808	 0,175375775484743 
809	 0,175926643303891 
810	 0,175675192799917 
811	 0,175003013225173 
812	 0,175895272447224 
813	 0,17654136739336 
814	 0,176270426312329 
815	 0,17601081042999 
816	 0,176048038995574 
817	 0,176595599365533 
818	 0,176703772041074 
819	 0,176425630510045 
820	 0,176641366332469 
821	 0,176783700510732 
822	 0,176691331722991 
823	 0,177141715534042 
824	 0,177561360092095 
825	 0,177146056443182 
826	 0,176934966506998 
827	 0,177096313610059 
828	 0,177347998955139 
829	 0,177371705519884 
830	 0,177056391085045 
831	 0,17697861252385 
832	 0,177000388770357 
833	 0,176845353493145 
834	 0,176942483938837 
835	 0,177208636027084 
836	 0,177009205293599 
837	 0,176935750706457 
838	 0,177219211299209 
839	 0,177007918111333 
840	 0,176838325351318 
841	 0,177574921132621 
842	 0,177929354125876 
843	 0,177748352423317 
844	 0,177676230242814 
845	 0,177728302174992 
846	 0,177879601056494 
847	 0,177831209341079 
848	 0,177517383167083 
849	 0,176903830431281 
850	 0,176948731612665 
851	 0,17759196630318 
852	 0,177766018607766 
853	 0,177926086239591 
854	 0,178207066582316 
855	 0,177850056205179 
856	 0,177406504359502 
857	 0,177717601993937 
858	 0,177536766544415 
859	 0,177001734331242 
860	 0,177565777564417 
861	 0,178079102450609 
862	 0,178014101722567 
863	 0,17818771921225 
864	 0,178292758439086 
865	 0,177851799695941 
866	 0,178318251295832 
867	 0,179238559846842 
868	 0,178110929758446 
869	 0,177258285179385 
870	 0,17765881194527 
871	 0,177877020545645 
872	 0,177865543306194 
873	 0,177738216073029 
874	 0,177885195227786 
875	 0,178274196043554 
876	 0,178535480875969 
877	 0,178831718188566 
878	 0,179087612779468 
879	 0,178526763272205 
880	 0,178096962184699 
881	 0,178785775021909 
882	 0,17857380139936 
883	 0,177759687380291 
884	 0,178233320868959 
885	 0,17864626008556 
886	 0,17864486293261 
887	 0,179031633296145 
888	 0,179332347261768 
889	 0,179088280479267 
890	 0,178663631295121 
891	 0,1783763844168 
892	 0,178731000725296 
893	 0,17922398112432 
894	 0,179576185008913 
895	 0,179523114502964 
896	 0,179029823484837 
897	 0,178199307720654 
898	 0,178043934229324 
899	 0,178425026839843 
900	 0,178818626387896 
901	 0,178445513809426 
902	 0,177608030411929 
903	 0,178421312119507 
904	 0,179114790629412 
905	 0,178722395652814 
906	 0,179102422676496 
907	 0,179411848586013 
908	 0,178189141723944 
909	 0,177992017028763 
910	 0,178822100823995 
911	 0,178534984153301 
912	 0,178447654036891 
913	 0,179041654727629 
914	 0,179365552441518 
915	 0,179501016032465 
916	 0,179651474832909 
917	 0,180299268391893 
918	 0,180971776404212 
919	 0,180295365613197 
920	 0,17915774663602 
921	 0,178149615389431 
922	 0,178264336111869 
923	 0,178770909759333 
924	 0,178982160045726 
925	 0,178930215945771 
926	 0,17884001584249 
927	 0,179174521043248 
928	 0,178672659894314 
929	 0,177518214815209 
930	 0,177564676892377 
931	 0,178497814406534 
932	 0,179774779216002 
933	 0,179250312566892 
934	 0,17795342136765 
935	 0,177526593968078 
936	 0,177150456399819 
937	 0,176839632693007 
938	 0,177029977954074 
939	 0,177388881057087 
940	 0,177700880439127 
941	 0,177697085016955 
942	 0,177577338976392 
943	 0,177491177516006 
944	 0,176864092994897 
945	 0,176016708427409 
946	 0,175675679254955 
947	 0,175660459334263 
948	 0,175717169899899 
949	 0,175151346892516 
950	 0,174383780546983 
951	 0,173699947342881 
952	 0,173076868501112 
953	 0,172922361388764 
954	 0,173641168303848 
955	 0,173797258422313 
956	 0,17322189220972 
957	 0,172286702889654 
958	 0,171824910456835 
959	 0,171996729865562 
960	 0,17186434454999 
961	 0,17156793713178 
962	 0,171278557266757 
963	 0,171446823312453 
964	 0,171294803651031 
965	 0,169586805522945 
966	 0,169096247282836 
967	 0,169786326612475 
968	 0,169080028953144 
969	 0,169241157781116 
970	 0,170533639639981 
971	 0,168948269599519 
972	 0,167703375382855 
973	 0,169700341879277 
974	 0,171253635438849 
975	 0,171942955842227 
976	 0,17227282974074 
977	 0,170752908872395 
978	 0,168140652000232 
979	 0,168021986255443 
980	 0,169348795195953 
981	 0,171117254327044 
982	 0,170823821304042 
983	 0,170061314246019 
984	 0,170622850171257 
985	 0,171181602584051 
986	 0,171690517923595 
987	 0,172499667208415 
988	 0,173049419252582 
989	 0,173162451272687 
990	 0,172900619567982 
991	 0,172490113286665 
992	 0,17214196376321 
993	 0,17213302139832 
994	 0,17224869055294 
995	 0,172247822292454 
996	 0,17210639888179 
997	 0,172665480897353 
998	 0,175673880607614 
999	 0,175410920165406 
1000	 0,171980555717349 
1001	 0,171810349795424 
1002	 0,173290516583777 
1003	 0,175220327448311 
1004	 0,175675168249314 
1005	 0,17495178337101 
1006	 0,173659778176358 
1007	 0,172772087959415 
1008	 0,173171807178357 
1009	 0,175920376588753 
1010	 0,177681726368685 
1011	 0,177481508965508 
1012	 0,175278553264847 
1013	 0,174905065244746 
1014	 0,177215606386643 
1015	 0,176867074402424 
1016	 0,174928501413062 
1017	 0,17295959441257 
1018	 0,173640919129218 
1019	 0,175972685103315 
1020	 0,177752443559051 
1021	 0,178779820415636 
1022	 0,179065536906236 
1023	 0,178745511852044 
1024	 0,180652929134004 
1025	 0,183489053355967 
1026	 0,176237789786513 
1027	 0,171737871484537 
1028	 0,177112730165032 
1029	 0,178425158303013 
1030	 0,178227671546473 
1031	 0,180861004413138 
1032	 0,180483796280247 
1033	 0,178606427195621 
1034	 0,180332933132807 
1035	 0,182773908947897 
1036	 0,185264059404126 
1037	 0,18892974941851 
1038	 0,190125415820661 
1039	 0,187901823095612 
1040	 0,187413435528655 
1041	 0,185047752171651 
1042	 0,178787710882977 
1043	 0,178081751634752 
1044	 0,18238441593184 
1045	 0,188732919468316 
1046	 0,189389185538172 
1047	 0,185278258492031 
1048	 0,183468038915439 
1049	 0,181516281208844 
1050	 0,179487172090591 
1051	 0,179502660961252 
1052	 0,180304672538674 
1053	 0,18144659508373 
1054	 0,185363005606814 
1055	 0,185162748210631 
1056	 0,176651555977188 
1057	 0,178886969715942 
1058	 0,183042996865547 
1059	 0,17404647401717 
1060	 0,177196161741538 
1061	 0,187457501736193 
1062	 0,180606959289443 
1063	 0,180224501594017 
1064	 0,189714504001738 
1065	 0,195195419170408 
1066	 0,196582043283809 
1067	 0,193188223878152 
1068	 0,182786135114042 
1069	 0,171993944458972 
1070	 0,167523356333204 
1071	 0,169466905691377 
1072	 0,179281691987016 
1073	 0,196623781041767 
1074	 0,200077410879119 
1075	 0,185919753104893 
