Wavelength	BLAVET00192.asd
325	 2,23401456228315E-02 
326	 0,132296179508791 
327	 0,203276092219281 
328	 0,18710809713699 
329	 0,105974656393757 
330	 2,50469228616398E-02 
331	 2,51483699628736E-02 
332	 6,61094926395923E-02 
333	 0,114003411968432 
334	 9,63210597048111E-02 
335	 8,64681432680608E-02 
336	 0,100579375463312 
337	 0,128570022000706 
338	 0,116173493106014 
339	 0,020790996295819 
340	 2,84694988351987E-02 
341	 8,57863006616022E-02 
342	 1,33234612413083E-02 
343	-1,40201978831284E-02 
344	 3,78781313437696E-02 
345	 2,71681469936531E-02 
346	 1,43529305313638E-02 
347	 5,32311682094629E-02 
348	 4,07241574793611E-02 
349	-5,78495197962897E-03 
350	 1,35948036131816E-03 
351	 7,75696797468675E-03 
352	-5,51333655171091E-03 
353	-2,84700333940934E-02 
354	-2,38744980687869E-02 
355	 0,042399613227354 
356	 5,16644358083437E-02 
357	 6,05205797282394E-03 
358	-9,75012617846957E-03 
359	-1,36726798500987E-02 
360	-1,36771234957355E-02 
361	-5,48143756739472E-03 
362	 0,0058226516657 
363	 1,58405213308684E-02 
364	 1,02192383102608E-02 
365	-3,84182335328186E-03 
366	 1,61049578143661E-02 
367	 0,036113766706016 
368	 3,60525058637878E-02 
369	 0,026078845939056 
370	 8,86730871616878E-03 
371	-1,16810115535378E-02 
372	-2,22593619717534E-02 
373	-1,76287617230858E-02 
374	 7,09045804258036E-03 
375	 0,022696092864168 
376	 1,16431142756404E-02 
377	 1,27399008403902E-02 
378	 2,44479014669587E-02 
379	 3,26760850999025E-02 
380	 2,87056340697561E-02 
381	 1,49315580313169E-02 
382	 1,72745891886513E-02 
383	 2,10270408598482E-02 
384	 1,22954822540423E-02 
385	 2,10094144152777E-02 
386	 3,41228637419582E-02 
387	 7,65430037723401E-03 
388	-3,71289077220692E-03 
389	 1,83456309564743E-02 
390	 2,61618254812984E-02 
391	 2,64741963847361E-02 
392	 3,17905369254276E-02 
393	 2,22976920582076E-02 
394	 4,49016925275861E-03 
395	 0,010159085540021 
396	 1,66789000835354E-02 
397	 0,013771219369854 
398	 1,71632291260455E-02 
399	 2,35271292307113E-02 
400	 2,58352519773965E-02 
401	 2,28998814384595E-02 
402	 1,63274301078392E-02 
403	 1,27661721361679E-02 
404	 1,06796862896754E-02 
405	 8,87203453437888E-03 
406	 6,56551415195276E-03 
407	 8,17600876965674E-03 
408	 2,46802491465581E-02 
409	 2,81159997615686E-02 
410	 1,50832227828137E-02 
411	 1,15307698111461E-02 
412	 1,35216113228089E-02 
413	 1,59465181422307E-02 
414	 1,98830534851079E-02 
415	 2,24733719643273E-02 
416	 1,64240269479677E-02 
417	 1,12248552724581E-02 
418	 1,09883895122387E-02 
419	 1,22252851078074E-02 
420	 1,55777036847501E-02 
421	 2,22154755314711E-02 
422	 2,26383938545571E-02 
423	 1,71534614604791E-02 
424	 1,32209392689369E-02 
425	 1,43636976529278E-02 
426	 2,10293264788966E-02 
427	 1,84007332444991E-02 
428	 1,08401654767815E-02 
429	 9,61929464555169E-03 
430	 9,68097660250467E-03 
431	 1,01909237418305E-02 
432	 1,35726636594889E-02 
433	 0,016005500288334 
434	 1,43712835533247E-02 
435	 1,46335832843225E-02 
436	 1,65857294713478E-02 
437	 1,71036493559874E-02 
438	 0,016432671129849 
439	 1,49080317205444E-02 
440	 1,41529111388425E-02 
441	 1,46765377518105E-02 
442	 1,68763864747611E-02 
443	 1,59779418344786E-02 
444	 1,28232204769048E-02 
445	 1,41410907791795E-02 
446	 1,68734681077218E-02 
447	 1,85070118122334E-02 
448	 1,46672393626278E-02 
449	 1,02367643019856E-02 
450	 1,55584512716279E-02 
451	 2,01526979083503E-02 
452	 2,05620055744213E-02 
453	 1,71287951639275E-02 
454	 1,42833604038441E-02 
455	 1,59925275205883E-02 
456	 1,79889797187443E-02 
457	 1,91438810152248E-02 
458	 0,018871673354009 
459	 0,018885849270194 
460	 1,95863033200334E-02 
461	 1,81319386924471E-02 
462	 1,69090446285398E-02 
463	 1,94184436652571E-02 
464	 1,96692017418909E-02 
465	 1,75911631066556E-02 
466	 0,018846913964049 
467	 1,87528999896645E-02 
468	 1,49329063435731E-02 
469	 1,53598064732491E-02 
470	 1,84303468345593E-02 
471	 0,018668737877648 
472	 1,89730530401223E-02 
473	 1,96516338270116E-02 
474	 1,83937805695868E-02 
475	 1,64824857000784E-02 
476	 1,52971935607954E-02 
477	 1,30145637579487E-02 
478	 1,16409661861173E-02 
479	 0,01853568853032 
480	 2,06878828695655E-02 
481	 1,37281156950379E-02 
482	 1,30962717055877E-02 
483	 1,62872436067893E-02 
484	 1,71085297755498E-02 
485	 1,60315084608584E-02 
486	 1,40161938562346E-02 
487	 0,014908926379666 
488	 1,55939580400191E-02 
489	 1,39718054465574E-02 
490	 1,45333784009952E-02 
491	 1,62332357138951E-02 
492	 1,48213990820152E-02 
493	 1,43732136590066E-02 
494	 1,61398715042155E-02 
495	 1,91440998125961E-02 
496	 2,04615382779409E-02 
497	 1,70844998680643E-02 
498	 1,65050992489699E-02 
499	 0,018610914293578 
500	 1,72520336439713E-02 
501	 1,62464475332053E-02 
502	 1,72879540058315E-02 
503	 1,54360076997377E-02 
504	 1,32924118411855E-02 
505	 1,65857974058498E-02 
506	 1,77424337138924E-02 
507	 1,57845500561919E-02 
508	 1,72524145811533E-02 
509	 1,82767956287881E-02 
510	 1,54374293261889E-02 
511	 1,46969058078578E-02 
512	 1,62554752347486E-02 
513	 1,78093710292145E-02 
514	 1,82646614491488E-02 
515	 1,73121518602668E-02 
516	 1,69354956291209E-02 
517	 0,017269402609621 
518	 1,81794137068678E-02 
519	 1,89198026276678E-02 
520	 1,92005508247333E-02 
521	 1,90043334325684E-02 
522	 0,018384464058946 
523	 1,74860352162548E-02 
524	 1,72735808297137E-02 
525	 1,75534730673032E-02 
526	 1,75554417021195E-02 
527	 1,73544401700035E-02 
528	 1,71285034020278E-02 
529	 1,78831225438477E-02 
530	 1,85743798729436E-02 
531	 0,017967547450945 
532	 1,68697406882352E-02 
533	 1,61035287677066E-02 
534	 1,77235911834855E-02 
535	 1,84889030980858E-02 
536	 1,68002532864137E-02 
537	 1,63939276184073E-02 
538	 1,71854788103299E-02 
539	 1,82100462927996E-02 
540	 1,78464530241763E-02 
541	 1,61041050438662E-02 
542	 1,57350863440714E-02 
543	 0,016077504772267 
544	 1,63587736224653E-02 
545	 1,73024631977619E-02 
546	 1,84495799113711E-02 
547	 1,83069296280242E-02 
548	 1,80530216161944E-02 
549	 1,81682965705371E-02 
550	 1,75934452566691E-02 
551	 1,71071636794087E-02 
552	 0,018080596631098 
553	 1,88107671173729E-02 
554	 1,88238613309372E-02 
555	 1,83218674702353E-02 
556	 1,82682623307168E-02 
557	 1,92941402514768E-02 
558	 1,88984928245345E-02 
559	 1,74130443858638E-02 
560	 1,66435255575213E-02 
561	 0,016712203415888 
562	 1,75175113786378E-02 
563	 1,76374646324002E-02 
564	 1,74507932792577E-02 
565	 0,017639362584166 
566	 1,80965241116125E-02 
567	 1,85197539282189E-02 
568	 0,017762474993879 
569	 1,76858826563255E-02 
570	 0,019361437415564 
571	 1,97096729158629E-02 
572	 1,90120555105143E-02 
573	 1,89350976919011E-02 
574	 1,89834129672967E-02 
575	 1,90975612656374E-02 
576	 0,019505851922966 
577	 2,00833129111175E-02 
578	 2,06675633158407E-02 
579	 2,11287787503835E-02 
580	 2,12318313227568E-02 
581	 0,020282858407831 
582	 1,98257750672561E-02 
583	 0,020593183710784 
584	 2,05964173587264E-02 
585	 2,02599594465116E-02 
586	 2,08044611436244E-02 
587	 2,13018618418825E-02 
588	 2,15299673513705E-02 
589	 2,18803387552429E-02 
590	 2,19637599234362E-02 
591	 2,14650982696721E-02 
592	 2,15838917174233E-02 
593	 2,20180527989099E-02 
594	 2,11196246527332E-02 
595	 2,08624305913646E-02 
596	 2,19235709090603E-02 
597	 2,22497765318711E-02 
598	 2,18884190565183E-02 
599	 2,12331605626503E-02 
600	 2,11935416865624E-02 
601	 2,16403217277142E-02 
602	 2,08500982071398E-02 
603	 2,00785462727288E-02 
604	 2,02970641453919E-02 
605	 2,04125119268962E-02 
606	 2,03524020390299E-02 
607	 0,020380879478921 
608	 2,06101633612388E-02 
609	 2,09710290565846E-02 
610	 2,07997496397332E-02 
611	 2,03924163819706E-02 
612	 2,01810486917973E-02 
613	 2,02486717814297E-02 
614	 2,04673506771798E-02 
615	 2,02997322867577E-02 
616	 2,01925355289057E-02 
617	 2,03387959638205E-02 
618	 1,96570435297098E-02 
619	 1,88874375638711E-02 
620	 1,98731867602856E-02 
621	 2,00505404520871E-02 
622	 1,90865088889439E-02 
623	 1,98498021743475E-02 
624	 0,020656458647252 
625	 1,97133697863907E-02 
626	 0,020029515127726 
627	 0,021376996885723 
628	 2,12767627667372E-02 
629	 2,06725430592091E-02 
630	 2,01415183143598E-02 
631	 2,02796717264553E-02 
632	 2,07871312540526E-02 
633	 2,10341621939152E-02 
634	 2,15308143111423E-02 
635	 2,21074714982589E-02 
636	 2,14891428342467E-02 
637	 2,10933202464753E-02 
638	 2,20554394323735E-02 
639	 0,022510292304268 
640	 2,23686644965725E-02 
641	 2,22379429245497E-02 
642	 2,24390798338902E-02 
643	 2,30270548998722E-02 
644	 2,32121694946156E-02 
645	 2,33239993529589E-02 
646	 2,38845318008014E-02 
647	 2,43739416985243E-02 
648	 0,024534968596398 
649	 0,023917099388072 
650	 2,35912102163679E-02 
651	 0,024150115729072 
652	 2,39107274861939E-02 
653	 2,31750360518221E-02 
654	 2,30570533321669E-02 
655	 2,30941051076211E-02 
656	 2,30834038535762E-02 
657	 2,26892370010417E-02 
658	 2,23901164238189E-02 
659	 2,26597987447519E-02 
660	 0,022325054613723 
661	 0,021460272598798 
662	 2,09670021238525E-02 
663	 2,08152984503944E-02 
664	 2,08889624446098E-02 
665	 2,03346247066225E-02 
666	 1,95332816705658E-02 
667	 1,92007864948358E-02 
668	 1,94826602704158E-02 
669	 2,01412315602531E-02 
670	 2,01401577480549E-02 
671	 1,96678224211793E-02 
672	 1,89988379943527E-02 
673	 1,92663802039275E-02 
674	 1,99957368791289E-02 
675	 0,01950633051596 
676	 0,019188694335355 
677	 0,019494055992313 
678	 1,99874366219201E-02 
679	 2,01836480409953E-02 
680	 1,95766795492238E-02 
681	 1,96616765709362E-02 
682	 0,020374216239977 
683	 2,02559639725375E-02 
684	 2,02334797290349E-02 
685	 2,07847485251918E-02 
686	 0,021152995441554 
687	 2,12562929770127E-02 
688	 2,11123338743359E-02 
689	 2,10888077610953E-02 
690	 2,14932582652229E-02 
691	 2,29481528939512E-02 
692	 2,45402396055637E-02 
693	 0,025492537919804 
694	 2,70268680627423E-02 
695	 2,92553941973699E-02 
696	 3,18728320805099E-02 
697	 3,45960840721306E-02 
698	 3,74020600142083E-02 
699	 4,09890499894106E-02 
700	 4,51066909552169E-02 
701	 4,93456952034325E-02 
702	 0,054248125161624 
703	 5,97159509781449E-02 
704	 6,51209780592494E-02 
705	 7,03961509287983E-02 
706	 7,55322634779997E-02 
707	 8,09503127026171E-02 
708	 8,65523971945021E-02 
709	 9,20116410238645E-02 
710	 9,77152843331639E-02 
711	 0,103541888758046 
712	 0,108480414583313 
713	 0,113202969002075 
714	 0,118315090626404 
715	 0,122956194050512 
716	 0,127221754394215 
717	 0,131784097439276 
718	 0,136005496844698 
719	 0,139689708599614 
720	 0,143466242875445 
721	 0,146946537684038 
722	 0,149580751833432 
723	 0,152271142796599 
724	 0,155075585284596 
725	 0,157354638335228 
726	 0,159468750470113 
727	 0,161610702711468 
728	 0,16336915034513 
729	 0,164921000193891 
730	 0,16668017915782 
731	 0,168245102367248 
732	 0,169544292460195 
733	 0,170835687593045 
734	 0,172023459091843 
735	 0,17300614846751 
736	 0,173648417780939 
737	 0,17412588378803 
738	 0,17488729754593 
739	 0,175737391083896 
740	 0,176602054600264 
741	 0,177492903612674 
742	 0,17822023745442 
743	 0,178577363266724 
744	 0,178876332581908 
745	 0,179257463219358 
746	 0,17986342296839 
747	 0,180535856854365 
748	 0,181145340115086 
749	 0,181524926137295 
750	 0,181690108948787 
751	 0,181690650499153 
752	 0,181896246410389 
753	 0,18230968536048 
754	 0,182466873758637 
755	 0,182604000463794 
756	 0,182912941579821 
757	 0,18353277647136 
758	 0,184051903343912 
759	 0,183556726811253 
760	 0,183405817809612 
761	 0,1839286407787 
762	 0,184365359289314 
763	 0,184549373401916 
764	 0,184382433556043 
765	 0,184233883198824 
766	 0,184271236337827 
767	 0,1847226275511 
768	 0,185071786491939 
769	 0,185134990706897 
770	 0,185217405487111 
771	 0,185435077482658 
772	 0,185879991350985 
773	 0,185927774615872 
774	 0,185723925456144 
775	 0,186253127884578 
776	 0,186393136836064 
777	 0,185758694014266 
778	 0,186026058390856 
779	 0,186609894804052 
780	 0,186377810316709 
781	 0,186399790994723 
782	 0,18680930052904 
783	 0,187088707011037 
784	 0,187156420140393 
785	 0,18702689065808 
786	 0,187359303678973 
787	 0,187825837108113 
788	 0,187672265023801 
789	 0,187550588835819 
790	 0,187651460408459 
791	 0,18791310046983 
792	 0,188048149568046 
793	 0,187885757346508 
794	 0,188185233421302 
795	 0,188731389354603 
796	 0,18881262062503 
797	 0,188755104290826 
798	 0,188639165171414 
799	 0,188300974305376 
800	 0,188200098716231 
801	 0,188724933273496 
802	 0,189066222823297 
803	 0,189199828697273 
804	 0,189539987187706 
805	 0,189639164948794 
806	 0,189437975640942 
807	 0,189537854295917 
808	 0,189716354933741 
809	 0,189707474103735 
810	 0,189986734021956 
811	 0,190414242045561 
812	 0,190333980970483 
813	 0,190291328470478 
814	 0,19048857253239 
815	 0,190609173225581 
816	 0,190823664031615 
817	 0,191341155222239 
818	 0,191412565234751 
819	 0,191136321866077 
820	 0,19134313465142 
821	 0,191553507225111 
822	 0,191566239238265 
823	 0,191604763397994 
824	 0,191643672900426 
825	 0,191626302929374 
826	 0,191583660405837 
827	 0,191566575322283 
828	 0,191692075844589 
829	 0,191851616790333 
830	 0,192019408768022 
831	 0,192479993237514 
832	 0,192849407557499 
833	 0,192588702951865 
834	 0,192365289796399 
835	 0,19232910020252 
836	 0,19232107639816 
837	 0,192498341841298 
838	 0,192868748245952 
839	 0,192935515349761 
840	 0,192763552645459 
841	 0,192532386199939 
842	 0,192621387162882 
843	 0,192896706895867 
844	 0,192509763092759 
845	 0,192300609416407 
846	 0,192678842260389 
847	 0,19300417576901 
848	 0,193171168015068 
849	 0,193146520406016 
850	 0,193057415350992 
851	 0,193012274770995 
852	 0,193234192856255 
853	 0,193365908085607 
854	 0,193235593763378 
855	 0,193118136411041 
856	 0,193116716039934 
857	 0,193321098236558 
858	 0,193273908003844 
859	 0,1930726014882 
860	 0,193395299510107 
861	 0,193857476970123 
862	 0,194170801635075 
863	 0,193940694597144 
864	 0,193462788871899 
865	 0,193182062117028 
866	 0,193304602412692 
867	 0,193645154224666 
868	 0,193426927822343 
869	 0,193374767011075 
870	 0,193758767547293 
871	 0,194028924988401 
872	 0,193977580202251 
873	 0,193459229215778 
874	 0,193490975742391 
875	 0,194068050803367 
876	 0,194516967811161 
877	 0,194713699316473 
878	 0,194568430705841 
879	 0,194073095670118 
880	 0,193764828753464 
881	 0,194164549138686 
882	 0,194286476670374 
883	 0,194131323637943 
884	 0,194225013648318 
885	 0,194505792976686 
886	 0,194943590689692 
887	 0,195513824736778 
888	 0,195666521419076 
889	 0,194993432479398 
890	 0,194886112754647 
891	 0,195294715043032 
892	 0,195548329006131 
893	 0,195488116465744 
894	 0,195154072145991 
895	 0,19509788745325 
896	 0,195129715597621 
897	 0,195129814970998 
898	 0,195669298000191 
899	 0,196106999079471 
900	 0,195153794867259 
901	 0,194806784349674 
902	 0,195337945600852 
903	 0,195465040129273 
904	 0,195224471068326 
905	 0,194753219477146 
906	 0,19485798030428 
907	 0,195331802281369 
908	 0,195723770998553 
909	 0,195541628059625 
910	 0,195046588087062 
911	 0,195504028871901 
912	 0,195939537174921 
913	 0,195889290519869 
914	 0,195614655559837 
915	 0,195210815347046 
916	 0,194774152668988 
917	 0,194293867534799 
918	 0,194126079510532 
919	 0,195234086279048 
920	 0,195822468850593 
921	 0,195346044260775 
922	 0,194600986514551 
923	 0,194162403441033 
924	 0,194476037375238 
925	 0,195329268585179 
926	 0,195952394771642 
927	 0,195117403825123 
928	 0,193872653520808 
929	 0,19289607002135 
930	 0,193273073091954 
931	 0,194053267971625 
932	 0,194509865138453 
933	 0,194072699815095 
934	 0,193307166284141 
935	 0,193027888367451 
936	 0,192645408683681 
937	 0,192247136227803 
938	 0,192571216725115 
939	 0,191908072420861 
940	 0,190138167083894 
941	 0,190166224303667 
942	 0,190914284265274 
943	 0,191163644333096 
944	 0,190061871716882 
945	 0,18866538879475 
946	 0,189234160814264 
947	 0,18912595839878 
948	 0,187943951081057 
949	 0,187113155068433 
950	 0,186789029481042 
951	 0,186815060752499 
952	 0,185529512360546 
953	 0,183753562307738 
954	 0,182694192430361 
955	 0,181760570651537 
956	 0,181046076196841 
957	 0,181051188988407 
958	 0,18100174583742 
959	 0,180704020087495 
960	 0,180858197360315 
961	 0,180313084026745 
962	 0,178547739781383 
963	 0,179078894124676 
964	 0,180161905945389 
965	 0,178454672193583 
966	 0,177341879482989 
967	 0,177373615206087 
968	 0,177460789047493 
969	 0,17786815336991 
970	 0,178549615460502 
971	 0,179096849595661 
972	 0,178710429408484 
973	 0,177051844485198 
974	 0,17803003371162 
975	 0,18035877327604 
976	 0,180608536660573 
977	 0,179391638942828 
978	 0,177857442278651 
979	 0,179662767995531 
980	 0,180139982768837 
981	 0,177696314028245 
982	 0,177779403953733 
983	 0,178606272923453 
984	 0,177973415288237 
985	 0,176964621910598 
986	 0,176181507917705 
987	 0,176424383631817 
988	 0,176637504547977 
989	 0,17678501999291 
990	 0,177994813571486 
991	 0,178889588455896 
992	 0,178853409155322 
993	 0,178862450319829 
994	 0,179730820089545 
995	 0,181970882748687 
996	 0,182628754930106 
997	 0,182528153817567 
998	 0,184470041610225 
999	 0,183290109700403 
1000	 0,179905032196518 
1001	 0,183089884315131 
1002	 0,185252503754478 
1003	 0,183393196809764 
1004	 0,1838558912029 
1005	 0,184758352027106 
1006	 0,184024925528223 
1007	 0,184565619680478 
1008	 0,185982488796635 
1009	 0,186719232134537 
1010	 0,188424138094123 
1011	 0,189887264985776 
1012	 0,185648751835397 
1013	 0,183869200900723 
1014	 0,186630798418202 
1015	 0,18372355898466 
1016	 0,182063123313147 
1017	 0,187044998810454 
1018	 0,189756030227268 
1019	 0,188771159851591 
1020	 0,184297286615659 
1021	 0,186180045638445 
1022	 0,192288919432282 
1023	 0,189391932331152 
1024	 0,186976138535475 
1025	 0,187892471458492 
1026	 0,189678047401227 
1027	 0,190556267607087 
1028	 0,189952069941458 
1029	 0,192823267195998 
1030	 0,195209246237835 
1031	 0,192341826132472 
1032	 0,191652592261673 
1033	 0,192278080869034 
1034	 0,189619507692808 
1035	 0,186202428709336 
1036	 0,184185044175515 
1037	 0,188654852729956 
1038	 0,191810115530216 
1039	 0,191393358639757 
1040	 0,196451847192954 
1041	 0,200599877307749 
1042	 0,198325109625843 
1043	 0,19169900953472 
1044	 0,189168775358841 
1045	 0,200417069273665 
1046	 0,199570233239919 
1047	 0,189361658817672 
1048	 0,189813469563484 
1049	 0,193175593638266 
1050	 0,195981238187494 
1051	 0,193343872803111 
1052	 0,19345930207979 
1053	 0,19917161706791 
1054	 0,202015577943656 
1055	 0,199078702774255 
1056	 0,190730632772202 
1057	 0,197896953203087 
1058	 0,208795937781095 
1059	 0,20394458383575 
1060	 0,197254920256603 
1061	 0,192764222845313 
1062	 0,192126851398007 
1063	 0,195607845157987 
1064	 0,199914965295318 
1065	 0,193599620806778 
1066	 0,188292390381438 
1067	 0,188233549904259 
1068	 0,184389014380202 
1069	 0,183458022552403 
1070	 0,188847782888079 
1071	 0,184586458275651 
1072	 0,182917903334598 
1073	 0,199119936888074 
1074	 0,203339262179887 
1075	 0,197558631606151 
