Wavelength	BLAVET00020.asd
325	 6,32901120572852E-02 
326	 0,161927306845624 
327	 0,163779723523157 
328	 5,19401131832183E-02 
329	-2,44174023701583E-02 
330	-3,05107723592892E-02 
331	 0,03555233372176 
332	 2,87889944890866E-02 
333	-8,23881210413996E-03 
334	 7,21620882418337E-02 
335	 6,14951267091773E-02 
336	-4,54703838704057E-02 
337	-4,48790640193389E-02 
338	-1,91178899652789E-02 
339	-0,051772620782405 
340	-3,74306931683981E-02 
341	 1,08225138635798E-02 
342	 4,84123100695339E-02 
343	 2,09323286220109E-02 
344	-6,74038241851744E-02 
345	-2,67843730048447E-02 
346	 3,82909329456256E-02 
347	 4,34857864601209E-02 
348	 7,05172431742318E-03 
349	-3,21249270963864E-02 
350	 0,011604347962518 
351	 5,02460055297035E-02 
352	 4,57635707366355E-02 
353	-1,33062269361883E-02 
354	-4,97177566756497E-02 
355	 1,02657033413235E-02 
356	 0,024549776727255 
357	-6,25169070062634E-03 
358	 1,84634418499288E-02 
359	 1,92527718658645E-02 
360	-2,94238277446742E-02 
361	-1,89137020768078E-02 
362	 0,017227896853362 
363	 2,18665119733696E-02 
364	 0,019115012218062 
365	 8,8679930537453E-03 
366	-3,19148139950881E-02 
367	-3,53291616969915E-02 
368	 2,36294007776616E-02 
369	 0,032725434369838 
370	 1,05568426373295E-02 
371	 1,87783598536013E-02 
372	 2,10143533639881E-03 
373	-0,032694097701444 
374	 5,70878892022466E-03 
375	 3,61991091955823E-02 
376	 4,29629445752272E-03 
377	 1,21268556680763E-03 
378	 1,89734674462459E-02 
379	 8,03554972539905E-03 
380	 1,15807734402879E-03 
381	 4,7776510148912E-03 
382	-7,55365022949267E-03 
383	-0,016043111361888 
384	-9,24659484340183E-04 
385	 1,13664353345443E-02 
386	 1,37784101849858E-02 
387	 4,94799078386432E-04 
388	-3,70250646925325E-03 
389	 8,31549422221584E-03 
390	 3,79590950163896E-03 
391	-2,72251606735862E-03 
392	 8,31148843706711E-03 
393	 1,13199103628542E-02 
394	 6,07387122636339E-03 
395	 7,42139681721539E-03 
396	 1,02424595140261E-02 
397	 1,18604858708001E-02 
398	 1,16332442869466E-02 
399	 1,33179218482494E-02 
400	 2,30687402724803E-02 
401	 2,34254410526364E-02 
402	 1,34987398341641E-02 
403	 6,03284828781049E-03 
404	 3,33236652964457E-03 
405	 6,46784493005326E-03 
406	 1,38011605323024E-02 
407	 1,84383359080764E-02 
408	 7,60099314490734E-03 
409	 9,99925530586494E-04 
410	 3,57319551066893E-03 
411	 6,73359683366744E-03 
412	 1,04675013609145E-02 
413	 1,48227892550378E-02 
414	 1,65505997277553E-02 
415	 1,47907970645898E-02 
416	 7,62135878905105E-03 
417	 4,84398893236233E-03 
418	 9,51646580375744E-03 
419	 1,18641200575165E-02 
420	 1,20855548186868E-02 
421	 1,16746333743516E-02 
422	 1,07035294838818E-02 
423	 9,7333976046572E-03 
424	 9,92376069412393E-03 
425	 1,16512039067329E-02 
426	 1,42343850618706E-02 
427	 9,59450144374739E-03 
428	 3,68816631093256E-03 
429	 9,22953896078145E-03 
430	 1,21642044333959E-02 
431	 9,8786469468556E-03 
432	 9,82338975541375E-03 
433	 1,16356043580392E-02 
434	 1,45404487456958E-02 
435	 1,65279393534466E-02 
436	 1,66581964669474E-02 
437	 0,0137111905717 
438	 9,97177146841714E-03 
439	 7,49680335761853E-03 
440	 1,10545375187271E-02 
441	 1,60136897577815E-02 
442	 1,63443011832812E-02 
443	 1,52679906679642E-02 
444	 1,33859981235941E-02 
445	 9,68616231740921E-03 
446	 8,03511640132075E-03 
447	 1,02652125568642E-02 
448	 9,62902000186177E-03 
449	 7,81016497164645E-03 
450	 9,77788413685289E-03 
451	 1,18906724533394E-02 
452	 0,012777338319051 
453	 1,15559104599896E-02 
454	 1,06858848430574E-02 
455	 0,012349004776495 
456	 1,34769068159898E-02 
457	 1,33634996068566E-02 
458	 1,11184773591099E-02 
459	 1,25119661500046E-02 
460	 1,84523268266323E-02 
461	 0,018230210105201 
462	 1,44589962607755E-02 
463	 1,19633605623282E-02 
464	 1,10835575296845E-02 
465	 1,17862909357966E-02 
466	 0,013182353137109 
467	 1,34142801538451E-02 
468	 1,15049596160222E-02 
469	 1,03715225661951E-02 
470	 1,08150930203841E-02 
471	 1,36333964983217E-02 
472	 0,01539835902568 
473	 1,51802742990755E-02 
474	 1,48993234927544E-02 
475	 1,42553836211481E-02 
476	 1,28748472949541E-02 
477	 1,06760261733571E-02 
478	 8,7639196559192E-03 
479	 9,98892412976695E-03 
480	 1,18853072895542E-02 
481	 1,29056666290258E-02 
482	 1,09949355235744E-02 
483	 9,04596129251664E-03 
484	 1,15630216597948E-02 
485	 1,31083660571371E-02 
486	 1,29361585893524E-02 
487	 1,42646165124377E-02 
488	 1,51239541635597E-02 
489	 1,40898887335843E-02 
490	 1,26966307606135E-02 
491	 1,14275330173402E-02 
492	 1,04599077299158E-02 
493	 1,07555644139704E-02 
494	 1,24502476236922E-02 
495	 1,44934016503706E-02 
496	 1,54711420356685E-02 
497	 1,40129333757684E-02 
498	 1,42950256562824E-02 
499	 1,57840987797818E-02 
500	 1,34768999503541E-02 
501	 1,19964110650395E-02 
502	 1,36092887275677E-02 
503	 1,37693776204023E-02 
504	 1,33911757735837E-02 
505	 1,52658745431404E-02 
506	 1,53310497995633E-02 
507	 1,32355823756829E-02 
508	 0,012949584277137 
509	 0,013048548051183 
510	 1,22258802026748E-02 
511	 1,33190522011942E-02 
512	 1,54636870822413E-02 
513	 1,52542117178697E-02 
514	 1,45335724865364E-02 
515	 1,40729318279583E-02 
516	 1,33734506952903E-02 
517	 1,31046714290966E-02 
518	 1,42220803459375E-02 
519	 1,49484787263384E-02 
520	 0,015008928512608 
521	 1,53937089561381E-02 
522	 1,55408846134674E-02 
523	 1,50145870730019E-02 
524	 0,013589908968409 
525	 1,22081240534441E-02 
526	 1,30308649216766E-02 
527	 1,36694563902052E-02 
528	 1,34727876103824E-02 
529	 1,38765879592334E-02 
530	 1,43702202605072E-02 
531	 1,42761005353083E-02 
532	 1,40090278218909E-02 
533	 1,39650164614999E-02 
534	 1,52674785979629E-02 
535	 1,55122522849934E-02 
536	 1,36926436421112E-02 
537	 1,40615668641941E-02 
538	 1,57298165547353E-02 
539	 0,016155673778546 
540	 1,50535184035674E-02 
541	 1,29873084572327E-02 
542	 1,31779399329847E-02 
543	 1,39835180607618E-02 
544	 1,37005621438599E-02 
545	 1,42224927431064E-02 
546	 1,52409545316025E-02 
547	 1,49864349199758E-02 
548	 1,44384320575742E-02 
549	 1,41492802952789E-02 
550	 1,43605342279849E-02 
551	 1,48897696061747E-02 
552	 1,54178638762169E-02 
553	 1,58107416399672E-02 
554	 1,58125363158047E-02 
555	 1,45220840152847E-02 
556	 1,39727553185307E-02 
557	 1,56374498431621E-02 
558	 1,57110529795838E-02 
559	 1,45670452368979E-02 
560	 1,49429432624988E-02 
561	 1,52625476734781E-02 
562	 1,50248071551634E-02 
563	 1,50213205952949E-02 
564	 1,49349844797454E-02 
565	 1,42581256644681E-02 
566	 1,45776926935337E-02 
567	 1,58249668067202E-02 
568	 1,63567185488771E-02 
569	 1,63268146329829E-02 
570	 1,59208571584114E-02 
571	 1,58886514890712E-02 
572	 1,61619696967625E-02 
573	 1,63047864432005E-02 
574	 1,63282722539978E-02 
575	 1,62775617046947E-02 
576	 1,64587980169227E-02 
577	 1,67217312941565E-02 
578	 0,016881436445701 
579	 1,76124576567991E-02 
580	 1,83901117874868E-02 
581	 1,70347246716054E-02 
582	 1,61436644043043E-02 
583	 0,017016283785007 
584	 1,69746229951296E-02 
585	 1,67027112973812E-02 
586	 1,80964545947585E-02 
587	 1,87076979041114E-02 
588	 1,81080641994662E-02 
589	 1,80557746602346E-02 
590	 1,79098624352538E-02 
591	 1,70890558283824E-02 
592	 1,73728869162465E-02 
593	 1,82010628579648E-02 
594	 1,68738044296586E-02 
595	 1,65117463040634E-02 
596	 1,82281616153972E-02 
597	 1,91228354114488E-02 
598	 1,88916263462877E-02 
599	 1,75518272799749E-02 
600	 1,69435541725431E-02 
601	 1,72958778115309E-02 
602	 1,70253924904877E-02 
603	 1,67680358290818E-02 
604	 1,70199363542972E-02 
605	 1,72887359012347E-02 
606	 1,73995674785027E-02 
607	 1,71139076982844E-02 
608	 1,69587588854964E-02 
609	 1,71364651506268E-02 
610	 1,75538629701861E-02 
611	 1,76274744461942E-02 
612	 1,66779534614327E-02 
613	 1,67261125894185E-02 
614	 1,75692012406695E-02 
615	 1,67027704186011E-02 
616	 1,59806245093427E-02 
617	 0,016494866431193 
618	 1,66016439497083E-02 
619	 1,65476753934242E-02 
620	 0,017426060185226 
621	 1,71932619353915E-02 
622	 1,57762359379774E-02 
623	 1,63310339930198E-02 
624	 1,71125485487345E-02 
625	 1,62201731648307E-02 
626	 1,60757259829931E-02 
627	 1,68165920664314E-02 
628	 1,74279483800336E-02 
629	 1,74795466128873E-02 
630	 1,68214919237546E-02 
631	 1,64092796153253E-02 
632	 1,62983885395213E-02 
633	 1,63564658815303E-02 
634	 1,64373143372165E-02 
635	 1,65191552325164E-02 
636	 1,66717962003343E-02 
637	 1,72654234334902E-02 
638	 1,84983360620021E-02 
639	 1,88660748016106E-02 
640	 1,84143613359694E-02 
641	 1,79116873100132E-02 
642	 1,77870063528926E-02 
643	 1,82159359738648E-02 
644	 1,86747072333302E-02 
645	 0,019152792716515 
646	 1,97123356780494E-02 
647	 2,01460250714342E-02 
648	 2,02937033647181E-02 
649	 1,98207790787408E-02 
650	 1,93769323617443E-02 
651	 1,93580491102997E-02 
652	 1,90018746406536E-02 
653	 0,018517975643882 
654	 1,85678302151504E-02 
655	 0,018553255474871 
656	 1,82975372263391E-02 
657	 1,79335302778513E-02 
658	 1,78073614100613E-02 
659	 1,82188728013882E-02 
660	 1,78537059436354E-02 
661	 1,69546967757506E-02 
662	 1,70899523372883E-02 
663	 1,71739584285745E-02 
664	 1,67373861288871E-02 
665	 1,65967896017009E-02 
666	 1,64391671733887E-02 
667	 0,015598281266204 
668	 1,55117805834163E-02 
669	 1,62344296550348E-02 
670	 1,62268922491718E-02 
671	 1,61924660173564E-02 
672	 1,66827577674435E-02 
673	 1,70204563560702E-02 
674	 1,70665226463051E-02 
675	 1,67586179104878E-02 
676	 1,64108649176214E-02 
677	 1,62894737632107E-02 
678	 1,70314213324806E-02 
679	 1,77257243758567E-02 
680	 0,017266328924552 
681	 1,74541207395952E-02 
682	 1,82356069428515E-02 
683	 1,79805337757831E-02 
684	 1,78375392518361E-02 
685	 1,84434550314927E-02 
686	 1,91511456679767E-02 
687	 1,96352201458003E-02 
688	 1,94963016146731E-02 
689	 1,92019894710731E-02 
690	 1,91433456136516E-02 
691	 2,01353167320808E-02 
692	 0,021426084476569 
693	 2,23456573510614E-02 
694	 2,36676141663298E-02 
695	 2,54869348992762E-02 
696	 2,77039876343278E-02 
697	 2,99861106298124E-02 
698	 3,22969683700978E-02 
699	 3,54122760685276E-02 
700	 3,88133877213273E-02 
701	 4,17534898257055E-02 
702	 4,51737665188014E-02 
703	 4,92273474337907E-02 
704	 5,36866633996635E-02 
705	 5,80299647271841E-02 
706	 6,19318169305876E-02 
707	 6,58054403182897E-02 
708	 6,97920322127716E-02 
709	 7,40444589793705E-02 
710	 7,81735141880275E-02 
711	 8,19971626652552E-02 
712	 8,53576129019892E-02 
713	 8,86960994049674E-02 
714	 9,23843843039229E-02 
715	 9,58033192850771E-02 
716	 9,90050816898731E-02 
717	 0,102440217162783 
718	 0,105733048232714 
719	 0,108665105901835 
720	 0,11103948689835 
721	 0,113110738384717 
722	 0,115224650139844 
723	 0,117572541851148 
724	 0,119950661077015 
725	 0,121527136352332 
726	 0,122813615116494 
727	 0,124157450666198 
728	 0,125566229072898 
729	 0,126931652003387 
730	 0,128053339385704 
731	 0,128991017436613 
732	 0,129873099137935 
733	 0,131206955724068 
734	 0,132293816429405 
735	 0,132566623480827 
736	 0,132983962733401 
737	 0,133696193935677 
738	 0,134672177150721 
739	 0,135289780777016 
740	 0,135379971026443 
741	 0,135559019040551 
742	 0,135909216764247 
743	 0,136457758934884 
744	 0,137248002819288 
745	 0,138045838594647 
746	 0,138181998588792 
747	 0,138194366555151 
748	 0,138385300040492 
749	 0,138656411166066 
750	 0,138915337127368 
751	 0,139022900904153 
752	 0,139347833953029 
753	 0,13984175489393 
754	 0,139905988555271 
755	 0,140006543120727 
756	 0,140447142369853 
757	 0,140693715057463 
758	 0,14066735125228 
759	 0,140313105287815 
760	 0,140485808073784 
761	 0,141262428899071 
762	 0,141533160497569 
763	 0,14150556194777 
764	 0,141444635450276 
765	 0,141501667022318 
766	 0,141675770727934 
767	 0,141863717728453 
768	 0,141955102075207 
769	 0,141978486404859 
770	 0,142419931339553 
771	 0,142878081218725 
772	 0,142849520862507 
773	 0,142810102982033 
774	 0,142881275042066 
775	 0,143087698410508 
776	 0,143216248002374 
777	 0,14319709415101 
778	 0,14340526494163 
779	 0,143696251484293 
780	 0,143795539993015 
781	 0,144051413742935 
782	 0,144414788202061 
783	 0,144376146939545 
784	 0,144362675890305 
785	 0,144628354621882 
786	 0,144756210726699 
787	 0,144805359545125 
788	 0,144986053937814 
789	 0,145121791833426 
790	 0,145213586545323 
791	 0,145534578215044 
792	 0,145643114157982 
793	 0,145257011748513 
794	 0,145319024739411 
795	 0,145756470428636 
796	 0,146093102508885 
797	 0,146192141488969 
798	 0,146054028764907 
799	 0,146026829765593 
800	 0,146122305252993 
801	 0,146323768216926 
802	 0,146477702893962 
803	 0,146616118291652 
804	 0,146929962560724 
805	 0,147166254153877 
806	 0,147228478703752 
807	 0,14715885083126 
808	 0,147147806076911 
809	 0,14738870347997 
810	 0,147775530157592 
811	 0,148128777091442 
812	 0,14800412749231 
813	 0,148111599997469 
814	 0,14856872247066 
815	 0,148014297485757 
816	 0,147647530428977 
817	 0,148948250037546 
818	 0,149554858375973 
819	 0,149239710171182 
820	 0,148965215987598 
821	 0,149132796034816 
822	 0,149820411917586 
823	 0,149939186250478 
824	 0,149746957950765 
825	 0,149724740037971 
826	 0,149765458933227 
827	 0,149896348947103 
828	 0,150245402212237 
829	 0,150513526029687 
830	 0,15057088842896 
831	 0,150788591015444 
832	 0,150865460430759 
833	 0,150354734749684 
834	 0,150394353246981 
835	 0,15102089047401 
836	 0,15140865566275 
837	 0,151466838023454 
838	 0,151212147358635 
839	 0,151261688830859 
840	 0,151502676593221 
841	 0,151666762085825 
842	 0,151694317286412 
843	 0,151647519871413 
844	 0,151849801595097 
845	 0,151858796756908 
846	 0,151529553590737 
847	 0,151615123081302 
848	 0,152060593200811 
849	 0,152658952842304 
850	 0,152823651976775 
851	 0,1525225861875 
852	 0,152160612691285 
853	 0,152216517740188 
854	 0,15277132036847 
855	 0,152287335295281 
856	 0,151721137756063 
857	 0,152580784980137 
858	 0,152839086665863 
859	 0,152362894334236 
860	 0,152360935033161 
861	 0,15262073851015 
862	 0,152977374557766 
863	 0,153027191898162 
864	 0,152832983745732 
865	 0,152552485994135 
866	 0,152696405281635 
867	 0,153214079444476 
868	 0,153573282572872 
869	 0,153749945539811 
870	 0,153716588498672 
871	 0,153496434038746 
872	 0,153355793269177 
873	 0,153596722459122 
874	 0,154143077040102 
875	 0,154803358085462 
876	 0,155186502128575 
877	 0,155179844818974 
878	 0,154864585833774 
879	 0,1549997126366 
880	 0,155356956022716 
881	 0,155610172068853 
882	 0,15572581960374 
883	 0,155624272292728 
884	 0,155030276569435 
885	 0,155042820427676 
886	 0,155865260182326 
887	 0,156283764041801 
888	 0,156131168183341 
889	 0,155450752340937 
890	 0,155965559913507 
891	 0,157026779040871 
892	 0,156437685382246 
893	 0,156478317878373 
894	 0,157527449109003 
895	 0,157858251472924 
896	 0,15781658940668 
897	 0,157721481147671 
898	 0,157517197211595 
899	 0,157255345527036 
900	 0,157001751980596 
901	 0,156893967664214 
902	 0,156969540586864 
903	 0,157162230962438 
904	 0,157469179377943 
905	 0,157816700799622 
906	 0,157745219429101 
907	 0,157580258555133 
908	 0,157854803047338 
909	 0,158133060658138 
910	 0,158333106775577 
911	 0,15858964139106 
912	 0,158644247790088 
913	 0,158383019656773 
914	 0,157870527842626 
915	 0,157602024295286 
916	 0,158066702951388 
917	 0,15842194000454 
918	 0,15857542822513 
919	 0,158810835574238 
920	 0,158844854161362 
921	 0,158573328550712 
922	 0,157966798748023 
923	 0,157468167852766 
924	 0,15747014237334 
925	 0,158091431058881 
926	 0,158638560580039 
927	 0,157860972992916 
928	 0,15750395594779 
929	 0,157868017244562 
930	 0,158110840869151 
931	 0,158024333126233 
932	 0,157542784686961 
933	 0,15716073980035 
934	 0,157021743974118 
935	 0,157201934744866 
936	 0,157013178227329 
937	 0,156448540588538 
938	 0,155975855111099 
939	 0,155420792060861 
940	 0,154920908150117 
941	 0,15540787717012 
942	 0,155767278708884 
943	 0,155060097254664 
944	 0,154591265979521 
945	 0,15452770095695 
946	 0,154792671946823 
947	 0,154389422316302 
948	 0,153332627023901 
949	 0,152895886688881 
950	 0,152373397456719 
951	 0,151533790289316 
952	 0,151794629122833 
953	 0,151533815627827 
954	 0,148827143246552 
955	 0,14801055020807 
956	 0,148701501768245 
957	 0,147323650149169 
958	 0,146830436461401 
959	 0,147805907172996 
960	 0,14826613696284 
961	 0,148104294611515 
962	 0,147417766321453 
963	 0,147436573046869 
964	 0,147539012162128 
965	 0,146525976725367 
966	 0,145226265808755 
967	 0,144416385209178 
968	 0,145770744026408 
969	 0,146945612279893 
970	 0,147079948405431 
971	 0,14779066900819 
972	 0,148066174764662 
973	 0,147106039887345 
974	 0,147426949692594 
975	 0,148046800007571 
976	 0,146454179118206 
977	 0,145586706503445 
978	 0,145936727172866 
979	 0,146380703748409 
980	 0,145672322232454 
981	 0,143844742802119 
982	 0,145203747365577 
983	 0,146689659210952 
984	 0,145055718470749 
985	 0,143782965060132 
986	 0,143414139392435 
987	 0,143696341818374 
988	 0,14443642004882 
989	 0,145194975343984 
990	 0,144466561798802 
991	 0,146039703547806 
992	 0,150458091179775 
993	 0,148107973694015 
994	 0,14584118506162 
995	 0,150834148510838 
996	 0,151282867077447 
997	 0,148547087144028 
998	 0,149408028081902 
999	 0,149507528964598 
1000	 0,14851523968519 
1001	 0,149450774449904 
1002	 0,150174122579076 
1003	 0,149778488116314 
1004	 0,149733549582947 
1005	 0,149369964606365 
1006	 0,148249999075541 
1007	 0,149908687692352 
1008	 0,152989231503091 
1009	 0,154145097422562 
1010	 0,15278722265814 
1011	 0,150091387985434 
1012	 0,150710025413375 
1013	 0,149967758066666 
1014	 0,146975506314019 
1015	 0,148058120152168 
1016	 0,150695914071433 
1017	 0,152481313676637 
1018	 0,155085543484107 
1019	 0,155728771007565 
1020	 0,150423888024537 
1021	 0,150161911955436 
1022	 0,154691550214918 
1023	 0,155582920713405 
1024	 0,15461699690656 
1025	 0,153100148909516 
1026	 0,155177737778903 
1027	 0,155531777036453 
1028	 0,151839231788366 
1029	 0,15417354636395 
1030	 0,157449257011238 
1031	 0,154951896403444 
1032	 0,155253999270097 
1033	 0,158088506145963 
1034	 0,159719067317281 
1035	 0,158728969929083 
1036	 0,155447667227277 
1037	 0,153092733063953 
1038	 0,150891715874771 
1039	 0,149649320239311 
1040	 0,154835331949365 
1041	 0,15969702047223 
1042	 0,158514438905355 
1043	 0,153870140610674 
1044	 0,152552641285681 
1045	 0,162220369703744 
1046	 0,162080556443863 
1047	 0,155730034210958 
1048	 0,162795731254881 
1049	 0,166746607436705 
1050	 0,164197728840847 
1051	 0,16345974679911 
1052	 0,158139607101849 
1053	 0,148982917562792 
1054	 0,157328308853051 
1055	 0,165135593704018 
1056	 0,157579552329411 
1057	 0,157081448194468 
1058	 0,162003232748548 
1059	 0,165448842068618 
1060	 0,158057597562762 
1061	 0,147042891769209 
1062	 0,153843975321234 
1063	 0,155874871749694 
1064	 0,150228049561374 
1065	 0,151998627664939 
1066	 0,156073480723621 
1067	 0,157030914102656 
1068	 0,138364641635604 
1069	 0,133510969542291 
1070	 0,160295344035943 
1071	 0,153890908759902 
1072	 0,141382980376519 
1073	 0,163177503356748 
1074	 0,167852302664995 
1075	 0,157549694189602 
