Wavelength	BLAVET00281.asd
325	 0,143997422952932 
326	 0,246899556771223 
327	 0,26469603384692 
328	 0,162926526421357 
329	 1,73797923353422E-02 
330	-5,08846660453078E-02 
331	 5,55856661517755E-02 
332	 0,124827448513642 
333	 0,158376125639209 
334	 0,206628270994477 
335	 0,157317529564269 
336	 0,037411735769261 
337	 6,97300160252057E-02 
338	 0,11554684453496 
339	 3,65345916313927E-02 
340	 1,31353864014646E-02 
341	 3,42799579069823E-02 
342	 6,39454030388875E-03 
343	 9,14959807754784E-03 
344	 4,92992145215041E-02 
345	 4,19334697863071E-03 
346	-3,72956154619692E-02 
347	-1,07196232009915E-02 
348	 3,67142049987649E-02 
349	 7,22801928138696E-02 
350	 4,08200304123305E-02 
351	 3,93576117702988E-02 
352	 8,71423684488166E-02 
353	 5,20250792136322E-02 
354	 7,83111874339378E-03 
355	 3,96245871100578E-02 
356	 6,53444680540868E-02 
357	 0,067131219177227 
358	 4,27226917741595E-02 
359	 2,13962107733106E-02 
360	 1,57296656540873E-02 
361	 9,93649141315358E-03 
362	 1,07016264904989E-02 
363	 2,86618126223225E-02 
364	 3,11700940651779E-02 
365	 1,54102803908288E-02 
366	 4,01755213194892E-03 
367	 1,22297372440468E-02 
368	 4,03617536151867E-02 
369	 2,69792313706433E-02 
370	-3,88552883758968E-03 
371	 9,08250740941394E-03 
372	 1,46143518173936E-02 
373	 6,41072011137081E-03 
374	 0,022913597055375 
375	 2,68301806756117E-02 
376	-5,54757987517486E-03 
377	-2,62912375648344E-03 
378	 0,022518138083034 
379	 1,75395028195594E-02 
380	 2,72163116026288E-02 
381	 5,32530664519468E-02 
382	 0,0463280582863 
383	 3,21010919489406E-02 
384	 3,71500425939187E-02 
385	 4,80445372896166E-02 
386	 5,22015015466553E-02 
387	 2,38626577213966E-02 
388	 4,92818919530027E-03 
389	 1,28741727730689E-02 
390	 2,07338120455458E-02 
391	 2,82750885142346E-02 
392	 3,75461286438778E-02 
393	 3,58497730254571E-02 
394	 2,77349528839622E-02 
395	 3,49239202800507E-02 
396	 3,98206121741415E-02 
397	 3,49379450314411E-02 
398	 3,52488517489495E-02 
399	 3,73965251255809E-02 
400	 3,35371970402781E-02 
401	 3,72918442782776E-02 
402	 4,51394896444131E-02 
403	 3,20386341231089E-02 
404	 1,90095348587088E-02 
405	 2,04820744150873E-02 
406	 3,06259155004348E-02 
407	 4,07676660438773E-02 
408	 3,68917441132841E-02 
409	 3,14493540949535E-02 
410	 2,83018121493922E-02 
411	 2,41878637745957E-02 
412	 2,62747232807113E-02 
413	 3,98175248024205E-02 
414	 4,01376748355961E-02 
415	 3,01990169289638E-02 
416	 2,76115534740037E-02 
417	 2,91011598322386E-02 
418	 3,24330695677015E-02 
419	 3,02081777395454E-02 
420	 2,84169534362745E-02 
421	 3,52994845030654E-02 
422	 0,036910606680201 
423	 0,032697115600812 
424	 3,09099614266157E-02 
425	 3,29255010115051E-02 
426	 3,81435370115893E-02 
427	 3,37469878858099E-02 
428	 2,62898267410313E-02 
429	 3,07686865964373E-02 
430	 3,24242279298304E-02 
431	 2,96006204849413E-02 
432	 3,51442599569867E-02 
433	 3,91960216839475E-02 
434	 3,33271999025681E-02 
435	 3,08193016196715E-02 
436	 3,20418733015775E-02 
437	 3,16098836464945E-02 
438	 3,09124490424454E-02 
439	 0,030692944744023 
440	 3,30360797571984E-02 
441	 3,45370964325106E-02 
442	 3,08854913128181E-02 
443	 3,08034550073582E-02 
444	 3,42788644141498E-02 
445	 3,35095858138108E-02 
446	 3,36797161075059E-02 
447	 3,71622332013211E-02 
448	 3,53695406695079E-02 
449	 3,16031572612566E-02 
450	 0,034197476519863 
451	 3,67993177695914E-02 
452	 3,72539180252445E-02 
453	 3,52385934788672E-02 
454	 0,032843362565104 
455	 3,21926104823234E-02 
456	 3,50511138635713E-02 
457	 3,89797916221349E-02 
458	 3,67024521332104E-02 
459	 3,58168359385642E-02 
460	 3,85400262600205E-02 
461	 3,65603026299225E-02 
462	 3,45183406914508E-02 
463	 3,95492486375242E-02 
464	 4,12540130901874E-02 
465	 3,91217285686545E-02 
466	 4,13870229939934E-02 
467	 4,26301229485666E-02 
468	 3,97460358440605E-02 
469	 3,88827295824019E-02 
470	 0,03965309594867 
471	 3,95308662921675E-02 
472	 3,89707563476703E-02 
473	 3,82029080165476E-02 
474	 3,79101181216495E-02 
475	 3,80923732611824E-02 
476	 3,86156620982231E-02 
477	 3,71749776184503E-02 
478	 3,52742215508673E-02 
479	 3,86309290568257E-02 
480	 4,06995759414812E-02 
481	 0,038814785566128 
482	 0,036980936166805 
483	 3,70915662258304E-02 
484	 4,13184785724294E-02 
485	 4,08423923094547E-02 
486	 3,60925722725838E-02 
487	 3,83215986297537E-02 
488	 4,13836436295505E-02 
489	 4,06830335774911E-02 
490	 4,01792029679088E-02 
491	 0,040425594218289 
492	 4,11417062676438E-02 
493	 4,25790929770787E-02 
494	 4,43947070725154E-02 
495	 4,48720238819881E-02 
496	 4,39182093392442E-02 
497	 4,16558557777188E-02 
498	 4,18072375172325E-02 
499	 4,37669316784738E-02 
500	 4,26977454812614E-02 
501	 4,20580721683346E-02 
502	 4,34889902928642E-02 
503	 4,35139191432323E-02 
504	 4,28580633807478E-02 
505	 4,35498449179786E-02 
506	 0,044138452613508 
507	 4,42082336798726E-02 
508	 4,36682584980838E-02 
509	 4,39410660214663E-02 
510	 4,61092685159727E-02 
511	 4,64037129576728E-02 
512	 0,04526406147444 
513	 4,57384749581761E-02 
514	 4,64656315863983E-02 
515	 4,68233472596242E-02 
516	 4,63279631307281E-02 
517	 4,63813399569444E-02 
518	 4,90144031848926E-02 
519	 5,01307158011892E-02 
520	 4,92733786154318E-02 
521	 4,88827487493523E-02 
522	 4,90692108417537E-02 
523	 0,049806031402311 
524	 5,00988270895566E-02 
525	 4,98962105744184E-02 
526	 4,94325179550023E-02 
527	 4,91260069919441E-02 
528	 4,92344273163211E-02 
529	 5,01005314486997E-02 
530	 5,08096950044682E-02 
531	 5,03356433890593E-02 
532	 4,95581412060205E-02 
533	 0,049381819356899 
534	 5,21890455149268E-02 
535	 5,35397971936771E-02 
536	 5,12669690613084E-02 
537	 5,07530305279976E-02 
538	 5,17277271292434E-02 
539	 5,23734500967349E-02 
540	 5,21773713771347E-02 
541	 5,12503764722457E-02 
542	 5,12363365946915E-02 
543	 5,15406828389185E-02 
544	 5,15383547404446E-02 
545	 5,23809903841375E-02 
546	 0,053600931344133 
547	 5,32868696866077E-02 
548	 5,32270940471375E-02 
549	 5,41441142916505E-02 
550	 0,054522797236524 
551	 5,46014217584941E-02 
552	 5,50110306100348E-02 
553	 5,54908868294856E-02 
554	 5,58057917139411E-02 
555	 5,51829640540762E-02 
556	 0,055036314658336 
557	 5,63954548298019E-02 
558	 5,66699231330913E-02 
559	 5,60413810623208E-02 
560	 5,62200047944173E-02 
561	 5,61777907024769E-02 
562	 5,56642810062053E-02 
563	 5,54795060743255E-02 
564	 5,56820873155419E-02 
565	 5,62343793590231E-02 
566	 5,72704274635629E-02 
567	 5,83831608546965E-02 
568	 5,81022228094159E-02 
569	 5,80320620919518E-02 
570	 5,91855826568389E-02 
571	 0,059743605350025 
572	 5,97321590111047E-02 
573	 5,97600081435091E-02 
574	 0,060269072063173 
575	 6,12466001647379E-02 
576	 6,15599027506522E-02 
577	 6,15442789313357E-02 
578	 6,16843594762608E-02 
579	 6,24683550812698E-02 
580	 6,34741593107247E-02 
581	 6,30030479031919E-02 
582	 6,24895453903922E-02 
583	 6,27636271474864E-02 
584	 6,32337725383988E-02 
585	 6,39292838779904E-02 
586	 6,50827737720267E-02 
587	 6,57835105594738E-02 
588	 6,59095232107031E-02 
589	 6,64644038138174E-02 
590	 6,66615114015783E-02 
591	 6,58293064999025E-02 
592	 6,60379580270698E-02 
593	 6,67710441319559E-02 
594	 6,51893548317748E-02 
595	 6,48355067846169E-02 
596	 6,68889472212763E-02 
597	 6,73264998901802E-02 
598	 6,67462358126711E-02 
599	 6,67023757826725E-02 
600	 6,66933826600969E-02 
601	 6,66552212983213E-02 
602	 6,67576841547705E-02 
603	 6,65467990716943E-02 
604	 6,57529580457707E-02 
605	 6,55421583850531E-02 
606	 6,59055146490912E-02 
607	 6,64470128754413E-02 
608	 6,62416213977745E-02 
609	 6,52281458855795E-02 
610	 6,55460380416544E-02 
611	 6,61080211395157E-02 
612	 6,53702171198829E-02 
613	 6,51109362834448E-02 
614	 6,54925002460457E-02 
615	 6,55451685591589E-02 
616	 6,56288847566909E-02 
617	 6,58878993810086E-02 
618	 0,06551944852004 
619	 6,49253032117777E-02 
620	 6,51372793040835E-02 
621	 6,51079920315136E-02 
622	 6,46940658499896E-02 
623	 0,06495974481891 
624	 6,52198617146259E-02 
625	 6,47634028457521E-02 
626	 6,51328263468118E-02 
627	 6,61147311543594E-02 
628	 6,61798511351856E-02 
629	 6,59263715436661E-02 
630	 6,57171479972975E-02 
631	 6,59297345402568E-02 
632	 6,62870239879031E-02 
633	 6,62295221305303E-02 
634	 6,66728236987511E-02 
635	 6,75610386585076E-02 
636	 6,75099970766713E-02 
637	 6,75198134499193E-02 
638	 6,84092776506349E-02 
639	 6,90055699582618E-02 
640	 6,91456669344702E-02 
641	 6,89754434916746E-02 
642	 6,87115762865289E-02 
643	 6,86058450906867E-02 
644	 6,92710681024583E-02 
645	 0,070356066485804 
646	 7,13472229630629E-02 
647	 0,071422628565552 
648	 7,05873804569787E-02 
649	 6,95427899942128E-02 
650	 6,92954629203254E-02 
651	 7,03064247084213E-02 
652	 7,01374860928281E-02 
653	 0,069029464017755 
654	 6,82143967046715E-02 
655	 6,77265793745002E-02 
656	 0,067537599236279 
657	 6,71200856021397E-02 
658	 6,66734515212144E-02 
659	 6,64114662336484E-02 
660	 6,55196044396663E-02 
661	 6,42532504790455E-02 
662	 6,37728301531578E-02 
663	 6,36300966182202E-02 
664	 6,35324760975075E-02 
665	 6,31062404142974E-02 
666	 6,24163723678232E-02 
667	 6,16227340550857E-02 
668	 6,12470216826626E-02 
669	 6,13352854966038E-02 
670	 6,13241443590842E-02 
671	 6,14331054888495E-02 
672	 0,06179454194838 
673	 6,17417383270669E-02 
674	 6,13993718769238E-02 
675	 6,12965670998681E-02 
676	 6,14644284618781E-02 
677	 6,18547181390896E-02 
678	 6,20450015437968E-02 
679	 6,19985709938349E-02 
680	 6,17310700078202E-02 
681	 6,21231923766274E-02 
682	 6,30716908592067E-02 
683	 6,35180985743246E-02 
684	 6,40024882625059E-02 
685	 6,47715279133758E-02 
686	 6,51561923447138E-02 
687	 0,065414234450202 
688	 6,61388367458639E-02 
689	 6,69412094987022E-02 
690	 0,067832781518743 
691	 6,93179420251092E-02 
692	 7,09931216293751E-02 
693	 7,25111280614647E-02 
694	 7,44698924683423E-02 
695	 7,67972758180418E-02 
696	 0,079049109442509 
697	 8,13352029399269E-02 
698	 8,37551537002536E-02 
699	 8,68178000928412E-02 
700	 8,95731519681482E-02 
701	 9,07711320737096E-02 
702	 9,32289490959002E-02 
703	 9,69497747822262E-02 
704	 9,94567165648005E-02 
705	 0,101735441697833 
706	 0,10432244021217 
707	 0,106213317973995 
708	 0,107897294885154 
709	 0,110554104928609 
710	 0,112796008460138 
711	 0,114291541669117 
712	 0,115671469890277 
713	 0,117056739252088 
714	 0,118531358393002 
715	 0,120103147014489 
716	 0,121653866304553 
717	 0,122915058126816 
718	 0,123881596665322 
719	 0,124658538726641 
720	 0,12593033611511 
721	 0,127160473542761 
722	 0,127596011379373 
723	 0,128169556608946 
724	 0,128997226279915 
725	 0,129632905766697 
726	 0,130250052565248 
727	 0,130918087198106 
728	 0,131303008402198 
729	 0,13154449854397 
730	 0,131957620958822 
731	 0,132463142613128 
732	 0,132993473676473 
733	 0,133358039077886 
734	 0,133646221216831 
735	 0,13393835740794 
736	 0,134108880133388 
737	 0,134276587424735 
738	 0,134788011943754 
739	 0,135285301628126 
740	 0,13559913255821 
741	 0,135645821421467 
742	 0,135683770556102 
743	 0,136009721197622 
744	 0,136104317545408 
745	 0,136045076135677 
746	 0,136425637115501 
747	 0,136889878198027 
748	 0,137223029810085 
749	 0,137391058497456 
750	 0,137438816347243 
751	 0,137435149455967 
752	 0,137687073673777 
753	 0,138135997380559 
754	 0,138206773788105 
755	 0,138203117988636 
756	 0,138350745060988 
757	 0,138508912903451 
758	 0,138682297856779 
759	 0,138926562119124 
760	 0,139110540773129 
761	 0,139210286916127 
762	 0,139324411163547 
763	 0,13954650988697 
764	 0,139924950780352 
765	 0,139857426946025 
766	 0,139577651741412 
767	 0,140034375910639 
768	 0,140278374457708 
769	 0,140089067141925 
770	 0,140546097152707 
771	 0,141012962920375 
772	 0,140668343340826 
773	 0,140575318910428 
774	 0,140847926031053 
775	 0,141047044920865 
776	 0,141226235211931 
777	 0,141389707640646 
778	 0,141469458184158 
779	 0,141511313344405 
780	 0,141588930762819 
781	 0,141749529814797 
782	 0,141973600584184 
783	 0,142153774319083 
784	 0,142222074185698 
785	 0,14221257692584 
786	 0,142886114322632 
787	 0,143571907911483 
788	 0,142874165779029 
789	 0,142512740112915 
790	 0,142926799628553 
791	 0,143663143847074 
792	 0,143829083297927 
793	 0,142873639624728 
794	 0,142779793403739 
795	 0,143440526503772 
796	 0,143915732527621 
797	 0,144057903831731 
798	 0,143862050236553 
799	 0,143822563900633 
800	 0,143799138658021 
801	 0,14366982485769 
802	 0,143958177682539 
803	 0,144540193598553 
804	 0,144922650231162 
805	 0,144983470814456 
806	 0,144769662740208 
807	 0,144955517635883 
808	 0,145135829660008 
809	 0,144863784467764 
810	 0,145090025483154 
811	 0,145659762944908 
812	 0,145610789269425 
813	 0,145450040804965 
814	 0,145377326449519 
815	 0,145215657862129 
816	 0,145261322492373 
817	 0,145852525574547 
818	 0,146436572564419 
819	 0,14672208694022 
820	 0,146243375280534 
821	 0,146045160161176 
822	 0,146501299216338 
823	 0,146393941611368 
824	 0,146112237625828 
825	 0,146300186509328 
826	 0,146334029635939 
827	 0,146235889367671 
828	 0,146527095452069 
829	 0,146915049468681 
830	 0,147189982365506 
831	 0,147143789002414 
832	 0,146776281009182 
833	 0,146132059437426 
834	 0,146088959273427 
835	 0,146576660020252 
836	 0,146558038685325 
837	 0,146497395145318 
838	 0,146643817127561 
839	 0,146975980516589 
840	 0,147181479741748 
841	 0,146837814219592 
842	 0,146784028160182 
843	 0,147069198277526 
844	 0,147111303186265 
845	 0,146990409378888 
846	 0,146822180620606 
847	 0,147107486319963 
848	 0,147572243765411 
849	 0,147756460032727 
850	 0,147513272279489 
851	 0,147091081874668 
852	 0,147421802731998 
853	 0,147879006892571 
854	 0,148019759588981 
855	 0,147326373801168 
856	 0,146683100489171 
857	 0,147340873307286 
858	 0,147487079086003 
859	 0,147035046177962 
860	 0,147129106320868 
861	 0,147749353713893 
862	 0,148689883288443 
863	 0,148744599695505 
864	 0,148026524518619 
865	 0,146904881758262 
866	 0,14723512295013 
867	 0,148560708094391 
868	 0,148011544630165 
869	 0,147441190318498 
870	 0,147658246691232 
871	 0,147928653917927 
872	 0,148029814465074 
873	 0,147785248156935 
874	 0,147569880651411 
875	 0,147512210774477 
876	 0,147663274865961 
877	 0,148029990586736 
878	 0,148479649421684 
879	 0,148381435425143 
880	 0,147979724924657 
881	 0,147624130143184 
882	 0,147706749861985 
883	 0,148108023934154 
884	 0,148294699913307 
885	 0,148329390331554 
886	 0,148303818017578 
887	 0,148704144623552 
888	 0,148971074701268 
889	 0,14861820757369 
890	 0,148635682907825 
891	 0,148945032697597 
892	 0,149016199962417 
893	 0,148618791976362 
894	 0,147994961175624 
895	 0,148617701943351 
896	 0,149220296885191 
897	 0,14883906902444 
898	 0,148492268752991 
899	 0,148594550029186 
900	 0,149646406542077 
901	 0,149482418242102 
902	 0,148128628205547 
903	 0,148147067744316 
904	 0,148742139073888 
905	 0,149304285217069 
906	 0,149383593448903 
907	 0,149128882129278 
908	 0,148864758362177 
909	 0,148511781344079 
910	 0,148405033394613 
911	 0,149706944709937 
912	 0,150209296401492 
913	 0,14919661909908 
914	 0,149360667089819 
915	 0,149829283671893 
916	 0,149414458769062 
917	 0,149023983309567 
918	 0,148931852382485 
919	 0,149373073244699 
920	 0,149844811653368 
921	 0,150075930670754 
922	 0,149815509129885 
923	 0,149565120748107 
924	 0,149742411331488 
925	 0,150067944680572 
926	 0,150229308457179 
927	 0,149754847995995 
928	 0,149447448170753 
929	 0,149565082977991 
930	 0,150086195203203 
931	 0,150604193739508 
932	 0,150767567339793 
933	 0,150102292077001 
934	 0,149225098775708 
935	 0,148997773532997 
936	 0,149775353334551 
937	 0,150892240007124 
938	 0,150255002953129 
939	 0,149664148431914 
940	 0,149789746465632 
941	 0,150354604566127 
942	 0,150339118988603 
943	 0,149035721130644 
944	 0,148539955677226 
945	 0,149028396329721 
946	 0,150153346245521 
947	 0,150626918353239 
948	 0,150070420804102 
949	 0,148697711563352 
950	 0,148045068890568 
951	 0,148735650801195 
952	 0,148456064168974 
953	 0,1477221920585 
954	 0,147445945000691 
955	 0,147108106627604 
956	 0,146777343146801 
957	 0,146897359675052 
958	 0,146665945714114 
959	 0,14616727498641 
960	 0,147264764826682 
961	 0,147748804691043 
962	 0,146215021144941 
963	 0,145959045457053 
964	 0,147077216596603 
965	 0,148950520395053 
966	 0,147611405016286 
967	 0,144364073335825 
968	 0,146517318973679 
969	 0,149041059366593 
970	 0,149696243638193 
971	 0,14895535380036 
972	 0,148025481165558 
973	 0,148025487650331 
974	 0,148501006066873 
975	 0,149306584291402 
976	 0,150367562132268 
977	 0,149533144524891 
978	 0,14731846089314 
979	 0,147629508933435 
980	 0,148082787164931 
981	 0,147707425851382 
982	 0,148200725459917 
983	 0,148767518359055 
984	 0,148545487257345 
985	 0,148652470508254 
986	 0,148842950066963 
987	 0,148235236015233 
988	 0,148121582851706 
989	 0,14861420290739 
990	 0,148456973310544 
991	 0,149734353387423 
992	 0,152481052838657 
993	 0,150182935057418 
994	 0,147211389895133 
995	 0,148484425773223 
996	 0,149786154762506 
997	 0,150664709948654 
998	 0,15174393611558 
999	 0,151562122832466 
1000	 0,150478273312664 
1001	 0,151275288051571 
1002	 0,152164599781161 
1003	 0,1520829165718 
1004	 0,150328865444836 
1005	 0,149287450816481 
1006	 0,15096584837076 
1007	 0,150169687451445 
1008	 0,149325083564158 
1009	 0,154181165769227 
1010	 0,157870534195595 
1011	 0,158129940047628 
1012	 0,154356733694187 
1013	 0,151100478411175 
1014	 0,150606595680939 
1015	 0,15198884056068 
1016	 0,152793295445759 
1017	 0,151408696493324 
1018	 0,152354787760408 
1019	 0,154530873596261 
1020	 0,155343828017802 
1021	 0,155728100774793 
1022	 0,155241841693676 
1023	 0,15187289987132 
1024	 0,150799506534942 
1025	 0,153537063002438 
1026	 0,158118259342318 
1027	 0,159115822207725 
1028	 0,15412686703089 
1029	 0,152623030852133 
1030	 0,153504110420381 
1031	 0,154156855306264 
1032	 0,155402243786647 
1033	 0,156409803622736 
1034	 0,155655204009385 
1035	 0,150347293530734 
1036	 0,14335084489072 
1037	 0,147513587301329 
1038	 0,152485173604485 
1039	 0,153711056802913 
1040	 0,154690542268684 
1041	 0,15513628424517 
1042	 0,154847387238957 
1043	 0,154344419284621 
1044	 0,155586282527734 
1045	 0,160636845329443 
1046	 0,1620185945354 
1047	 0,158435734528534 
1048	 0,150412923903421 
1049	 0,150979071033382 
1050	 0,159933022085068 
1051	 0,159129632942104 
1052	 0,159481069560347 
1053	 0,163600418139154 
1054	 0,154190009384401 
1055	 0,145821995683391 
1056	 0,151397292218209 
1057	 0,161016904461649 
1058	 0,16944930387333 
1059	 0,171761061400527 
1060	 0,163286147175426 
1061	 0,150752954720498 
1062	 0,151229558686715 
1063	 0,151932096839007 
1064	 0,150870301116102 
1065	 0,154752303185891 
1066	 0,159613882126225 
1067	 0,162703042371035 
1068	 0,161313548920288 
1069	 0,159112534964327 
1070	 0,157830273924628 
1071	 0,145431724356256 
1072	 0,141620547040702 
1073	 0,168244509190554 
1074	 0,167250797141462 
1075	 0,150878397295086 
