Wavelength	CAMFROU00161.asd
325	-4,65543413084698E-02 
326	-6,47806226920317E-02 
327	 1,93630434387661E-02 
328	 0,136964988003463 
329	 0,174106420601784 
330	 0,178761424825458 
331	 0,183718321727694 
332	 0,133952368669934 
333	 8,97030234506544E-02 
334	 0,210173173843297 
335	 0,176649456181728 
336	-1,02998326885794E-02 
337	 3,45357145721228E-02 
338	 0,139359773999386 
339	 0,166066373567405 
340	 0,138821622100291 
341	 0,079411226118121 
342	 5,88562519097726E-02 
343	 4,76111931737015E-02 
344	 4,01202132473348E-02 
345	 7,44497397831849E-02 
346	 0,103741254542301 
347	 0,101082807055522 
348	 6,11857823408794E-02 
349	 1,38188055512241E-02 
350	 5,66679913219236E-02 
351	 0,091376191932167 
352	 0,090764849722424 
353	 0,1019817678029 
354	 9,50932104445183E-02 
355	 3,82246861051406E-02 
356	 2,68532531819614E-02 
357	 5,25900070033018E-02 
358	 2,81371165182183E-02 
359	 2,03314204690223E-02 
360	 5,10063152779661E-02 
361	 0,038162738120134 
362	 9,45691069436136E-03 
363	 1,54506265434135E-02 
364	 3,34436409919297E-02 
365	 4,98623413327877E-02 
366	 3,22084533338408E-02 
367	 1,53807434501388E-02 
368	 2,26338211195834E-02 
369	 4,05782185728425E-02 
370	 5,53410130914011E-02 
371	 5,40102220141288E-02 
372	 4,65662445171207E-02 
373	 3,71646310141562E-02 
374	 2,84153581305201E-02 
375	 2,46052126859007E-02 
376	 2,88916177167933E-02 
377	 3,64164344341025E-02 
378	 3,87650318287854E-02 
379	 1,46012925575521E-02 
380	 1,74217291756713E-02 
381	 5,24755868891682E-02 
382	 5,04086384384298E-02 
383	 4,13410989682176E-02 
384	 5,44991151025986E-02 
385	 5,58650140212134E-02 
386	 4,30152018829917E-02 
387	 2,12028094820018E-02 
388	 1,82719315706245E-02 
389	 3,85469433634233E-02 
390	 4,82858104319993E-02 
391	 4,25915217646569E-02 
392	 1,89984914107742E-02 
393	 1,57780435437366E-02 
394	 3,13789883401823E-02 
395	 0,036159528225299 
396	 3,65925382681341E-02 
397	 3,55758078842657E-02 
398	 3,10420890636832E-02 
399	 2,48414515657482E-02 
400	 1,95773087307825E-02 
401	 2,01206078821069E-02 
402	 2,54215711277889E-02 
403	 2,75556423399767E-02 
404	 2,68149278109242E-02 
405	 2,41941701195574E-02 
406	 2,63496959283809E-02 
407	 2,97238507489726E-02 
408	 2,47818119406777E-02 
409	 0,023619038967444 
410	 0,026470479969042 
411	 1,69664446009505E-02 
412	 8,98855322698149E-03 
413	 1,58519976589752E-02 
414	 2,08713466273445E-02 
415	 0,022138904043911 
416	 2,34822185916467E-02 
417	 2,48555953841956E-02 
418	 2,57386294093028E-02 
419	 2,21758705084972E-02 
420	 1,90250741791385E-02 
421	 2,27729385666904E-02 
422	 2,58969860847874E-02 
423	 2,54870064112311E-02 
424	 1,70662779634433E-02 
425	 1,40635900624093E-02 
426	 2,29908287299306E-02 
427	 2,43022994012144E-02 
428	 2,06428943692001E-02 
429	 2,13321882384154E-02 
430	 2,21854680143004E-02 
431	 2,18789388194326E-02 
432	 1,91120384697191E-02 
433	 1,77994030569402E-02 
434	 2,10670227457778E-02 
435	 2,16248267500817E-02 
436	 1,96155787839378E-02 
437	 1,88806620644289E-02 
438	 1,79125618524582E-02 
439	 1,70145603393271E-02 
440	 2,11747247915553E-02 
441	 2,47987977842634E-02 
442	 2,04861175381921E-02 
443	 2,02522701485996E-02 
444	 2,38959343575661E-02 
445	 2,06633597059255E-02 
446	 1,72648252771901E-02 
447	 1,76831998077959E-02 
448	 1,68200252886026E-02 
449	 1,56896401893606E-02 
450	 1,73463171822759E-02 
451	 0,020010159633456 
452	 2,22240108303605E-02 
453	 0,020597547745336 
454	 1,82650933397981E-02 
455	 1,83133534941603E-02 
456	 2,07500736541269E-02 
457	 2,40160834938819E-02 
458	 2,45219750624659E-02 
459	 2,33217691576495E-02 
460	 2,12758486745862E-02 
461	 2,12971697570561E-02 
462	 2,07930589681853E-02 
463	 1,59191556416394E-02 
464	 1,52740869369054E-02 
465	 1,91540802057683E-02 
466	 2,07612493078497E-02 
467	 2,12358467865472E-02 
468	 2,13820596725371E-02 
469	 0,021890110106199 
470	 2,22344166799092E-02 
471	 2,12331151359047E-02 
472	 1,88265786408153E-02 
473	 1,63900670073757E-02 
474	 1,99837656782484E-02 
475	 2,41746759458813E-02 
476	 2,34971656504371E-02 
477	 2,23056755254065E-02 
478	 2,16030633999499E-02 
479	 2,13283108913879E-02 
480	 2,25321397583254E-02 
481	 2,49147379119549E-02 
482	 2,31146010880515E-02 
483	 2,01990157422221E-02 
484	 2,14716288926152E-02 
485	 2,22375179341155E-02 
486	 2,14419297702379E-02 
487	 1,98449009160313E-02 
488	 1,93331609414336E-02 
489	 2,11156932371628E-02 
490	 2,25354651251612E-02 
491	 2,26241985299664E-02 
492	 2,00911290582451E-02 
493	 1,83758985917605E-02 
494	 1,87759386879403E-02 
495	 0,020427010012634 
496	 0,022033207126924 
497	 2,22391455934756E-02 
498	 2,15256333079485E-02 
499	 2,03681575866161E-02 
500	 1,96289504211234E-02 
501	 1,95810229798643E-02 
502	 0,020276723510988 
503	 2,07822781270335E-02 
504	 2,08180015506589E-02 
505	 2,00639968775233E-02 
506	 2,01476130964533E-02 
507	 2,14196760855442E-02 
508	 2,34136711368542E-02 
509	 2,36910165446695E-02 
510	 2,04002860706822E-02 
511	 1,91677312820196E-02 
512	 2,04964037267575E-02 
513	 2,28663340705599E-02 
514	 2,42568071067762E-02 
515	 2,38094518224869E-02 
516	 2,31177081956331E-02 
517	 2,26519872848131E-02 
518	 2,27937822504074E-02 
519	 2,27183535181144E-02 
520	 2,22273603604559E-02 
521	 0,021204205736099 
522	 2,12997582364316E-02 
523	 2,34384232836098E-02 
524	 2,42986492946597E-02 
525	 2,38068594665988E-02 
526	 2,29318568204792E-02 
527	 2,26903768903228E-02 
528	 2,33018473485964E-02 
529	 2,34373867303683E-02 
530	 2,31104286603475E-02 
531	 2,24759029830311E-02 
532	 2,29276500968839E-02 
533	 2,41881421701969E-02 
534	 2,45115556140889E-02 
535	 2,39578805126979E-02 
536	 2,27677889761697E-02 
537	 2,26962005316939E-02 
538	 2,33859185677415E-02 
539	 2,37601948156487E-02 
540	 2,37420384154176E-02 
541	 2,32782278551283E-02 
542	 2,23408337628055E-02 
543	 2,19843266267221E-02 
544	 2,31556852954656E-02 
545	 2,42501200202203E-02 
546	 2,47272461791316E-02 
547	 2,41462272714544E-02 
548	 2,34401234335876E-02 
549	 0,023242940503046 
550	 2,42382565660213E-02 
551	 2,55138419463945E-02 
552	 2,56004764617272E-02 
553	 2,50149578385422E-02 
554	 2,43199018369177E-02 
555	 2,51957010820374E-02 
556	 2,58697158942851E-02 
557	 2,49456116332616E-02 
558	 2,46077585793434E-02 
559	 2,48014632170511E-02 
560	 2,42921542432885E-02 
561	 2,41668789327055E-02 
562	 2,46901108580648E-02 
563	 2,47674575665862E-02 
564	 2,44897071125507E-02 
565	 2,41090080024426E-02 
566	 2,41160722787807E-02 
567	 0,024489201331385 
568	 0,02463690002286 
569	 2,46786897089555E-02 
570	 2,46954154377936E-02 
571	 2,46198962946774E-02 
572	 0,024596487671366 
573	 2,48399933205197E-02 
574	 2,59213738221114E-02 
575	 2,75111585045218E-02 
576	 2,69141730521936E-02 
577	 2,57124192265374E-02 
578	 2,58893722085181E-02 
579	 2,67327687379144E-02 
580	 2,75515598110265E-02 
581	 2,66056293596937E-02 
582	 2,60550100628095E-02 
583	 2,69999046088416E-02 
584	 2,74252922959786E-02 
585	 2,76181210924787E-02 
586	 2,86065443129626E-02 
587	 2,90361352887095E-02 
588	 2,87489761494947E-02 
589	 2,89737835359256E-02 
590	 2,93748367269273E-02 
591	 2,96030761622565E-02 
592	 3,01361403137264E-02 
593	 3,06752503837406E-02 
594	 3,02470339612224E-02 
595	 2,93954443108368E-02 
596	 2,86238148023763E-02 
597	 2,93262243730831E-02 
598	 3,04482421352042E-02 
599	 3,02184081715954E-02 
600	 3,01491079299128E-02 
601	 0,030390104486217 
602	 0,029896777029367 
603	 2,92571954577954E-02 
604	 2,89868240655009E-02 
605	 2,92899969996609E-02 
606	 2,97436023781215E-02 
607	 2,91545949783666E-02 
608	 2,90626002548747E-02 
609	 0,029734492074246 
610	 0,029094916744299 
611	 2,81670244788245E-02 
612	 2,84007868206546E-02 
613	 2,89654010162375E-02 
614	 2,93586841973722E-02 
615	 2,86039587834286E-02 
616	 2,79529518599736E-02 
617	 2,81428773679967E-02 
618	 2,79572966853694E-02 
619	 0,027543596965315 
620	 2,75320992488861E-02 
621	 2,75688654641753E-02 
622	 0,027570111941306 
623	 2,76338799076648E-02 
624	 2,78900974191406E-02 
625	 2,84335902883735E-02 
626	 2,84006485256432E-02 
627	 2,79560695274562E-02 
628	 0,028059987375792 
629	 2,86323619277252E-02 
630	 2,94774662412804E-02 
631	 2,94117896316936E-02 
632	 2,89916431877076E-02 
633	 0,029356863596278 
634	 2,95342605983164E-02 
635	 2,94033420813717E-02 
636	 2,95542238497742E-02 
637	 3,00680891046938E-02 
638	 3,09503253401144E-02 
639	 3,16273976831699E-02 
640	 3,19144687568673E-02 
641	 3,16951481460913E-02 
642	 3,12180816649864E-02 
643	 3,07925057486259E-02 
644	 3,13751377975446E-02 
645	 3,21584883624783E-02 
646	 0,031998861603168 
647	 3,18165432070052E-02 
648	 3,18153169943981E-02 
649	 3,18736986557147E-02 
650	 3,19244009118498E-02 
651	 3,18605768683146E-02 
652	 3,10971019050408E-02 
653	 3,02918750864894E-02 
654	 3,09774783530887E-02 
655	 3,13588618170392E-02 
656	 3,09296082009393E-02 
657	 3,05510049295228E-02 
658	 2,99506093264357E-02 
659	 2,88399880138942E-02 
660	 2,83021530254602E-02 
661	 2,82022082759152E-02 
662	 2,74435009426023E-02 
663	 2,65095121949406E-02 
664	 2,57699687123251E-02 
665	 2,59987016810785E-02 
666	 2,65452247627684E-02 
667	 2,62560198960728E-02 
668	 0,026339670483802 
669	 0,026850606995503 
670	 2,66702023469565E-02 
671	 2,63387811768907E-02 
672	 2,62939599783984E-02 
673	 2,60958869296207E-02 
674	 2,58330097553906E-02 
675	 2,58458224463156E-02 
676	 2,60612466967556E-02 
677	 2,63862290343493E-02 
678	 2,65159289835315E-02 
679	 2,63517806591161E-02 
680	 2,58285704519829E-02 
681	 2,60217057309879E-02 
682	 2,67846724774467E-02 
683	 2,67258820638422E-02 
684	 2,67983763469908E-02 
685	 2,75162520647337E-02 
686	 2,81929655593324E-02 
687	 2,88249585728124E-02 
688	 2,95676195568317E-02 
689	 0,030404962762349 
690	 3,13946682466532E-02 
691	 0,032719322090604 
692	 3,43031302932465E-02 
693	 3,60657199392438E-02 
694	 3,78888344400639E-02 
695	 4,00340480614792E-02 
696	 4,32909813416962E-02 
697	 4,64621447298114E-02 
698	 4,92308629628475E-02 
699	 5,29426959095136E-02 
700	 5,73556760454833E-02 
701	 6,19864042623126E-02 
702	 6,66233600567388E-02 
703	 7,10715347796189E-02 
704	 7,49648156857155E-02 
705	 7,91098610370365E-02 
706	 8,39224285083668E-02 
707	 8,82706934272542E-02 
708	 9,22656406776209E-02 
709	 9,63952463940107E-02 
710	 0,100571795627685 
711	 0,104655519761523 
712	 0,108166578764651 
713	 0,111324525890042 
714	 0,114369084790026 
715	 0,117549058822729 
716	 0,120646742890394 
717	 0,12296673917896 
718	 0,125138196469693 
719	 0,127397024565862 
720	 0,129439706176668 
721	 0,131335775545774 
722	 0,133209942079979 
723	 0,134611631015887 
724	 0,135702144992887 
725	 0,13735416039714 
726	 0,138944830606719 
727	 0,140102282633689 
728	 0,141157904908919 
729	 0,142057510021077 
730	 0,142611270413259 
731	 0,143256771181118 
732	 0,144100989334086 
733	 0,144933479209067 
734	 0,145656662624968 
735	 0,146180198849883 
736	 0,146354949338443 
737	 0,146406189865423 
738	 0,146901548652726 
739	 0,147550696744666 
740	 0,148225930212268 
741	 0,148909482869527 
742	 0,149317080920584 
743	 0,149154260044381 
744	 0,149326573423436 
745	 0,149878381396552 
746	 0,15026443779177 
747	 0,150453313991472 
748	 0,150453287465658 
749	 0,150519010848742 
750	 0,150772939064857 
751	 0,151348293736865 
752	 0,151747375915598 
753	 0,151903798725496 
754	 0,152191815960181 
755	 0,152434176427515 
756	 0,152514903121666 
757	 0,152647013076661 
758	 0,152803019220156 
759	 0,152873464612797 
760	 0,152742593246228 
761	 0,15254521359152 
762	 0,1530942354482 
763	 0,153619541614196 
764	 0,153407236296316 
765	 0,153495810586294 
766	 0,153859825891556 
767	 0,15388819682044 
768	 0,153987820195383 
769	 0,154266596699643 
770	 0,15439066136184 
771	 0,154517869302502 
772	 0,154856961920025 
773	 0,155073052207466 
774	 0,155048075514437 
775	 0,154558025846933 
776	 0,154644076479897 
777	 0,155677919570708 
778	 0,156125688875742 
779	 0,156014697233318 
780	 0,155659003264997 
781	 0,155512163766592 
782	 0,155660353872105 
783	 0,155842257876644 
784	 0,155874474646536 
785	 0,155704865962749 
786	 0,156070218424387 
787	 0,15650291320886 
788	 0,155952744236872 
789	 0,155957431377845 
790	 0,15668354284894 
791	 0,156797655130807 
792	 0,15660174630644 
793	 0,156400113204605 
794	 0,156468219435259 
795	 0,156696496478487 
796	 0,156689248109854 
797	 0,157002933243349 
798	 0,157629184657224 
799	 0,157642273562126 
800	 0,15753546912765 
801	 0,157787629947675 
802	 0,157801892732987 
803	 0,157670124348823 
804	 0,157898044022792 
805	 0,158122184534381 
806	 0,158216642394092 
807	 0,158291887586966 
808	 0,158249213729855 
809	 0,158002048209457 
810	 0,158024901901286 
811	 0,158369782711957 
812	 0,158955925927665 
813	 0,159140767182677 
814	 0,15877229893741 
815	 0,158886182522848 
816	 0,159090906209847 
817	 0,158832772829809 
818	 0,158880617797767 
819	 0,15923430308506 
820	 0,159385427855924 
821	 0,159439379443336 
822	 0,159426108942432 
823	 0,159228682004408 
824	 0,159224845809355 
825	 0,159885189941127 
826	 0,16047283877122 
827	 0,160671321324391 
828	 0,160064773698504 
829	 0,15983571302996 
830	 0,160442358932252 
831	 0,16028264295407 
832	 0,159951320243004 
833	 0,16047622494133 
834	 0,16100431846745 
835	 0,161226913580804 
836	 0,160791028213418 
837	 0,160860580356497 
838	 0,161815990626569 
839	 0,161455382932307 
840	 0,160640689594618 
841	 0,160912561723433 
842	 0,161111732861969 
843	 0,161068637008549 
844	 0,161177090215231 
845	 0,161335558787735 
846	 0,161459924777469 
847	 0,161366082192553 
848	 0,161207687307072 
849	 0,161224802365274 
850	 0,161411528906779 
851	 0,161666105872822 
852	 0,161657258062553 
853	 0,161686298667828 
854	 0,161859800976579 
855	 0,161697814296683 
856	 0,16150154513216 
857	 0,161740601004672 
858	 0,161918630287374 
859	 0,161916485686697 
860	 0,161813330405798 
861	 0,161455403824698 
862	 0,16095895115709 
863	 0,161511020238533 
864	 0,162478782501266 
865	 0,162880537986004 
866	 0,162464410420279 
867	 0,161685379710357 
868	 0,162146250933963 
869	 0,162601215553654 
870	 0,16251074790975 
871	 0,162540638837793 
872	 0,162442011796961 
873	 0,161883433303278 
874	 0,161714247701312 
875	 0,162087571325161 
876	 0,162926758595835 
877	 0,163372395477865 
878	 0,163124476395758 
879	 0,162976312074412 
880	 0,162981923733117 
881	 0,163111053570947 
882	 0,162971178687274 
883	 0,162745811100092 
884	 0,163196056122261 
885	 0,163337375338361 
886	 0,162907569909683 
887	 0,162540420206419 
888	 0,162374632902976 
889	 0,162525764175157 
890	 0,163286337995016 
891	 0,164091247923838 
892	 0,163601506437618 
893	 0,163443755547358 
894	 0,163974937872176 
895	 0,164273071430817 
896	 0,164172213510718 
897	 0,163693086902946 
898	 0,164206490208478 
899	 0,164871996319905 
900	 0,163812471854933 
901	 0,16314208583099 
902	 0,16335781252602 
903	 0,1638576198201 
904	 0,164182834501804 
905	 0,16407920582714 
906	 0,164080601284214 
907	 0,164224493466309 
908	 0,164463111453892 
909	 0,164235725610967 
910	 0,163687462153761 
911	 0,163639943137074 
912	 0,164091132995067 
913	 0,164878006359733 
914	 0,165149934508108 
915	 0,164632582380615 
916	 0,163265791692411 
917	 0,163546785560559 
918	 0,164981480382566 
919	 0,165030556604643 
920	 0,164519886675814 
921	 0,164048151442037 
922	 0,165404809990918 
923	 0,166006302737425 
924	 0,163979905332483 
925	 0,163603673381403 
926	 0,164416899416526 
927	 0,164309843390488 
928	 0,164473468019843 
929	 0,164822590167293 
930	 0,163902596762027 
931	 0,163382868342827 
932	 0,164084209607907 
933	 0,16442067609721 
934	 0,164098221591183 
935	 0,163040306458464 
936	 0,163025588712236 
937	 0,163904306893549 
938	 0,164251025690634 
939	 0,163258644562495 
940	 0,16115257633165 
941	 0,160877608266087 
942	 0,161398913490506 
943	 0,161617372090222 
944	 0,161703729504171 
945	 0,161924973473937 
946	 0,162832907113766 
947	 0,162739912146467 
948	 0,161488179635215 
949	 0,160248058148946 
950	 0,160073401643284 
951	 0,161199772628304 
952	 0,160832361003804 
953	 0,159652579748809 
954	 0,158871705775184 
955	 0,158400255006387 
956	 0,158440046359645 
957	 0,159705068860987 
958	 0,159095310804615 
959	 0,156537806702993 
960	 0,157235807943128 
961	 0,158043207719453 
962	 0,156660837440047 
963	 0,1560154541133 
964	 0,156264900777868 
965	 0,15701402781239 
966	 0,156878644582769 
967	 0,155875367779909 
968	 0,15525161054024 
969	 0,155010447868654 
970	 0,155310492282241 
971	 0,156885045003221 
972	 0,157556504856729 
973	 0,155640346682355 
974	 0,155440797907722 
975	 0,155970885405896 
976	 0,154075964188995 
977	 0,154174035450317 
978	 0,156392481459349 
979	 0,156831941859907 
980	 0,157395445574814 
981	 0,158526616873604 
982	 0,157284687529489 
983	 0,155940277744947 
984	 0,156868093789201 
985	 0,15711603320467 
986	 0,157022537677126 
987	 0,158263814799472 
988	 0,159474905015364 
989	 0,159521888333274 
990	 0,155342676298752 
991	 0,154980703509857 
992	 0,161068896820928 
993	 0,161666456621118 
994	 0,160123597143818 
995	 0,160842454182081 
996	 0,160590976782755 
997	 0,159816540868917 
998	 0,160293933035797 
999	 0,161337859907079 
1000	 0,162236418231588 
1001	 0,161066343553099 
1002	 0,160790663054401 
1003	 0,162745177525308 
1004	 0,165352801658749 
1005	 0,166730440874136 
1006	 0,165259426560235 
1007	 0,161456758578743 
1008	 0,158851975055142 
1009	 0,163190831681117 
1010	 0,167089217495755 
1011	 0,168016530612151 
1012	 0,164842828255193 
1013	 0,163085969376861 
1014	 0,164834207665456 
1015	 0,166397808499421 
1016	 0,166059576413887 
1017	 0,163003203604077 
1018	 0,161078253383306 
1019	 0,161946486478179 
1020	 0,166807661496087 
1021	 0,16669315990726 
1022	 0,163119780316814 
1023	 0,167104944265806 
1024	 0,167985308934868 
1025	 0,164474506811045 
1026	 0,167568764334096 
1027	 0,170512784803637 
1028	 0,169190560794904 
1029	 0,169646608096723 
1030	 0,169473877960402 
1031	 0,165899060714373 
1032	 0,171099346861817 
1033	 0,177761932141941 
1034	 0,166999434842751 
1035	 0,163437514773318 
1036	 0,170478924830017 
1037	 0,172993997863243 
1038	 0,171574568171553 
1039	 0,168411325586713 
1040	 0,176196840762855 
1041	 0,17952886014191 
1042	 0,167896905492776 
1043	 0,167336259106553 
1044	 0,17247241323417 
1045	 0,171161263890633 
1046	 0,170120755030068 
1047	 0,170741764004659 
1048	 0,173663974707859 
1049	 0,169101439799399 
1050	 0,160244783206425 
1051	 0,172739828291923 
1052	 0,180318618755081 
1053	 0,17235547027567 
1054	 0,167089329308514 
1055	 0,17028616946717 
1056	 0,182598751391277 
1057	 0,177670503362013 
1058	 0,169011213456439 
1059	 0,180019468454897 
1060	 0,180608576115206 
1061	 0,172017864412189 
1062	 0,171616785155522 
1063	 0,17250803668694 
1064	 0,174137764833206 
1065	 0,182785207152684 
1066	 0,178699518374718 
1067	 0,159824013275644 
1068	 0,166030320602159 
1069	 0,177027182598803 
1070	 0,176904914373649 
1071	 0,182867519002445 
1072	 0,18948873028128 
1073	 0,187913911930578 
1074	 0,171224006931669 
1075	 0,15513871740124 
