Wavelength	CAMFROU00107.asd
325	 4,36858851429096E-02 
326	-5,60081555504997E-02 
327	-9,32398306778337E-02 
328	-2,56575731533161E-02 
329	 3,20107629733281E-02 
330	 4,86020437893192E-02 
331	 9,60240956995553E-03 
332	 4,62786232195569E-02 
333	 0,110854434584089 
334	 4,75691242784423E-02 
335	-0,018612820748904 
336	-5,60714570257518E-02 
337	-9,43206332149129E-02 
338	-9,96424201989867E-02 
339	-5,40399640673211E-02 
340	-1,66838665290678E-02 
341	 6,86960995474324E-03 
342	 2,10227762412542E-02 
343	-2,2208444216011E-03 
344	-4,59849571309184E-02 
345	 0,022970018637586 
346	 0,10047546824059 
347	 0,120464886827721 
348	 6,47220254774703E-02 
349	-2,29419408493165E-02 
350	 1,52351199700336E-02 
351	 3,56360641212038E-02 
352	 3,65336131302159E-04 
353	 6,57449426325986E-03 
354	 1,86683780377481E-02 
355	-7,83812582158249E-03 
356	 2,27305164478472E-02 
357	 8,50793580283589E-02 
358	 4,45232899838534E-02 
359	 1,68122998234019E-02 
360	 4,87821937752821E-02 
361	 2,31698058486877E-02 
362	-1,99128332095602E-02 
363	-5,4586286314135E-03 
364	 1,81266346839728E-02 
365	 3,01775453925099E-02 
366	-9,67652750898535E-03 
367	-0,024408631918636 
368	 2,88589081360231E-02 
369	 4,67639810911276E-02 
370	 3,93333930205722E-02 
371	 4,92352650152721E-02 
372	 4,62242515973512E-02 
373	 2,84175604347464E-02 
374	 1,77996698785878E-02 
375	 2,41176763402857E-02 
376	 4,82760416523906E-02 
377	 0,036969933010006 
378	 8,9027617679173E-03 
379	 1,80967748614252E-02 
380	 2,82652959102377E-02 
381	 2,88656052368055E-02 
382	 3,16274478886161E-02 
383	 0,042127181110232 
384	 6,17202825078037E-02 
385	 4,85592045185511E-02 
386	 0,014574367279686 
387	 1,20317227668173E-02 
388	 2,11502255913479E-02 
389	 3,10086237883281E-02 
390	 3,42503630158988E-02 
391	 2,50839597676757E-02 
392	-1,50493941311013E-03 
393	-2,40246164251582E-03 
394	 0,018247629056163 
395	 2,05568855567403E-02 
396	 1,96246909620318E-02 
397	 2,21671806585653E-02 
398	 1,95559029728607E-02 
399	 1,55849257447317E-02 
400	 1,68717845022961E-02 
401	 0,020022074918633 
402	 0,023194882892574 
403	 2,28607050126718E-02 
404	 2,36790252144391E-02 
405	 2,80806563037113E-02 
406	 2,62488642688531E-02 
407	 2,26307557831485E-02 
408	 2,93342662691666E-02 
409	 3,30831800377316E-02 
410	 3,00763648275736E-02 
411	 2,16315849576268E-02 
412	 1,37051983213159E-02 
413	 1,20217312973717E-02 
414	 1,45776045375178E-02 
415	 1,93243322835036E-02 
416	 2,31808912894851E-02 
417	 2,64373908542077E-02 
418	 2,81405989349232E-02 
419	 2,28413630259452E-02 
420	 1,69394719966959E-02 
421	 1,89818774116506E-02 
422	 2,34738568068707E-02 
423	 0,027327620502398 
424	 2,54932662631731E-02 
425	 2,25521173004176E-02 
426	 2,17431782383012E-02 
427	 2,45758455908913E-02 
428	 2,75515182402678E-02 
429	 2,40639723089552E-02 
430	 2,22720104033749E-02 
431	 2,34832424492549E-02 
432	 2,15302979879847E-02 
433	 2,09145244862588E-02 
434	 2,52559256132543E-02 
435	 2,46475412489296E-02 
436	 1,99787524921592E-02 
437	 1,75339093601454E-02 
438	 1,77949116351286E-02 
439	 2,04836328520725E-02 
440	 2,14778897781259E-02 
441	 2,12408329837737E-02 
442	 0,020884380942562 
443	 2,11085336015502E-02 
444	 2,14944514301957E-02 
445	 1,97919727521245E-02 
446	 1,84984446925261E-02 
447	 1,90158414127918E-02 
448	 0,018336724311725 
449	 1,78320678324184E-02 
450	 2,10279299991106E-02 
451	 2,20388876025652E-02 
452	 1,98402575400893E-02 
453	 1,85628798205825E-02 
454	 1,86298774330252E-02 
455	 2,02663450134477E-02 
456	 2,39186872706408E-02 
457	 2,69556815359937E-02 
458	 2,23291441489058E-02 
459	 1,95781330761128E-02 
460	 2,20808240982977E-02 
461	 2,23333456043918E-02 
462	 2,08723218904418E-02 
463	 0,019342119591847 
464	 1,99190024356454E-02 
465	 2,19438116678654E-02 
466	 2,10208678487471E-02 
467	 1,96176479225298E-02 
468	 0,01948846292095 
469	 2,05689276262382E-02 
470	 2,20750849830561E-02 
471	 2,27549219862308E-02 
472	 2,14699104259136E-02 
473	 1,90273512332895E-02 
474	 2,11981191134229E-02 
475	 2,33254056860912E-02 
476	 2,08477129756495E-02 
477	 2,15346556269607E-02 
478	 2,44196749819526E-02 
479	 2,22690968341482E-02 
480	 2,07415070606521E-02 
481	 2,19755120311732E-02 
482	 2,12505451706277E-02 
483	 0,020041128489192 
484	 2,12085504514891E-02 
485	 2,21975964751141E-02 
486	 2,23476753590998E-02 
487	 2,19252564282358E-02 
488	 2,17510074813293E-02 
489	 0,022341251426321 
490	 2,23880966938439E-02 
491	 2,16399110978588E-02 
492	 1,95486528171012E-02 
493	 1,99779157657767E-02 
494	 2,32633986278214E-02 
495	 2,31663411260252E-02 
496	 2,17326621272892E-02 
497	 2,17991808401924E-02 
498	 0,021786267113552 
499	 2,14559160434952E-02 
500	 2,09988856053649E-02 
501	 2,06178360805658E-02 
502	 2,04836285124635E-02 
503	 2,07934546900497E-02 
504	 2,14422505749942E-02 
505	 2,23717180916388E-02 
506	 2,15799633500693E-02 
507	 1,97210792335589E-02 
508	 2,25343936355148E-02 
509	 0,024834545690738 
510	 2,20649274581826E-02 
511	 0,021185798503268 
512	 2,25469060380791E-02 
513	 2,35680899944546E-02 
514	 2,41896496039379E-02 
515	 2,42711022080192E-02 
516	 2,37086085803821E-02 
517	 2,34964586490505E-02 
518	 2,50135493298963E-02 
519	 2,53331825983329E-02 
520	 2,42990993525851E-02 
521	 2,42564372019749E-02 
522	 2,46360708986186E-02 
523	 0,024941693697917 
524	 2,47322202374668E-02 
525	 2,41600473890961E-02 
526	 2,35868078994103E-02 
527	 2,38336454404467E-02 
528	 2,48931566364021E-02 
529	 2,49876061745722E-02 
530	 2,46495282272137E-02 
531	 0,024645173324551 
532	 2,50907276570803E-02 
533	 2,55815190196755E-02 
534	 2,47279279563611E-02 
535	 2,38984452490928E-02 
536	 2,38863020829258E-02 
537	 2,39033635347652E-02 
538	 2,41256806138554E-02 
539	 0,025213826624058 
540	 2,51718217256613E-02 
541	 2,37229247934358E-02 
542	 2,25993302092718E-02 
543	 2,23774818260801E-02 
544	 2,34570287396837E-02 
545	 2,45404992879688E-02 
546	 2,50530448278081E-02 
547	 2,42952731043853E-02 
548	 2,36011974833302E-02 
549	 2,36699752217172E-02 
550	 2,41672906368498E-02 
551	 2,47552397268935E-02 
552	 2,49987221843453E-02 
553	 2,49230716092191E-02 
554	 2,47564541604968E-02 
555	 2,54804133746808E-02 
556	 2,58641172136238E-02 
557	 2,49564422807316E-02 
558	 2,44379041791903E-02 
559	 2,42710205415447E-02 
560	 2,33586167257823E-02 
561	 0,023436787867683 
562	 2,47483255723297E-02 
563	 2,42893090004167E-02 
564	 2,31457369932801E-02 
565	 2,30869627786785E-02 
566	 2,35257803594917E-02 
567	 2,41278998294264E-02 
568	 2,42535863776769E-02 
569	 2,40393888549414E-02 
570	 0,023686036201948 
571	 2,41211443829731E-02 
572	 2,50066630470393E-02 
573	 2,52714750135832E-02 
574	 2,56717365617158E-02 
575	 2,62626486836953E-02 
576	 2,60171991104286E-02 
577	 2,56825439553706E-02 
578	 0,02615357688571 
579	 2,65359639795323E-02 
580	 0,02660634874329 
581	 2,62335657602639E-02 
582	 2,63956032883215E-02 
583	 2,74800085317139E-02 
584	 2,76498010315554E-02 
585	 2,75089578516256E-02 
586	 0,028626671870883 
587	 2,89142170785046E-02 
588	 2,81204318599546E-02 
589	 2,80295896087645E-02 
590	 2,84662340631631E-02 
591	 2,91633601632468E-02 
592	 2,98595608175986E-02 
593	 0,0301545400232 
594	 2,90891652009879E-02 
595	 0,028429664635206 
596	 2,89666812134608E-02 
597	 2,97099454806146E-02 
598	 3,01562967471867E-02 
599	 2,97444290116507E-02 
600	 2,94987164088315E-02 
601	 2,95984289556414E-02 
602	 2,94704296337887E-02 
603	 2,92816271458251E-02 
604	 2,91715640227703E-02 
605	 0,029139738657458 
606	 2,90189047456682E-02 
607	 2,84160085820923E-02 
608	 2,76372385696311E-02 
609	 0,026974278859903 
610	 2,71900460017196E-02 
611	 2,77829001564802E-02 
612	 2,80591674339122E-02 
613	 2,77354722225632E-02 
614	 2,69297287981757E-02 
615	 2,62538502107737E-02 
616	 2,59605156283389E-02 
617	 2,61724740348493E-02 
618	 2,63109873306783E-02 
619	 2,63733985929761E-02 
620	 2,65914373052413E-02 
621	 2,65427683115967E-02 
622	 0,026159583271949 
623	 2,57896394476484E-02 
624	 2,56714045948714E-02 
625	 2,59941768086292E-02 
626	 2,59558926994659E-02 
627	 2,56646966280331E-02 
628	 2,59265415600194E-02 
629	 2,65294742637934E-02 
630	 2,72026947256236E-02 
631	 2,67625174500215E-02 
632	 2,61804981143859E-02 
633	 2,72758881075259E-02 
634	 2,77145532805861E-02 
635	 0,027218274641156 
636	 0,027642432660209 
637	 2,82118845581948E-02 
638	 0,028259461966722 
639	 2,85608117091115E-02 
640	 0,02901666988075 
641	 2,90523294559825E-02 
642	 2,89561235508713E-02 
643	 2,89414553490868E-02 
644	 2,96006641810568E-02 
645	 3,01673733123765E-02 
646	 2,96025464297727E-02 
647	 2,89106512897984E-02 
648	 2,85821493159328E-02 
649	 2,93955939633462E-02 
650	 2,97766579249958E-02 
651	 2,87663664283547E-02 
652	 2,79339817758664E-02 
653	 2,76916684701925E-02 
654	 2,84566463995211E-02 
655	 2,84643583889986E-02 
656	 0,02737451987832 
657	 2,69837606986255E-02 
658	 2,64732924349411E-02 
659	 0,024952799234075 
660	 2,42764472815542E-02 
661	 2,43461076168388E-02 
662	 2,36857848259497E-02 
663	 0,02287300486433 
664	 2,23107897537589E-02 
665	 2,27861870167128E-02 
666	 2,34594141508488E-02 
667	 2,29012188652747E-02 
668	 2,24863791949603E-02 
669	 2,24627045250207E-02 
670	 2,21381814994008E-02 
671	 2,19560353520777E-02 
672	 2,22269914829826E-02 
673	 2,21280453256907E-02 
674	 2,17858441044099E-02 
675	 0,021837728981172 
676	 2,20259139109665E-02 
677	 2,22255848110476E-02 
678	 2,22671839631651E-02 
679	 0,022156996359614 
680	 2,19321405670003E-02 
681	 2,25124293885659E-02 
682	 2,35712496904529E-02 
683	 2,33345169174542E-02 
684	 2,31291299292335E-02 
685	 2,37064826622357E-02 
686	 2,43092821831711E-02 
687	 2,49123789542389E-02 
688	 2,56564370770779E-02 
689	 2,63356853149493E-02 
690	 2,70278840743318E-02 
691	 2,82848041931965E-02 
692	 2,98086367420643E-02 
693	 3,13429512443689E-02 
694	 3,34517800658151E-02 
695	 3,60905096706253E-02 
696	 3,88583520699394E-02 
697	 4,19610202685562E-02 
698	 4,55087097884368E-02 
699	 4,96472713044036E-02 
700	 5,41592131787781E-02 
701	 5,87405665619813E-02 
702	 6,39161855522308E-02 
703	 6,94595745197421E-02 
704	 7,41861541087815E-02 
705	 7,91618113383322E-02 
706	 8,49914622762699E-02 
707	 9,07447100801303E-02 
708	 0,096273221551998 
709	 0,101543272719097 
710	 0,106751753956508 
711	 0,111905580196925 
712	 0,116761145901544 
713	 0,121315770275468 
714	 0,125583449977514 
715	 0,129725108555331 
716	 0,133753432823818 
717	 0,13766758766592 
718	 0,141217925308007 
719	 0,144289430540287 
720	 0,146992453099784 
721	 0,149471739256683 
722	 0,151894313489775 
723	 0,154266912558704 
724	 0,156630614842669 
725	 0,159150832498965 
726	 0,1611430911902 
727	 0,162280224565112 
728	 0,163573435168965 
729	 0,165001120506158 
730	 0,166270364683115 
731	 0,167181190597845 
732	 0,167878526578494 
733	 0,169285035244899 
734	 0,170692418475098 
735	 0,171452352514063 
736	 0,17177254872757 
737	 0,171993946505722 
738	 0,172833881259551 
739	 0,173743002116958 
740	 0,174470542547902 
741	 0,1749127317998 
742	 0,175173960971256 
743	 0,175397516516869 
744	 0,17587792120131 
745	 0,176506575342945 
746	 0,176740509384492 
747	 0,176805869861415 
748	 0,176890803983037 
749	 0,177397888551113 
750	 0,178082688707221 
751	 0,178518019667018 
752	 0,178441461072935 
753	 0,17809310362723 
754	 0,178660085848632 
755	 0,179345875999793 
756	 0,179539478848656 
757	 0,179405941431935 
758	 0,179182588752104 
759	 0,179275675119394 
760	 0,179533923355469 
761	 0,179883410712254 
762	 0,18022991321109 
763	 0,180413685777715 
764	 0,180325783928553 
765	 0,180576638566272 
766	 0,180989127265995 
767	 0,180740080564847 
768	 0,180711809779451 
769	 0,181114057489193 
770	 0,180975911204089 
771	 0,180708678974107 
772	 0,1808839303145 
773	 0,181340925748766 
774	 0,18180476690474 
775	 0,181518985910034 
776	 0,181485521200862 
777	 0,182086581009004 
778	 0,182067581094956 
779	 0,181673602740343 
780	 0,181461457448531 
781	 0,18157670666889 
782	 0,181946042210761 
783	 0,182142257041383 
784	 0,18206215251516 
785	 0,181742747260566 
786	 0,182169268666528 
787	 0,182744518082183 
788	 0,18212252397339 
789	 0,18204285650589 
790	 0,182697237052117 
791	 0,182547693811242 
792	 0,182345123240822 
793	 0,182655713831325 
794	 0,182504473899587 
795	 0,182126291453011 
796	 0,182364191227252 
797	 0,182555053888229 
798	 0,182490917834875 
799	 0,182282023977199 
800	 0,182156098600511 
801	 0,182310252120673 
802	 0,182488792905456 
803	 0,182615966231069 
804	 0,182617926284427 
805	 0,182746927531383 
806	 0,183023088302051 
807	 0,183017179127354 
808	 0,182870603838933 
809	 0,182774023941941 
810	 0,182772088968253 
811	 0,182916026886349 
812	 0,183328109042179 
813	 0,183572734741061 
814	 0,183559714373994 
815	 0,184089193546702 
816	 0,184467073858364 
817	 0,183838046209945 
818	 0,183713684539556 
819	 0,184132834376732 
820	 0,184104941599609 
821	 0,184084038841788 
822	 0,184260691061822 
823	 0,184435817256943 
824	 0,184769331840313 
825	 0,185470436072362 
826	 0,185561122015484 
827	 0,185028957013693 
828	 0,184540251124946 
829	 0,184580010604106 
830	 0,185261211197556 
831	 0,185384345941751 
832	 0,185012645536243 
833	 0,18443434376507 
834	 0,184767206258162 
835	 0,185713991431504 
836	 0,185291725094494 
837	 0,184854822234836 
838	 0,185101787275196 
839	 0,185455482114474 
840	 0,185551478209234 
841	 0,18498175684895 
842	 0,184959146378826 
843	 0,185349172321212 
844	 0,184465944615263 
845	 0,184277824538837 
846	 0,185532681394287 
847	 0,185361300804658 
848	 0,184479787276866 
849	 0,184347331307914 
850	 0,184495984232119 
851	 0,184723757873231 
852	 0,184660633865977 
853	 0,184682609750055 
854	 0,184893918972853 
855	 0,184545597494773 
856	 0,184024058878758 
857	 0,183958185703698 
858	 0,184034973137696 
859	 0,184087301918805 
860	 0,183791155515458 
861	 0,183677712477813 
862	 0,183954606630938 
863	 0,183974751636755 
864	 0,183969002894641 
865	 0,184315188107323 
866	 0,184562639338958 
867	 0,184605276748543 
868	 0,184421682792764 
869	 0,184523257482294 
870	 0,184998659536711 
871	 0,184733284055364 
872	 0,184215324816528 
873	 0,18415252999676 
874	 0,18427687261177 
875	 0,184525488258114 
876	 0,184943737141528 
877	 0,18489884874859 
878	 0,184389147360843 
879	 0,185118150518099 
880	 0,185906631767737 
881	 0,185429592835933 
882	 0,185734433997661 
883	 0,18657573205331 
884	 0,186124149213227 
885	 0,186221911665447 
886	 0,187182372283962 
887	 0,187099174813811 
888	 0,186546129447432 
889	 0,186211882226499 
890	 0,186475975296806 
891	 0,186897524851621 
892	 0,186242409934198 
893	 0,186416222217126 
894	 0,187595308196553 
895	 0,187773186794634 
896	 0,187154609644265 
897	 0,186172621684024 
898	 0,186844429722866 
899	 0,188056743738488 
900	 0,187257850491593 
901	 0,186729963708763 
902	 0,186961197924293 
903	 0,187267979857611 
904	 0,187197454681643 
905	 0,186611193397401 
906	 0,18675771672226 
907	 0,187307803807622 
908	 0,187571173357151 
909	 0,18705908770168 
910	 0,186119882009787 
911	 0,186293781864917 
912	 0,186312963975697 
913	 0,185746017048955 
914	 0,185827517468653 
915	 0,186036937204036 
916	 0,185724499365652 
917	 0,185863492354808 
918	 0,186265195192141 
919	 0,185966467541076 
920	 0,185707915705721 
921	 0,18568094066285 
922	 0,185599661092811 
923	 0,185087932873608 
924	 0,183992235377618 
925	 0,183794310578529 
926	 0,184297219794043 
927	 0,18469924465429 
928	 0,185033852979378 
929	 0,184994224492927 
930	 0,183500104679201 
931	 0,182747046479917 
932	 0,183727686452476 
933	 0,183637182676544 
934	 0,182835695412704 
935	 0,182203936728642 
936	 0,181694673828745 
937	 0,181167887177433 
938	 0,180176869366575 
939	 0,17914125243345 
940	 0,178192416308809 
941	 0,176875770273499 
942	 0,176295433778498 
943	 0,177263471670202 
944	 0,177676367395312 
945	 0,177173772676032 
946	 0,175820996181348 
947	 0,174605357897884 
948	 0,173877168154568 
949	 0,173648311019275 
950	 0,172836938703028 
951	 0,171057974307852 
952	 0,170305065574054 
953	 0,169578642040767 
954	 0,167536808280546 
955	 0,166942978689308 
956	 0,16738086305195 
957	 0,166361209303419 
958	 0,164675564431588 
959	 0,16294944539498 
960	 0,162770888739359 
961	 0,163140872714199 
962	 0,16316918384237 
963	 0,162703640755661 
964	 0,162053740456683 
965	 0,161752773378047 
966	 0,160947883883332 
967	 0,159951862352051 
968	 0,160364596612092 
969	 0,160752188103245 
970	 0,160661525204225 
971	 0,161357220988003 
972	 0,161698624559826 
973	 0,16067684333006 
974	 0,159477523586638 
975	 0,158877658063136 
976	 0,159805339866093 
977	 0,161084656668315 
978	 0,161816254690505 
979	 0,160187450116863 
980	 0,159451613377415 
981	 0,160710111158513 
982	 0,159836895055373 
983	 0,158629727605945 
984	 0,159219696069335 
985	 0,16091549547085 
986	 0,162010227181217 
987	 0,159443668758996 
988	 0,159025283622437 
989	 0,160946756455356 
990	 0,158928541506465 
991	 0,158995015006047 
992	 0,163154726340135 
993	 0,163321242994786 
994	 0,161878880603893 
995	 0,162049764715532 
996	 0,163245373816425 
997	 0,164818859249806 
998	 0,165699313436052 
999	 0,165028566262247 
1000	 0,163821917761811 
1001	 0,166843870920409 
1002	 0,16817281365822 
1003	 0,16571936151904 
1004	 0,165839862590757 
1005	 0,167755610405245 
1006	 0,169861700878393 
1007	 0,168261031534179 
1008	 0,165914098893673 
1009	 0,169229244278047 
1010	 0,172311860186166 
1011	 0,173176872551443 
1012	 0,170661594421686 
1013	 0,169742043295865 
1014	 0,17191290441689 
1015	 0,171593689627329 
1016	 0,171724462084013 
1017	 0,174414182043303 
1018	 0,173278372043063 
1019	 0,171433499143627 
1020	 0,174732960316729 
1021	 0,175551966868553 
1022	 0,17412000088664 
1023	 0,176202473887296 
1024	 0,177737988305068 
1025	 0,177516169962934 
1026	 0,176042279486946 
1027	 0,177316545545775 
1028	 0,1825769349786 
1029	 0,181105252724195 
1030	 0,17746975926131 
1031	 0,178265780243196 
1032	 0,181772998365206 
1033	 0,18287413270969 
1034	 0,171854844565535 
1035	 0,172477702138389 
1036	 0,184819554839665 
1037	 0,182645025633698 
1038	 0,179103860471598 
1039	 0,17965786397761 
1040	 0,181452171935299 
1041	 0,181297107106577 
1042	 0,177891053468196 
1043	 0,183129644198413 
1044	 0,18693254447592 
1045	 0,174627310560369 
1046	 0,177331147638502 
1047	 0,19028454110295 
1048	 0,186140415583432 
1049	 0,180160573133631 
1050	 0,177936349769029 
1051	 0,183875285962366 
1052	 0,186550874360585 
1053	 0,181530715242248 
1054	 0,177528595854401 
1055	 0,183559802881933 
1056	 0,201989004281924 
1057	 0,194460891886716 
1058	 0,174368555395816 
1059	 0,16915638372798 
1060	 0,172958899831802 
1061	 0,180337380745368 
1062	 0,180966528587294 
1063	 0,181481534418397 
1064	 0,184429905888999 
1065	 0,193249434237805 
1066	 0,194454040197238 
1067	 0,18464356584679 
1068	 0,182744979057055 
1069	 0,178576023821778 
1070	 0,167806016030128 
1071	 0,182851713945529 
1072	 0,197857404779993 
1073	 0,179939597353102 
1074	 0,162432520454672 
1075	 0,154247360606123 
