Wavelength	CAMFROU00278.asd
325	 4,30322444724147E-02 
326	 1,09994924657414E-02 
327	 0,116850462365787 
328	 0,28926829112448 
329	 0,239124202782138 
330	 0,142641710999126 
331	 0,109965097675266 
332	 0,12554953715645 
333	 0,166936448157216 
334	 0,190839848930768 
335	 0,165704626527755 
336	 0,100800704655507 
337	 6,98152321226653E-02 
338	 7,23921852361536E-02 
339	 9,93328001168322E-02 
340	 0,123198697578736 
341	 0,114868458915756 
342	 6,65345169352754E-03 
343	-4,36820068893304E-02 
344	-1,03174685059274E-04 
345	 0,106342583337095 
346	 0,165392005550836 
347	 0,131321057912068 
348	 8,51052406607044E-02 
349	 4,79640313945631E-02 
350	 0,049097491457875 
351	 4,07099935550756E-02 
352	 1,57738728189036E-02 
353	 5,55593530037445E-02 
354	 0,103261399045859 
355	 9,84829788246839E-02 
356	 0,10333196262052 
357	 0,111314323313776 
358	 5,80065777260962E-02 
359	 3,69247467780818E-02 
360	 8,01824945378644E-02 
361	 6,20096557336087E-02 
362	 2,21365372324484E-02 
363	 3,48168267562289E-02 
364	 5,49516762941102E-02 
365	 6,83566062107723E-02 
366	 0,058762098457688 
367	 5,14676890294545E-02 
368	 6,31516405364638E-02 
369	 0,081169754753587 
370	 9,41019060124945E-02 
371	 9,25955494983568E-02 
372	 8,45562837290517E-02 
373	 0,071898497151508 
374	 4,78956729670745E-02 
375	 3,79951373251775E-02 
376	 5,92505895456045E-02 
377	 6,10773836622308E-02 
378	 4,98059336972357E-02 
379	 5,24375207317122E-02 
380	 5,83477589364809E-02 
381	 6,37912233774438E-02 
382	 6,88457986316602E-02 
383	 7,28728288050322E-02 
384	 7,50046080601341E-02 
385	 7,65361941412356E-02 
386	 0,073120768251113 
387	 4,88579223474267E-02 
388	 4,19607509759037E-02 
389	 0,061668821506348 
390	 7,71739486865367E-02 
391	 7,81253906807586E-02 
392	 0,054622791863351 
393	 4,52742487463694E-02 
394	 0,054808853808217 
395	 7,26542997301734E-02 
396	 8,00988178028174E-02 
397	 6,97758857099801E-02 
398	 6,45758116129663E-02 
399	 6,31723746794653E-02 
400	 5,97928174141703E-02 
401	 5,53494562129231E-02 
402	 0,052264537232147 
403	 5,95680641318716E-02 
404	 0,063206797015626 
405	 5,52422213588946E-02 
406	 5,46177600118505E-02 
407	 5,96639652021064E-02 
408	 6,19268255765868E-02 
409	 6,07435533300379E-02 
410	 5,55702832028622E-02 
411	 4,47923886911834E-02 
412	 3,76073913699921E-02 
413	 4,24359560366059E-02 
414	 4,88573464502162E-02 
415	 5,36892059732831E-02 
416	 5,51301344896108E-02 
417	 5,74427727210168E-02 
418	 0,061046859435446 
419	 5,75461396804766E-02 
420	 5,20711467605726E-02 
421	 5,19626134982867E-02 
422	 5,54124742279586E-02 
423	 5,93288861936527E-02 
424	 5,50417561049063E-02 
425	 5,22065204315696E-02 
426	 5,59794846869197E-02 
427	 5,65270049708252E-02 
428	 5,41132852799479E-02 
429	 5,12233978087681E-02 
430	 5,02645543683373E-02 
431	 5,17404193860844E-02 
432	 5,37225892620087E-02 
433	 5,54565278950429E-02 
434	 5,61374163471501E-02 
435	 5,28181251048328E-02 
436	 4,81022382127076E-02 
437	 4,94756029908931E-02 
438	 5,18653322480089E-02 
439	 5,30618508308488E-02 
440	 0,053215610624924 
441	 5,26843620624207E-02 
442	 5,19434862703286E-02 
443	 5,24736412487166E-02 
444	 5,37527479466006E-02 
445	 5,30542458237296E-02 
446	 5,09106849520661E-02 
447	 4,80998603104104E-02 
448	 4,73642718103492E-02 
449	 4,85508827034796E-02 
450	 5,04461138138023E-02 
451	 5,46876903085856E-02 
452	 5,97137109436882E-02 
453	 5,75485932401025E-02 
454	 5,35190462586835E-02 
455	 5,29367557424306E-02 
456	 5,56308609721584E-02 
457	 5,92040518258991E-02 
458	 5,73872197630609E-02 
459	 5,63636731130696E-02 
460	 5,80133904153402E-02 
461	 5,66988475175265E-02 
462	 5,30618118212505E-02 
463	 4,85894751807293E-02 
464	 0,04843728418501 
465	 5,22173248879941E-02 
466	 0,053748664053166 
467	 5,39570923087779E-02 
468	 5,35708211360042E-02 
469	 5,36870849964113E-02 
470	 5,42414762023717E-02 
471	 5,47300616960024E-02 
472	 0,05487018215357 
473	 5,49453024361007E-02 
474	 5,70546330721215E-02 
475	 5,85024835473117E-02 
476	 5,67137345707031E-02 
477	 5,54457040335422E-02 
478	 5,51324581382751E-02 
479	 5,43323147749962E-02 
480	 5,51019126634845E-02 
481	 5,75822717232573E-02 
482	 5,60941772473587E-02 
483	 5,33404936312995E-02 
484	 5,41102371586079E-02 
485	 5,53358105871186E-02 
486	 5,59099910427762E-02 
487	 5,47113320193472E-02 
488	 5,43187012504653E-02 
489	 5,63528407253333E-02 
490	 5,63280581367039E-02 
491	 5,44373083449927E-02 
492	 5,24463202442956E-02 
493	 5,23570143465838E-02 
494	 5,42617847500019E-02 
495	 5,36979011967083E-02 
496	 5,31154990689296E-02 
497	 5,55712745085755E-02 
498	 5,60918653130357E-02 
499	 5,43725260560755E-02 
500	 5,28106418257653E-02 
501	 5,22853044868375E-02 
502	 5,33002765807028E-02 
503	 5,52180553999613E-02 
504	 5,65664713341217E-02 
505	 5,49100219564931E-02 
506	 5,46010442455248E-02 
507	 5,64417697250444E-02 
508	 5,79135034764922E-02 
509	 5,81613524925591E-02 
510	 0,056675941524667 
511	 5,61974155152815E-02 
512	 5,69402470979189E-02 
513	 5,80455801254454E-02 
514	 5,86240953372262E-02 
515	 5,83283220426382E-02 
516	 5,78070727765407E-02 
517	 5,82168202680352E-02 
518	 6,10797442784226E-02 
519	 6,19742899638101E-02 
520	 6,05389816015414E-02 
521	 6,00232037731312E-02 
522	 5,98639563241376E-02 
523	 5,96969081692603E-02 
524	 6,04829601950352E-02 
525	 6,14621041371769E-02 
526	 0,060564091136522 
527	 6,00973784165923E-02 
528	 6,07786850801283E-02 
529	 6,19544684216382E-02 
530	 0,062316807397512 
531	 0,060507666203674 
532	 6,01419805305104E-02 
533	 6,12798185381537E-02 
534	 6,13121274550159E-02 
535	 6,11026853110116E-02 
536	 6,11231527744287E-02 
537	 6,09364430643217E-02 
538	 0,06091623877056 
539	 6,19474674165106E-02 
540	 6,19639054923497E-02 
541	 6,07174995947091E-02 
542	 6,01361440063342E-02 
543	 6,05207647914314E-02 
544	 6,19600192922121E-02 
545	 6,24334848484946E-02 
546	 6,19880738488808E-02 
547	 6,20482647975264E-02 
548	 6,21207723750026E-02 
549	 0,062060152074592 
550	 6,23520558356984E-02 
551	 6,27526249288182E-02 
552	 6,27939354505669E-02 
553	 6,32190044791979E-02 
554	 6,38518627567358E-02 
555	 6,31979149696519E-02 
556	 6,22982923876261E-02 
557	 6,20441208541545E-02 
558	 6,19974994437619E-02 
559	 6,17776616291062E-02 
560	 6,03912948649949E-02 
561	 6,01140458577931E-02 
562	 6,14485200813454E-02 
563	 6,13165976804136E-02 
564	 0,060395632112796 
565	 5,99459242037428E-02 
566	 5,98656098336715E-02 
567	 6,01533588689904E-02 
568	 6,08256720340806E-02 
569	 6,10927869623588E-02 
570	 6,05438376007721E-02 
571	 6,09406906238463E-02 
572	 6,20500263484275E-02 
573	 0,06270835347431 
574	 6,36638036631286E-02 
575	 6,50331283174714E-02 
576	 6,62784437943949E-02 
577	 6,71351469083249E-02 
578	 6,73827817947596E-02 
579	 6,83373454992266E-02 
580	 0,069684932837908 
581	 6,92913639363501E-02 
582	 6,95023936201249E-02 
583	 0,071443645444437 
584	 7,26820871040743E-02 
585	 7,31887734129357E-02 
586	 7,34482171735643E-02 
587	 7,41916906707546E-02 
588	 0,075404576486521 
589	 7,57698049714914E-02 
590	 7,59799900193009E-02 
591	 7,67218745564205E-02 
592	 7,76728975090558E-02 
593	 7,83669485602614E-02 
594	 7,76556059335415E-02 
595	 7,71698352770694E-02 
596	 7,76080489854964E-02 
597	 7,79037218004207E-02 
598	 7,79639822715543E-02 
599	 7,78127686652226E-02 
600	 0,078077538701047 
601	 0,078631594876712 
602	 7,83675411939008E-02 
603	 7,75149772761036E-02 
604	 7,63821957506269E-02 
605	 7,61141528392233E-02 
606	 7,63595729082166E-02 
607	 7,57768664107209E-02 
608	 7,49566302967908E-02 
609	 7,41794556738603E-02 
610	 7,37938401080959E-02 
611	 7,36439546551839E-02 
612	 7,34924705546209E-02 
613	 7,26979667328925E-02 
614	 7,15811959492015E-02 
615	 7,18106770342966E-02 
616	 7,19283964824745E-02 
617	 7,10708852550515E-02 
618	 7,04262910374131E-02 
619	 7,01775841556947E-02 
620	 7,03516110506699E-02 
621	 7,04552856264956E-02 
622	 7,03464017580152E-02 
623	 7,03600077888964E-02 
624	 7,02943499751052E-02 
625	 6,99475289800603E-02 
626	 0,06990068026046 
627	 7,01524530187409E-02 
628	 7,02585603573781E-02 
629	 7,06434056260416E-02 
630	 7,13929333507898E-02 
631	 7,14636157718052E-02 
632	 7,14543191610701E-02 
633	 7,25493539999836E-02 
634	 7,32372493404168E-02 
635	 7,33186216733285E-02 
636	 7,38571600084803E-02 
637	 7,47597344721233E-02 
638	 0,075885453104161 
639	 7,69178631882492E-02 
640	 7,75569677590065E-02 
641	 7,71381151703962E-02 
642	 7,72213172035585E-02 
643	 7,82775231446458E-02 
644	 7,87806344787705E-02 
645	 7,89407781849563E-02 
646	 7,92246641340694E-02 
647	 7,88466771784455E-02 
648	 7,80766670749864E-02 
649	 7,85557186001598E-02 
650	 7,87217124512914E-02 
651	 7,75887239731172E-02 
652	 7,63442250453714E-02 
653	 7,54030459458393E-02 
654	 0,075241906975264 
655	 7,48432338450637E-02 
656	 7,38036625506197E-02 
657	 7,22570966082117E-02 
658	 7,02183517618924E-02 
659	 6,77622179618432E-02 
660	 6,64880711567518E-02 
661	 6,60672717477635E-02 
662	 6,45024280157774E-02 
663	 6,26875792848121E-02 
664	 6,11834068845373E-02 
665	 6,06444086472074E-02 
666	 6,04432290278914E-02 
667	 5,94817746443386E-02 
668	 0,058704319139558 
669	 5,83085016084254E-02 
670	 5,80326914235688E-02 
671	 5,76336699379277E-02 
672	 5,69406652048715E-02 
673	 5,62077729961087E-02 
674	 5,57917932883347E-02 
675	 5,64999591592623E-02 
676	 5,68590999753712E-02 
677	 5,64914796238749E-02 
678	 5,68559801486514E-02 
679	 5,71206652037365E-02 
680	 5,61983013806802E-02 
681	 5,64471671428984E-02 
682	 5,77590182864914E-02 
683	 5,78970132663537E-02 
684	 5,80358145413627E-02 
685	 5,88974403120015E-02 
686	 6,03144148608742E-02 
687	 6,21387997344947E-02 
688	 6,41251827557509E-02 
689	 6,65113201683041E-02 
690	 6,93314798876013E-02 
691	 7,23177412778237E-02 
692	 7,59943811251816E-02 
693	 8,07969823597204E-02 
694	 8,58877271618215E-02 
695	 9,14006453116949E-02 
696	 9,81117919105493E-02 
697	 0,105379427555681 
698	 0,113066692338899 
699	 0,122083528567756 
700	 0,13169550312787 
701	 0,140858557481078 
702	 0,150567149900626 
703	 0,160775837081672 
704	 0,170568141935054 
705	 0,180358911904871 
706	 0,19035292724554 
707	 0,200195662504029 
708	 0,209635766456415 
709	 0,218270915058068 
710	 0,226630556182983 
711	 0,234824569760452 
712	 0,242503421018063 
713	 0,249809357515484 
714	 0,256861909294504 
715	 0,263402216632567 
716	 0,269359007185724 
717	 0,274719126271431 
718	 0,279614424075631 
719	 0,28420958078133 
720	 0,289032770418763 
721	 0,293666749036427 
722	 0,297535916068319 
723	 0,300941991790626 
724	 0,30401463502386 
725	 0,30687279159478 
726	 0,309475060585683 
727	 0,3118378051462 
728	 0,314216881347915 
729	 0,316383897085278 
730	 0,317849864965024 
731	 0,31940753516932 
732	 0,321226896961482 
733	 0,322845069775545 
734	 0,324311369639806 
735	 0,32567675397819 
736	 0,326865908040049 
737	 0,327882795812611 
738	 0,328734224009598 
739	 0,329576787300813 
740	 0,330528696308957 
741	 0,33182874078909 
742	 0,33299760474167 
743	 0,333483317340518 
744	 0,334059777237488 
745	 0,334803086092892 
746	 0,335369882893082 
747	 0,335782004900321 
748	 0,336123965668006 
749	 0,336894309501129 
750	 0,337886145788034 
751	 0,338707892646805 
752	 0,339163664117197 
753	 0,33936163271529 
754	 0,339984878262107 
755	 0,34055395568638 
756	 0,340735259990143 
757	 0,340896550475627 
758	 0,341180963466004 
759	 0,341789889663823 
760	 0,342035272182318 
761	 0,341942504684163 
762	 0,342778880530554 
763	 0,343761671407272 
764	 0,344101811335654 
765	 0,344161381415261 
766	 0,344172490142296 
767	 0,344521348026021 
768	 0,345040522288933 
769	 0,34559288063903 
770	 0,345787546567097 
771	 0,345914343527142 
772	 0,346346919598054 
773	 0,346630527188237 
774	 0,34672991144559 
775	 0,346805663772187 
776	 0,347172639530202 
777	 0,347877021062706 
778	 0,347958987912656 
779	 0,347863572175195 
780	 0,348403129940097 
781	 0,348629402498468 
782	 0,348508436133991 
783	 0,348848544352179 
784	 0,34918633159769 
785	 0,349252862311771 
786	 0,349548029351495 
787	 0,349856502287444 
788	 0,349657969488954 
789	 0,349733652225606 
790	 0,350198171998384 
791	 0,3504952765345 
792	 0,350604890793275 
793	 0,350532112129778 
794	 0,350346960878772 
795	 0,350320706169479 
796	 0,35101784213449 
797	 0,351457672603074 
798	 0,351361792577105 
799	 0,351181295756691 
800	 0,351201049159958 
801	 0,351638483559357 
802	 0,352013050238772 
803	 0,352187991479342 
804	 0,352037163059541 
805	 0,352104636553568 
806	 0,352525732031731 
807	 0,35273812557014 
808	 0,352895158729483 
809	 0,353206705152595 
810	 0,353756384252928 
811	 0,354348326029941 
812	 0,354389059407665 
813	 0,354512467002784 
814	 0,354904551514905 
815	 0,354888410029394 
816	 0,354914062286081 
817	 0,355553991653403 
818	 0,355966215872906 
819	 0,356064693447129 
820	 0,356173160402181 
821	 0,356448522943096 
822	 0,35694591261248 
823	 0,357428861921191 
824	 0,357713246497331 
825	 0,357614502110082 
826	 0,357827449960358 
827	 0,358259352965159 
828	 0,358008639260442 
829	 0,357876706838004 
830	 0,358215262882418 
831	 0,358350448811099 
832	 0,358399741161235 
833	 0,358616852189642 
834	 0,35910085197896 
835	 0,359643480881971 
836	 0,359530545300643 
837	 0,359222929840325 
838	 0,35907809332515 
839	 0,359684539283105 
840	 0,360233824123561 
841	 0,359522039014953 
842	 0,359590658274535 
843	 0,360518623889122 
844	 0,360775166102487 
845	 0,36086352406395 
846	 0,361025081224829 
847	 0,361034559426558 
848	 0,360976831010402 
849	 0,360993911057772 
850	 0,361167980857415 
851	 0,361369099584241 
852	 0,361089060293876 
853	 0,360863570405487 
854	 0,360979905069438 
855	 0,361216414486613 
856	 0,361404650526547 
857	 0,361355886127413 
858	 0,361175100913875 
859	 0,361039069311932 
860	 0,361395642965009 
861	 0,361785775465761 
862	 0,361939397990154 
863	 0,361752797191097 
864	 0,361846971327695 
865	 0,362993266571721 
866	 0,363119203026658 
867	 0,362362795506772 
868	 0,362674915501756 
869	 0,363390587802455 
870	 0,364083808497334 
871	 0,364088549485916 
872	 0,363946268364155 
873	 0,364373512177786 
874	 0,364739210520289 
875	 0,364978485448345 
876	 0,365380648573944 
877	 0,365343136728001 
878	 0,364860687305556 
879	 0,365341020956705 
880	 0,366305830762523 
881	 0,367078244499445 
882	 0,367202276342765 
883	 0,366952926312814 
884	 0,367311803211594 
885	 0,36784093786199 
886	 0,368331194292897 
887	 0,3685420022226 
888	 0,368516296007146 
889	 0,368341399574671 
890	 0,368300163009725 
891	 0,368430487077833 
892	 0,368664891040956 
893	 0,368978765232261 
894	 0,369305723318618 
895	 0,369430160398675 
896	 0,369674286743864 
897	 0,370225344842508 
898	 0,37035021184574 
899	 0,370101803446248 
900	 0,369762214392696 
901	 0,369806327300313 
902	 0,370287123760895 
903	 0,370837727758327 
904	 0,370990009368769 
905	 0,370560274374403 
906	 0,370501535808596 
907	 0,370839523435084 
908	 0,37141683410764 
909	 0,371721591677706 
910	 0,371669723051741 
911	 0,371479963938467 
912	 0,371338447771291 
913	 0,37141833862932 
914	 0,37218229476495 
915	 0,372395049847716 
916	 0,370814358459617 
917	 0,37057531840715 
918	 0,371450131623842 
919	 0,371100351660365 
920	 0,371302683419788 
921	 0,372172258548685 
922	 0,371492272957164 
923	 0,370334394544702 
924	 0,369759103085817 
925	 0,370164779518409 
926	 0,370849199411551 
927	 0,370446248216038 
928	 0,36971711625643 
929	 0,369109557918379 
930	 0,369319025720446 
931	 0,370098481063898 
932	 0,370877134482895 
933	 0,369096393400603 
934	 0,366661799660127 
935	 0,366339995869202 
936	 0,366737011127114 
937	 0,367197549266701 
938	 0,3669208985712 
939	 0,365739860335275 
940	 0,363903748361128 
941	 0,36288901430967 
942	 0,362698171677026 
943	 0,363083922868639 
944	 0,362313171437205 
945	 0,361167470254784 
946	 0,36169819594854 
947	 0,361473059252484 
948	 0,359923335699433 
949	 0,357631080266316 
950	 0,355727172779633 
951	 0,354875937024424 
952	 0,354495250226564 
953	 0,353798076411794 
954	 0,352000855572911 
955	 0,350830987865803 
956	 0,350384644971177 
957	 0,350046942750659 
958	 0,348656802038608 
959	 0,346302380755981 
960	 0,345404497561642 
961	 0,345439412674399 
962	 0,345807548784696 
963	 0,345756606060084 
964	 0,345305784420592 
965	 0,344709735353541 
966	 0,344836227076965 
967	 0,34521304865955 
968	 0,343528533396887 
969	 0,342403619901887 
970	 0,342991750027173 
971	 0,345080117831237 
972	 0,345730514597531 
973	 0,342765069772713 
974	 0,342133875875951 
975	 0,343373605070902 
976	 0,343796636961535 
977	 0,342824676973456 
978	 0,341108964729948 
979	 0,341573582914733 
980	 0,34284648668347 
981	 0,344067871394729 
982	 0,344827169744353 
983	 0,344675146433204 
984	 0,343501707310765 
985	 0,345027374891093 
986	 0,34742750899986 
987	 0,345891337891614 
988	 0,344865496091249 
989	 0,345239477068875 
990	 0,345094220486477 
991	 0,346044033682322 
992	 0,348332873760455 
993	 0,348176394555786 
994	 0,348115278918047 
995	 0,350783870865462 
996	 0,351249762195499 
997	 0,350440892856984 
998	 0,351838943192938 
999	 0,3536655522179 
1000	 0,355130815003975 
1001	 0,35525115908777 
1002	 0,355528649433796 
1003	 0,356489811703898 
1004	 0,356138257970936 
1005	 0,35650449777248 
1006	 0,359114417151122 
1007	 0,356337215075069 
1008	 0,353066528688654 
1009	 0,360123796700762 
1010	 0,363466211412756 
1011	 0,361453916109218 
1012	 0,361505729230471 
1013	 0,363421204745067 
1014	 0,366672252983718 
1015	 0,36840243451133 
1016	 0,367247159774502 
1017	 0,362924443081707 
1018	 0,360672602587332 
1019	 0,362224897499868 
1020	 0,368458609628038 
1021	 0,37215700893765 
1022	 0,372314962083429 
1023	 0,371326858905753 
1024	 0,371518426366932 
1025	 0,37279425755717 
1026	 0,36962791912188 
1027	 0,368448502125519 
1028	 0,373111239259501 
1029	 0,378389911135676 
1030	 0,381350910424188 
1031	 0,379649063494641 
1032	 0,37777952594055 
1033	 0,376403394839857 
1034	 0,374613189795033 
1035	 0,374899738413779 
1036	 0,377078051746671 
1037	 0,377359199430417 
1038	 0,380223016913806 
1039	 0,385524659982966 
1040	 0,381120235250579 
1041	 0,378064982251581 
1042	 0,384756332959794 
1043	 0,388656479577969 
1044	 0,386691154894436 
1045	 0,377880011314183 
1046	 0,379423690402919 
1047	 0,387635779050885 
1048	 0,384464745821691 
1049	 0,379682212815293 
1050	 0,377468933938981 
1051	 0,383848798067215 
1052	 0,382567507723863 
1053	 0,36997441709525 
1054	 0,374636714765088 
1055	 0,386911833564239 
1056	 0,395090986221558 
1057	 0,38964109826356 
1058	 0,377597060265861 
1059	 0,371673975879319 
1060	 0,367938210904176 
1061	 0,370183454739954 
1062	 0,388874747687643 
1063	 0,390587024595711 
1064	 0,375845418355539 
1065	 0,38707369322311 
1066	 0,38822741178317 
1067	 0,370354121195322 
1068	 0,377276892532894 
1069	 0,386593574775849 
1070	 0,381957071902044 
1071	 0,388364869021235 
1072	 0,399383792420358 
1073	 0,403487650221586 
1074	 0,389545598561469 
1075	 0,373551545207934 
