Wavelength	GOOSEBAR00254.asd
325	 0,263028308779116 
326	 0,31934550907825 
327	 0,313936791528021 
328	 0,241543084229912 
329	 0,326234765875561 
330	 0,390817515817516 
331	 0,325074638864831 
332	 0,218051820995441 
333	 0,173610868752337 
334	 0,23268407999884 
335	 0,368592059784101 
336	 0,431537393700273 
337	 0,321719251208886 
338	 0,183997409840517 
339	 0,175292275506851 
340	 0,228467483806522 
341	 0,286004017079932 
342	 0,313290440574252 
343	 0,295673432318838 
344	 0,242733896226818 
345	 0,246436625327546 
346	 0,231785117062008 
347	 0,123759975623376 
348	 0,122004549521576 
349	 0,190156939120619 
350	 0,148616857626524 
351	 0,114011101886301 
352	 0,125377733339776 
353	 0,16117111193386 
354	 0,192640936551163 
355	 0,201538557653627 
356	 0,202265601172155 
357	 0,191730499081608 
358	 0,14762674068377 
359	 0,135119820452924 
360	 0,17116056190435 
361	 0,172043091008608 
362	 0,160678913929109 
363	 0,180286950649909 
364	 0,184854525899779 
365	 0,168516445523297 
366	 0,151119054543899 
367	 0,143085752339568 
368	 0,148839965250359 
369	 0,169463360145202 
370	 0,18620706807197 
371	 0,1727542241155 
372	 0,158810120349935 
373	 0,152863935568972 
374	 0,148520896111599 
375	 0,144929292662546 
376	 0,142104916387215 
377	 0,161694379708109 
378	 0,183640014808665 
379	 0,164708606422895 
380	 0,155576087738015 
381	 0,165007398887231 
382	 0,142337598990015 
383	 0,124146916904375 
384	 0,146262352511605 
385	 0,156929948983138 
386	 0,152949502330276 
387	 0,149222438793627 
388	 0,152329352672062 
389	 0,163606985795175 
390	 0,174680657073007 
391	 0,172945483641432 
392	 0,14567283978867 
393	 0,137430221851793 
394	 0,146927695378463 
395	 0,136870876705564 
396	 0,13410484629011 
397	 0,149318853826769 
398	 0,158749253617442 
399	 0,15829947548724 
400	 0,14496996149978 
401	 0,140416388159493 
402	 0,147004303010357 
403	 0,152410825428167 
404	 0,152357959475386 
405	 0,145461871703132 
406	 0,146135594538877 
407	 0,149886624354733 
408	 0,143901482704722 
409	 0,137525554681891 
410	 0,134641912586645 
411	 0,137606112333998 
412	 0,14070807405952 
413	 0,138867840201526 
414	 0,136917489661998 
415	 0,13671251740924 
416	 0,141056386617309 
417	 0,142735813604848 
418	 0,139957974871225 
419	 0,142025934926679 
420	 0,144892008640529 
421	 0,142493684665054 
422	 0,138364728801204 
423	 0,134529121266176 
424	 0,134295718561752 
425	 0,135709644266793 
426	 0,137393303370095 
427	 0,139036588917039 
428	 0,139605821029883 
429	 0,136867049061508 
430	 0,140328568907531 
431	 0,149108962215271 
432	 0,146646534714721 
433	 0,14217638484105 
434	 0,144084334283185 
435	 0,14248047443395 
436	 0,138693631247241 
437	 0,140545453107752 
438	 0,141334777472083 
439	 0,139199761450302 
440	 0,140476850018657 
441	 0,141743470165246 
442	 0,138093750774922 
443	 0,137557708684549 
444	 0,141036090110304 
445	 0,145125304648887 
446	 0,147092627595211 
447	 0,145514575829662 
448	 0,143979931665681 
449	 0,14397987889347 
450	 0,147234290213178 
451	 0,149707982941408 
452	 0,150005024233147 
453	 0,148083992787213 
454	 0,148375794322839 
455	 0,154306695989825 
456	 0,153894034078165 
457	 0,148965286113776 
458	 0,150539834468599 
459	 0,152383716316587 
460	 0,152166479933709 
461	 0,15189467154374 
462	 0,152514837192746 
463	 0,155034372070562 
464	 0,155125434265905 
465	 0,153229342910339 
466	 0,155220761453402 
467	 0,15621204273568 
468	 0,153070153194952 
469	 0,147572212051784 
470	 0,144115884704125 
471	 0,150737531693278 
472	 0,155831334955349 
473	 0,155966809447526 
474	 0,154768000644762 
475	 0,153807198132836 
476	 0,154411299563552 
477	 0,155194615322917 
478	 0,155462530936017 
479	 0,154216723508136 
480	 0,152756536899526 
481	 0,151745824904574 
482	 0,150533037489171 
483	 0,150605158938667 
484	 0,154292731874533 
485	 0,154850241822459 
486	 0,152277893060821 
487	 0,154442499946305 
488	 0,155728352400413 
489	 0,152227063801198 
490	 0,149821289770861 
491	 0,149730676467693 
492	 0,152512958695806 
493	 0,154926117945298 
494	 0,155786770027582 
495	 0,156639102194743 
496	 0,156603236538202 
497	 0,154627386498779 
498	 0,152528718259107 
499	 0,151552194300766 
500	 0,15387251844979 
501	 0,156106422971983 
502	 0,156272691252897 
503	 0,155597535236514 
504	 0,154663847198861 
505	 0,153998121777516 
506	 0,155148224084373 
507	 0,157448840856525 
508	 0,155927858364929 
509	 0,154186064767717 
510	 0,155547606643293 
511	 0,156916893660236 
512	 0,157788436030916 
513	 0,158503922491464 
514	 0,158864973905195 
515	 0,158916485847425 
516	 0,159441374662351 
517	 0,160086239145153 
518	 0,160234554938181 
519	 0,160643840806777 
520	 0,161556543283273 
521	 0,163270795640471 
522	 0,164288349151335 
523	 0,163621237285025 
524	 0,162896126732227 
525	 0,162355639243213 
526	 0,161813313911128 
527	 0,161517492851319 
528	 0,161530998573327 
529	 0,161662999982007 
530	 0,161862710433894 
531	 0,16209439540012 
532	 0,162547028877949 
533	 0,162903538685785 
534	 0,161925311403207 
535	 0,161692521136919 
536	 0,163104558912358 
537	 0,162568924717371 
538	 0,161172693900474 
539	 0,161821352698322 
540	 0,162333532517414 
541	 0,162296304048299 
542	 0,163107455294294 
543	 0,163579980493891 
544	 0,162599448414073 
545	 0,162525645209682 
546	 0,163186934486221 
547	 0,162652011774357 
548	 0,162243846141561 
549	 0,162516167981752 
550	 0,162594489704521 
551	 0,162684356186727 
552	 0,163304353024489 
553	 0,163001522366055 
554	 0,161945431587324 
555	 0,162463603255415 
556	 0,163505188057394 
557	 0,1641099844609 
558	 0,164209235716285 
559	 0,163974630039267 
560	 0,163845995240053 
561	 0,164041187819661 
562	 0,164605373161664 
563	 0,165046390199831 
564	 0,165374319146109 
565	 0,165676284022376 
566	 0,165952020051322 
567	 0,166147032762345 
568	 0,166089187354165 
569	 0,16584898200171 
570	 0,165564118001347 
571	 0,166025962932989 
572	 0,16680683490837 
573	 0,166628503399735 
574	 0,167071809234193 
575	 0,168410584526608 
576	 0,168924144061591 
577	 0,16937868376133 
578	 0,170747752670832 
579	 0,171862803228226 
580	 0,172588021327641 
581	 0,173371037642742 
582	 0,174378160298002 
583	 0,175603423799524 
584	 0,176269192596737 
585	 0,176361461761201 
586	 0,176007167338083 
587	 0,17589589612369 
588	 0,176260282382108 
589	 0,176947670185729 
590	 0,177385377842313 
591	 0,177100689545888 
592	 0,177281877575602 
593	 0,177722017616921 
594	 0,177058864153142 
595	 0,176940976285306 
596	 0,177914575427752 
597	 0,178047474887387 
598	 0,177864005716182 
599	 0,178478519765912 
600	 0,178591241642674 
601	 0,177974315172618 
602	 0,177173436035896 
603	 0,176546223194373 
604	 0,176373471380773 
605	 0,176512270723421 
606	 0,176596618645522 
607	 0,175734396330289 
608	 0,175355263350957 
609	 0,175843157721837 
610	 0,175994039599953 
611	 0,175742690467391 
612	 0,175150815070553 
613	 0,1749607741826 
614	 0,175030882380544 
615	 0,174081560564079 
616	 0,173582059025118 
617	 0,174297411331797 
618	 0,17410413258411 
619	 0,173232193019548 
620	 0,172675225499413 
621	 0,172740594454247 
622	 0,173352379898193 
623	 0,173445875733908 
624	 0,173213707057364 
625	 0,172942619559626 
626	 0,173024241168021 
627	 0,173381524350039 
628	 0,173604876275705 
629	 0,173238693028858 
630	 0,172329709831999 
631	 0,173114255603478 
632	 0,174501193239541 
633	 0,17430179758938 
634	 0,174479251227319 
635	 0,175169887416667 
636	 0,17449058141253 
637	 0,174028625318246 
638	 0,175053401063793 
639	 0,175245343000109 
640	 0,174792510161592 
641	 0,175344031001218 
642	 0,175562135013748 
643	 0,175063756434013 
644	 0,17482130874201 
645	 0,175064678220845 
646	 0,175967884092019 
647	 0,175652092844116 
648	 0,174285886638466 
649	 0,174262814840095 
650	 0,174338628679309 
651	 0,173750223264147 
652	 0,173623924211416 
653	 0,173643067694302 
654	 0,172831058414539 
655	 0,172117455952726 
656	 0,171739815494887 
657	 0,171286159470217 
658	 0,170540566862683 
659	 0,169343770763336 
660	 0,168672940083906 
661	 0,168403268346309 
662	 0,167625415413487 
663	 0,166349762542399 
664	 0,164668114943581 
665	 0,163279203671864 
666	 0,162206004338948 
667	 0,161302269186097 
668	 0,160770941315526 
669	 0,160514571602177 
670	 0,159956570350657 
671	 0,159561190327914 
672	 0,159639193694934 
673	 0,15910399397044 
674	 0,158336601619646 
675	 0,158707270068893 
676	 0,159154308024765 
677	 0,159272168799701 
678	 0,159084277657058 
679	 0,159088134367756 
680	 0,159855807519118 
681	 0,160665228829024 
682	 0,161506555873644 
683	 0,162864086843796 
684	 0,164638215735188 
685	 0,166768915799221 
686	 0,169195234248563 
687	 0,171950454294933 
688	 0,175074283459594 
689	 0,178983647745117 
690	 0,18365929960157 
691	 0,188366647953383 
692	 0,193542508628219 
693	 0,199555330550127 
694	 0,205444179403592 
695	 0,211301951040922 
696	 0,217883885809372 
697	 0,224693349442017 
698	 0,231463433892978 
699	 0,23793529050602 
700	 0,244234847990794 
701	 0,250556614111489 
702	 0,256910812402423 
703	 0,263010705867992 
704	 0,267883993305186 
705	 0,272661090813879 
706	 0,278010344280007 
707	 0,282977887219128 
708	 0,287394207562562 
709	 0,291167608382981 
710	 0,295221017935097 
711	 0,299716003456624 
712	 0,303795545717004 
713	 0,307653741595994 
714	 0,311501533974213 
715	 0,314972340943962 
716	 0,318102127839991 
717	 0,321137373535479 
718	 0,324212943764749 
719	 0,327363266851731 
720	 0,330364615466737 
721	 0,333066664559979 
722	 0,335330017611191 
723	 0,337543001958469 
724	 0,339814798699504 
725	 0,342125778774929 
726	 0,344322563897648 
727	 0,34627412733463 
728	 0,347866461357512 
729	 0,349205649344652 
730	 0,350469393340791 
731	 0,351910053583797 
732	 0,353508033062084 
733	 0,354780823195462 
734	 0,355885106475928 
735	 0,356984869258356 
736	 0,35820104661921 
737	 0,359492164642289 
738	 0,36070883807783 
739	 0,361808778059092 
740	 0,36276574370689 
741	 0,363557754141024 
742	 0,364453341836289 
743	 0,365743113092668 
744	 0,366642304520293 
745	 0,367243766274516 
746	 0,368436986859607 
747	 0,36955917069051 
748	 0,37026653863975 
749	 0,370807152273693 
750	 0,371345070080266 
751	 0,3720878231382 
752	 0,372638576973483 
753	 0,37305692090879 
754	 0,374015351043658 
755	 0,37487743179927 
756	 0,375213560192088 
757	 0,375639888207906 
758	 0,37621926310644 
759	 0,376888684251299 
760	 0,377452934984822 
761	 0,377873679472497 
762	 0,378344465623256 
763	 0,378863666593813 
764	 0,379410623948296 
765	 0,379817607495965 
766	 0,380128538458509 
767	 0,380511909848621 
768	 0,381078511569622 
769	 0,381784573833697 
770	 0,382029755205599 
771	 0,382355247527582 
772	 0,383423904976336 
773	 0,383893612769772 
774	 0,383772779205191 
775	 0,384056044915013 
776	 0,384459626491925 
777	 0,384816655298461 
778	 0,38494413210783 
779	 0,384953991793502 
780	 0,385034607365411 
781	 0,38547294187519 
782	 0,386081269034112 
783	 0,385928853907581 
784	 0,385617660828727 
785	 0,385570912075898 
786	 0,385700880707168 
787	 0,385969995969862 
788	 0,386351580321687 
789	 0,386339860574677 
790	 0,385963774776817 
791	 0,386097558165691 
792	 0,386137801083829 
793	 0,385635162507506 
794	 0,385324545008489 
795	 0,385270392620536 
796	 0,385321854372106 
797	 0,38551960337595 
798	 0,385765894821649 
799	 0,385635927870541 
800	 0,385414361178618 
801	 0,385398703460894 
802	 0,385554895225939 
803	 0,385926692005061 
804	 0,386705285605818 
805	 0,387116946696512 
806	 0,387008966811651 
807	 0,387296743217193 
808	 0,387988244390386 
809	 0,388975757082577 
810	 0,389415163775575 
811	 0,389520193905091 
812	 0,390511153278734 
813	 0,391102380561476 
814	 0,390894164493973 
815	 0,390973596939221 
816	 0,391321848733814 
817	 0,391793591919532 
818	 0,392290182609508 
819	 0,392643442717332 
820	 0,392498114149114 
821	 0,392262703081895 
822	 0,392163602759406 
823	 0,392207787059347 
824	 0,392250069735866 
825	 0,39210376708199 
826	 0,392033759670672 
827	 0,392056389932034 
828	 0,392071584654612 
829	 0,391778390049216 
830	 0,391126872456138 
831	 0,390963260971374 
832	 0,390875971010751 
833	 0,390186601751387 
834	 0,389810555420916 
835	 0,38980183676451 
836	 0,38955121023432 
837	 0,389314175346914 
838	 0,389222373541837 
839	 0,389291768621109 
840	 0,389125917965533 
841	 0,388184708329066 
842	 0,388224563077411 
843	 0,389097250619392 
844	 0,388748347077866 
845	 0,388338712860283 
846	 0,388420071710528 
847	 0,388179477192604 
848	 0,387726764842919 
849	 0,387335879537165 
850	 0,387260791474155 
851	 0,387439456061199 
852	 0,387449591208367 
853	 0,387304029470868 
854	 0,387043742682301 
855	 0,386912380428261 
856	 0,386996595937221 
857	 0,387362174661671 
858	 0,386889330518317 
859	 0,385847189789307 
860	 0,386017555752976 
861	 0,386280194658661 
862	 0,386105408484939 
863	 0,386036121760703 
864	 0,386172411579106 
865	 0,386567388891074 
866	 0,386967117322658 
867	 0,387173389399212 
868	 0,386704279915279 
869	 0,38688910152266 
870	 0,388126625520551 
871	 0,388539245694423 
872	 0,388669115812806 
873	 0,389359731025655 
874	 0,389746633921571 
875	 0,38987660543082 
876	 0,390436954600175 
877	 0,39084928934373 
878	 0,390933168023818 
879	 0,391072336695488 
880	 0,391529387378962 
881	 0,392491118566138 
882	 0,392802930034418 
883	 0,39271958089133 
884	 0,393541736169686 
885	 0,394523641915341 
886	 0,395244164663834 
887	 0,394925689068815 
888	 0,394951465959168 
889	 0,396506401026739 
890	 0,397243136814514 
891	 0,397042889341027 
892	 0,396546695716317 
893	 0,396662995796956 
894	 0,39754685291099 
895	 0,398278883986044 
896	 0,39837968865245 
897	 0,397697004876451 
898	 0,398213966771507 
899	 0,399425654138482 
900	 0,399904179063701 
901	 0,399690681047091 
902	 0,399083095109487 
903	 0,399147915804537 
904	 0,399774535042226 
905	 0,40072620473845 
906	 0,400892694451803 
907	 0,400790109788703 
908	 0,401348827279227 
909	 0,401802292471724 
910	 0,401958547690132 
911	 0,401811339410142 
912	 0,40161708958526 
913	 0,401622311827957 
914	 0,402405304615992 
915	 0,403112701359723 
916	 0,402791621600843 
917	 0,402361216521351 
918	 0,40220061170343 
919	 0,402676686070198 
920	 0,403659220220837 
921	 0,404781252496141 
922	 0,40484051955274 
923	 0,404205411055124 
924	 0,403423699808148 
925	 0,404175333247214 
926	 0,405344107724062 
927	 0,40439633723642 
928	 0,404207019336228 
929	 0,404974154969775 
930	 0,404191537398113 
931	 0,403869176296318 
932	 0,404936246896107 
933	 0,405082050344149 
934	 0,40481362413065 
935	 0,405083062064962 
936	 0,40483019233209 
937	 0,40416202826978 
938	 0,403900987883554 
939	 0,404323039384045 
940	 0,405186837939096 
941	 0,404631906981068 
942	 0,403989299192066 
943	 0,404380191371943 
944	 0,40342722789937 
945	 0,402708291247419 
946	 0,405929000322882 
947	 0,405957265268422 
948	 0,402474172414595 
949	 0,402438928397803 
950	 0,402382619753289 
951	 0,400766700347027 
952	 0,401105239083154 
953	 0,402288253945031 
954	 0,402526690699196 
955	 0,401348583269874 
956	 0,399600687419029 
957	 0,399817386957362 
958	 0,399594126632116 
959	 0,398629957316 
960	 0,399420250148554 
961	 0,400483779224515 
962	 0,40062361279209 
963	 0,400498703344633 
964	 0,400006181952856 
965	 0,398889352502952 
966	 0,398953421071481 
967	 0,399882324110813 
968	 0,399300131134635 
969	 0,398002824382263 
970	 0,396736425456779 
971	 0,397463892492737 
972	 0,398823692036956 
973	 0,399407554348962 
974	 0,399400613419258 
975	 0,399358936181217 
976	 0,400307569639021 
977	 0,39962116985652 
978	 0,39768144015056 
979	 0,398238594211979 
980	 0,399792943130863 
981	 0,400941660915626 
982	 0,398085865004858 
983	 0,39607303052721 
984	 0,399593401415722 
985	 0,400589900893072 
986	 0,399364532958296 
987	 0,399445028927624 
988	 0,39897603747284 
989	 0,397966885865783 
990	 0,397934517230747 
991	 0,398664406310293 
992	 0,399964211224157 
993	 0,401564318164335 
994	 0,402353172832143 
995	 0,401420448091978 
996	 0,401056735515926 
997	 0,40151678889237 
998	 0,402378485184965 
999	 0,402767434060757 
1000	 0,402922339603314 
1001	 0,404950852684033 
1002	 0,405935302407948 
1003	 0,404919867954328 
1004	 0,405965846877839 
1005	 0,406718500986943 
1006	 0,404953815963001 
1007	 0,405685370057221 
1008	 0,406948899918288 
1009	 0,403797676143746 
1010	 0,404225674168324 
1011	 0,40878079284334 
1012	 0,412437596950026 
1013	 0,411135470244731 
1014	 0,405059231658293 
1015	 0,405645919219941 
1016	 0,408075055215291 
1017	 0,407861559429442 
1018	 0,408010816333381 
1019	 0,41006367262912 
1020	 0,415465657383662 
1021	 0,413759102607546 
1022	 0,406794600093658 
1023	 0,406384326530119 
1024	 0,411299475569797 
1025	 0,418999422957481 
1026	 0,419875496168384 
1027	 0,416275055391957 
1028	 0,411141852843953 
1029	 0,410225551453801 
1030	 0,414612060477188 
1031	 0,423469427077378 
1032	 0,420233828302314 
1033	 0,410568578667894 
1034	 0,412821168986982 
1035	 0,413774753384819 
1036	 0,411503111043585 
1037	 0,411570839876275 
1038	 0,415321728244026 
1039	 0,421723885688563 
1040	 0,423261928044312 
1041	 0,420617585176151 
1042	 0,415322100125379 
1043	 0,411518969852309 
1044	 0,410852326391304 
1045	 0,41408232481125 
1046	 0,414271951782376 
1047	 0,414000767907463 
1048	 0,423634664095949 
1049	 0,425257356092902 
1050	 0,416822775304087 
1051	 0,412276017680478 
1052	 0,414026347430768 
1053	 0,421744592778213 
1054	 0,425279857612747 
1055	 0,425589580448623 
1056	 0,424486345349008 
1057	 0,424517440012253 
1058	 0,424355541276848 
1059	 0,421649521010643 
1060	 0,418491350357927 
1061	 0,414921612788729 
1062	 0,409573179483949 
1063	 0,407802117080586 
1064	 0,411667935891611 
1065	 0,42192321325972 
1066	 0,431404995069359 
1067	 0,434850768454718 
1068	 0,428277923852389 
1069	 0,422116019757153 
1070	 0,424092869264097 
1071	 0,429842007374294 
1072	 0,430154458072353 
1073	 0,416718585657793 
1074	 0,418971088846288 
1075	 0,425096765848955 
