Wavelength	GOOSEBAR00442.asd
325	-0,551126656043444 
326	 0,134918934635072 
327	 0,321040495947644 
328	 8,66994534137409E-02 
329	-0,219884541372675 
330	-0,247256216006216 
331	 7,12294126460346E-02 
332	 8,94530552974692E-02 
333	-8,25526610993394E-02 
334	-0,19173035924062 
335	-9,66029723991507E-02 
336	 0,103501229148191 
337	 6,46674167344919E-02 
338	-3,19320709787252E-02 
339	-3,18469148636835E-02 
340	 8,60154034814278E-03 
341	 6,57401167922752E-02 
342	 0,158316727463853 
343	 0,161646989249583 
344	 7,15598088354682E-02 
345	 5,93363079912434E-02 
346	 4,32856475656598E-02 
347	-6,48636343696165E-02 
348	-5,55896788526428E-02 
349	 3,60835982478231E-02 
350	 0,040725115868571 
351	 3,53722683305328E-03 
352	-4,42407978025491E-02 
353	 3,89988721878444E-03 
354	 5,61257708079006E-02 
355	 2,22837150902686E-02 
356	 1,60596127983459E-03 
357	 5,17509444547363E-04 
358	-3,71023621596151E-02 
359	-3,32850687147574E-02 
360	 2,65138123373766E-02 
361	 1,28638602776534E-02 
362	-2,34256959401472E-02 
363	 6,5084360827416E-03 
364	 1,75243156733149E-02 
365	-2,79854354848069E-04 
366	-7,88631768116009E-03 
367	-9,7658566408549E-03 
368	-8,84104976451357E-03 
369	 4,0931793759776E-03 
370	 1,76405470649182E-02 
371	 1,54830135480987E-02 
372	-5,55977692687247E-03 
373	-3,43184477166211E-02 
374	-1,80662541733702E-02 
375	-6,14032440303843E-03 
376	-2,77096036253039E-02 
377	-5,61896666294341E-03 
378	 3,28725445101361E-02 
379	 9,56830898790951E-03 
380	 8,62411205629609E-03 
381	 4,11852104536656E-02 
382	 2,21470115648693E-02 
383	-5,45798232518461E-03 
384	 3,37357875917519E-03 
385	 1,70670992687415E-02 
386	 2,46276667341563E-02 
387	 1,38255143071861E-02 
388	 8,00094206415501E-04 
389	-4,50557093279755E-03 
390	 5,02530387109873E-03 
391	 1,86823391133161E-02 
392	 2,40934180485002E-02 
393	 2,23228609255892E-02 
394	 1,42011865856659E-02 
395	-4,31510911226437E-04 
396	-7,25961246820146E-03 
397	-2,90580767572138E-04 
398	 4,6804245124923E-03 
399	 4,6864509776461E-03 
400	-2,40123998696484E-03 
401	-2,41238694621587E-03 
402	 5,29929152093166E-03 
403	 9,72614499720994E-03 
404	 1,05847259197485E-02 
405	 8,78754646010014E-03 
406	 1,36531858920052E-02 
407	 2,00016809809683E-02 
408	 1,54473282173103E-02 
409	 1,17385730402379E-02 
410	 1,18717680517553E-02 
411	 1,10538338652383E-02 
412	 9,45807311563067E-03 
413	 7,76500668221254E-03 
414	 1,29445890885223E-02 
415	 2,05728357393123E-02 
416	 1,70409361546996E-02 
417	 1,29991368234227E-02 
418	 1,28604687550614E-02 
419	 1,40483268939611E-02 
420	 1,55231471067119E-02 
421	 1,62941194274967E-02 
422	 1,32042149544065E-02 
423	 7,65279761661418E-03 
424	 6,15922434932171E-03 
425	 6,22345112693519E-03 
426	 6,61198982666808E-03 
427	 1,09077131126081E-02 
428	 1,56483840096326E-02 
429	 1,42048610243294E-02 
430	 1,33355855270566E-02 
431	 1,41948782996394E-02 
432	 1,18629586394984E-02 
433	 1,15629269173522E-02 
434	 1,73162392802198E-02 
435	 1,68005108460325E-02 
436	 1,15484718078762E-02 
437	 1,07963150479716E-02 
438	 1,13131315807329E-02 
439	 1,22308031922355E-02 
440	 1,55550883286985E-02 
441	 1,81459883892257E-02 
442	 0,016000528270702 
443	 1,29778934790736E-02 
444	 1,09720634489403E-02 
445	 1,24459117531956E-02 
446	 1,49662638560591E-02 
447	 1,63133765244155E-02 
448	 1,13268859188555E-02 
449	 5,15537856434071E-03 
450	 8,57532101498422E-03 
451	 1,15182324420502E-02 
452	 1,09814925636881E-02 
453	 8,10562962018628E-03 
454	 7,80868174979543E-03 
455	 1,39132111774246E-02 
456	 1,38093748691335E-02 
457	 8,77397635598831E-03 
458	 8,60089360670135E-03 
459	 9,40328807262093E-03 
460	 9,77321971924265E-03 
461	 1,04348580257878E-02 
462	 1,15563192708777E-02 
463	 1,32868055752824E-02 
464	 1,40673888266382E-02 
465	 1,37253408074987E-02 
466	 1,31823009733637E-02 
467	 1,24289540583673E-02 
468	 1,14913839352825E-02 
469	 1,03140727987673E-02 
470	 9,89316653706105E-03 
471	 1,23249229082437E-02 
472	 0,013267384161535 
473	 1,19874082741819E-02 
474	 1,25879981003149E-02 
475	 1,24899377785829E-02 
476	 9,28083795775717E-03 
477	 1,13323309064585E-02 
478	 1,67537772926637E-02 
479	 1,61214567991374E-02 
480	 1,36458078406333E-02 
481	 1,14916778783098E-02 
482	 1,03705291311296E-02 
483	 1,05487621339547E-02 
484	 1,22870553182788E-02 
485	 1,14370892404822E-02 
486	 8,43791697667698E-03 
487	 9,52910537034104E-03 
488	 1,16882396874691E-02 
489	 1,24148839738156E-02 
490	 1,12048931094726E-02 
491	 9,30144129941559E-03 
492	 9,30615447258451E-03 
493	 1,18378018844948E-02 
494	 1,59484043168827E-02 
495	 1,56173902667636E-02 
496	 1,32770059390849E-02 
497	 1,21840423758833E-02 
498	 1,12481584506215E-02 
499	 1,07099245672233E-02 
500	 1,17129097468636E-02 
501	 1,27773059278331E-02 
502	 1,29397328717504E-02 
503	 1,20774358570041E-02 
504	 1,06928518674257E-02 
505	 9,47304630234218E-03 
506	 1,00742848914416E-02 
507	 1,20005206025994E-02 
508	 1,08368074354894E-02 
509	 9,15463939833547E-03 
510	 9,42526776882758E-03 
511	 1,03482963078371E-02 
512	 1,14256337567313E-02 
513	 1,20426514185109E-02 
514	 1,26910659506302E-02 
515	 1,33768405419841E-02 
516	 1,29105498713692E-02 
517	 1,18960430015405E-02 
518	 1,12774969391976E-02 
519	 1,14895568287424E-02 
520	 1,23496088473222E-02 
521	 1,28171051122828E-02 
522	 1,27639183286183E-02 
523	 1,21273206601263E-02 
524	 1,09771005733709E-02 
525	 1,01034883672527E-02 
526	 1,12940204231632E-02 
527	 1,19779269613302E-02 
528	 1,14721562423401E-02 
529	 1,14676172300716E-02 
530	 1,17116216423141E-02 
531	 1,17764223644286E-02 
532	 1,20119567450222E-02 
533	 1,21486660356059E-02 
534	 1,08859750505681E-02 
535	 1,08374816769354E-02 
536	 1,30393282070662E-02 
537	 1,22443920587703E-02 
538	 1,01433287337555E-02 
539	 1,11749634086873E-02 
540	 1,21046445249445E-02 
541	 1,20710024579125E-02 
542	 1,18864202543449E-02 
543	 1,17353804497933E-02 
544	 1,17656798388954E-02 
545	 1,19397751422615E-02 
546	 1,21653971068366E-02 
547	 1,22985642126707E-02 
548	 1,20637997838946E-02 
549	 1,14026178126356E-02 
550	 1,08620906445082E-02 
551	 1,07393827695417E-02 
552	 1,14110244312875E-02 
553	 1,14671755458926E-02 
554	 1,07223750613733E-02 
555	 1,00482803234057E-02 
556	 1,04228878328465E-02 
557	 1,24142920958208E-02 
558	 1,28515379151759E-02 
559	 1,19297156972697E-02 
560	 1,16406076671174E-02 
561	 1,16315574642533E-02 
562	 1,17263858246753E-02 
563	 1,11739037685684E-02 
564	 1,07890817065481E-02 
565	 1,17233528521124E-02 
566	 0,011505460404607 
567	 1,02800971080155E-02 
568	 1,09635348243188E-02 
569	 1,16560152181052E-02 
570	 1,11166326901488E-02 
571	 1,10081376569106E-02 
572	 1,12612102565607E-02 
573	 1,11655949009538E-02 
574	 0,011085216086042 
575	 0,011154345064235 
576	 0,011453881067163 
577	 0,011717506074099 
578	 1,16491791606686E-02 
579	 1,13946799923413E-02 
580	 0,01112006980869 
581	 1,11538628557216E-02 
582	 1,14260941275349E-02 
583	 1,18261956113226E-02 
584	 1,19130824377983E-02 
585	 1,16668419369597E-02 
586	 1,11125986682237E-02 
587	 1,11129639777566E-02 
588	 1,17376831149199E-02 
589	 1,19331028898524E-02 
590	 1,20216759254859E-02 
591	 1,23009022333183E-02 
592	 1,17924805583792E-02 
593	 1,08342327006648E-02 
594	 1,08304731392115E-02 
595	 1,08444316008081E-02 
596	 1,05785457265976E-02 
597	 1,09722647816662E-02 
598	 1,17551132460539E-02 
599	 1,24293126400947E-02 
600	 1,23234753103709E-02 
601	 1,15072623527286E-02 
602	 1,10480643158939E-02 
603	 1,09341431737724E-02 
604	 1,11271788672867E-02 
605	 1,14522596789617E-02 
606	 1,17611441175006E-02 
607	 1,18310138914892E-02 
608	 1,18185742024151E-02 
609	 1,18105133761809E-02 
610	 1,19933414504344E-02 
611	 1,19859616176263E-02 
612	 0,011312413133284 
613	 1,13347055377067E-02 
614	 1,19473617186449E-02 
615	 1,15568794622885E-02 
616	 1,13357666888012E-02 
617	 1,19312285617342E-02 
618	 1,20621513417943E-02 
619	 1,17324610505867E-02 
620	 1,12547570547402E-02 
621	 1,12921204787954E-02 
622	 1,18434985196872E-02 
623	 1,16206054127389E-02 
624	 1,12268326249783E-02 
625	 1,13423793863961E-02 
626	 1,13824062181396E-02 
627	 0,011251516155868 
628	 1,10409148823888E-02 
629	 1,07497381800419E-02 
630	 1,04612576052759E-02 
631	 1,07430843510968E-02 
632	 1,10721016132368E-02 
633	 1,04735865335763E-02 
634	 1,04940764725635E-02 
635	 1,12621226777668E-02 
636	 0,011375108629505 
637	 1,11348853327727E-02 
638	 1,08701335045555E-02 
639	 1,09315395119533E-02 
640	 1,12567509491265E-02 
641	 1,16050786751672E-02 
642	 1,13102045213277E-02 
643	 1,03802403906831E-02 
644	 1,07089816304657E-02 
645	 1,15541584505097E-02 
646	 0,01173664180645 
647	 1,11852182866889E-02 
648	 0,010364130074668 
649	 1,10202604141212E-02 
650	 1,15856050174463E-02 
651	 1,10988547405773E-02 
652	 1,11091570137899E-02 
653	 1,13505729947087E-02 
654	 1,07766385143211E-02 
655	 1,04723049931772E-02 
656	 1,07271106395503E-02 
657	 0,011028997500108 
658	 1,13196282456624E-02 
659	 1,15626063662719E-02 
660	 1,15384311541394E-02 
661	 1,14453151553501E-02 
662	 1,20172007866912E-02 
663	 1,24316667375702E-02 
664	 1,23208986780411E-02 
665	 1,23623331359038E-02 
666	 1,23335885655947E-02 
667	 1,17429475221737E-02 
668	 1,15255431935223E-02 
669	 0,011904263724197 
670	 1,25967033137094E-02 
671	 1,31979197422277E-02 
672	 1,33487129624681E-02 
673	 1,26796616383547E-02 
674	 1,19375172976152E-02 
675	 1,30726234600272E-02 
676	 1,40681852250446E-02 
677	 1,41600676674955E-02 
678	 1,36637389568755E-02 
679	 1,32932291800018E-02 
680	 1,38406593329373E-02 
681	 0,01389773991359 
682	 1,34882785278376E-02 
683	 1,37650144051964E-02 
684	 1,43299788571397E-02 
685	 1,48509228851961E-02 
686	 1,46409821712273E-02 
687	 1,41923248608192E-02 
688	 1,45542705910133E-02 
689	 1,47514695876421E-02 
690	 0,014596010296825 
691	 1,45720576776952E-02 
692	 1,47856414446667E-02 
693	 1,52772589487281E-02 
694	 1,54461118132823E-02 
695	 1,53838250579018E-02 
696	 1,55791753926236E-02 
697	 1,61652615163182E-02 
698	 1,70236468084026E-02 
699	 1,70076754063924E-02 
700	 0,016793844488221 
701	 1,73799414140589E-02 
702	 1,79111710551904E-02 
703	 1,81538112414891E-02 
704	 0,018040421555258 
705	 1,80090085743245E-02 
706	 1,83543618613368E-02 
707	 1,89709926541974E-02 
708	 1,95935499081091E-02 
709	 1,97575964523352E-02 
710	 2,00866078368077E-02 
711	 2,07061707829796E-02 
712	 2,12292696176238E-02 
713	 2,16689883578671E-02 
714	 2,20692778212812E-02 
715	 2,26815857167284E-02 
716	 2,33730967189353E-02 
717	 2,36319627472528E-02 
718	 2,40782741730585E-02 
719	 2,49036886589913E-02 
720	 2,55481350884663E-02 
721	 2,61064707068817E-02 
722	 2,67697969910387E-02 
723	 2,74419122087664E-02 
724	 2,81681001878108E-02 
725	 2,91253001537845E-02 
726	 3,02618893980493E-02 
727	 3,14955790878977E-02 
728	 3,25691458364069E-02 
729	 3,33411998119807E-02 
730	 3,35619436775591E-02 
731	 3,45770974617115E-02 
732	 0,036431623590895 
733	 3,73464495821278E-02 
734	 3,80360245690735E-02 
735	 0,039165195313369 
736	 4,02945987911052E-02 
737	 4,14488795854114E-02 
738	 4,29167941652765E-02 
739	 4,41440802807919E-02 
740	 4,50141611360981E-02 
741	 4,61627507965703E-02 
742	 4,75483216252765E-02 
743	 4,90524044659463E-02 
744	 0,050501857921843 
745	 5,19081427897835E-02 
746	 5,35339275160866E-02 
747	 5,48762602504783E-02 
748	 5,57821978731517E-02 
749	 5,71959886000739E-02 
750	 5,89065609319265E-02 
751	 6,04105574671796E-02 
752	 6,19915114329015E-02 
753	 0,063668362826884 
754	 6,52785502376106E-02 
755	 6,67534037026069E-02 
756	 6,80995299595003E-02 
757	 6,98257210546231E-02 
758	 7,17652681431039E-02 
759	 7,34374513023449E-02 
760	 7,49653177879345E-02 
761	 7,64669736207295E-02 
762	 0,078359999018561 
763	 8,02490600039513E-02 
764	 8,17633558545282E-02 
765	 8,33162646578559E-02 
766	 8,49951436613848E-02 
767	 8,68098468359218E-02 
768	 8,86410206762887E-02 
769	 9,04493303647633E-02 
770	 9,23111368033046E-02 
771	 9,43490796257199E-02 
772	 9,66745124454723E-02 
773	 9,83160220494908E-02 
774	 9,94503137585098E-02 
775	 0,101296128676663 
776	 0,103314974011806 
777	 0,105205445144602 
778	 0,106866803971969 
779	 0,108462308306643 
780	 0,110245715453158 
781	 0,112314719406396 
782	 0,114482556935577 
783	 0,116034876389593 
784	 0,117382870139706 
785	 0,118863158980241 
786	 0,120765268181214 
787	 0,122894370405438 
788	 0,124843192913667 
789	 0,126590661985498 
790	 0,128170471870279 
791	 0,129803346881559 
792	 0,131533895210412 
793	 0,13338104627359 
794	 0,135309505837844 
795	 0,13712702441608 
796	 0,138431972079931 
797	 0,139885376296972 
798	 0,141661690062983 
799	 0,143364972624028 
800	 0,145010715576399 
801	 0,146646892187305 
802	 0,148494372235124 
803	 0,150432494577528 
804	 0,152046920105793 
805	 0,153664660903796 
806	 0,155368011400455 
807	 0,156909138536008 
808	 0,158473803715038 
809	 0,160245844634426 
810	 0,161524133982364 
811	 0,162527559696823 
812	 0,16422932562375 
813	 0,166111246554752 
814	 0,167858544800896 
815	 0,168993344663163 
816	 0,17002041074165 
817	 0,171581501007587 
818	 0,173282486840452 
819	 0,174872351769966 
820	 0,175860631443892 
821	 0,177029659150934 
822	 0,178653759419356 
823	 0,179816537625129 
824	 0,180866760805418 
825	 0,182357872965475 
826	 0,18343988566718 
827	 0,184225795604517 
828	 0,185738952187716 
829	 0,18716446636667 
830	 0,188144758162732 
831	 0,189364266934137 
832	 0,190553224170858 
833	 0,191263297365917 
834	 0,191918537662583 
835	 0,192747586725555 
836	 0,194079621887708 
837	 0,195498880162067 
838	 0,196690364791402 
839	 0,197266772182746 
840	 0,197684222687856 
841	 0,198628917139311 
842	 0,200125451896509 
843	 0,201797400556451 
844	 0,202382363683487 
845	 0,202998165473839 
846	 0,204202732608926 
847	 0,205198488922722 
848	 0,2060841792608 
849	 0,207113235799456 
850	 0,208215373987014 
851	 0,209202132641999 
852	 0,209470174039651 
853	 0,209944178735456 
854	 0,211093986738094 
855	 0,212354527531685 
856	 0,213373910213147 
857	 0,213787654278951 
858	 0,2140833952472 
859	 0,214613553136114 
860	 0,216044469684468 
861	 0,217375542081199 
862	 0,218050290201419 
863	 0,218218776021603 
864	 0,218597132408555 
865	 0,2200529755321 
866	 0,221265247876174 
867	 0,221919554052017 
868	 0,22203125446153 
869	 0,222637143700703 
870	 0,22406893929449 
871	 0,224910340872892 
872	 0,225396740232308 
873	 0,225973858923361 
874	 0,226450391491031 
875	 0,226865310231078 
876	 0,227466166198112 
877	 0,227646056681009 
878	 0,227433670504508 
879	 0,228545004419943 
880	 0,229783723945825 
881	 0,22978632005568 
882	 0,230043878071718 
883	 0,230704101617139 
884	 0,231372291146843 
885	 0,231961360777177 
886	 0,232380271637655 
887	 0,232429224887872 
888	 0,232761956996473 
889	 0,233903271813512 
890	 0,234469364583782 
891	 0,234502081762054 
892	 0,234642553160011 
893	 0,235014476656218 
894	 0,235619361592071 
895	 0,236143866323125 
896	 0,236485778786238 
897	 0,236613855212228 
898	 0,236875717703987 
899	 0,237402589765823 
900	 0,238358499151436 
901	 0,238468698750988 
902	 0,237703021997059 
903	 0,237203409756702 
904	 0,238087164252775 
905	 0,240535363140862 
906	 0,24053685833889 
907	 0,239316128236309 
908	 0,23933502571926 
909	 0,239907325880136 
910	 0,240730834998642 
911	 0,241238795679598 
912	 0,241845946916317 
913	 0,242449318122213 
914	 0,241248919112019 
915	 0,240159852698382 
916	 0,241332551242416 
917	 0,241897709292159 
918	 0,241741569522805 
919	 0,242100242371512 
920	 0,242511636029837 
921	 0,242800715952142 
922	 0,242812456554984 
923	 0,242887000031078 
924	 0,243221756337419 
925	 0,242759511174239 
926	 0,242002985064949 
927	 0,242148770600738 
928	 0,242178199041452 
929	 0,241904000013347 
930	 0,241711120369692 
931	 0,241695062511127 
932	 0,241802845248421 
933	 0,241220052805984 
934	 0,24061527915121 
935	 0,240910223322739 
936	 0,24098061637561 
937	 0,240261840166828 
938	 0,237680009297257 
939	 0,236535212221084 
940	 0,237609145902884 
941	 0,237619518545004 
942	 0,236747943938971 
943	 0,235337729817724 
944	 0,233280848082925 
945	 0,23189723658516 
946	 0,233593794514985 
947	 0,233282500032472 
948	 0,230566339143828 
949	 0,229931026094375 
950	 0,229345286891561 
951	 0,227717810176053 
952	 0,22593249642112 
953	 0,224232673481491 
954	 0,222807874874463 
955	 0,221526009609889 
956	 0,220625068165996 
957	 0,221004135377218 
958	 0,219968229296402 
959	 0,217225806880322 
960	 0,216134518720323 
961	 0,215535346673968 
962	 0,21473267375879 
963	 0,216678635280228 
964	 0,218406933228727 
965	 0,215027516228929 
966	 0,214259807579892 
967	 0,216437783813099 
968	 0,216523882865707 
969	 0,214935977101969 
970	 0,212404709252559 
971	 0,212100203839489 
972	 0,213493466215955 
973	 0,21555396583726 
974	 0,215285256183619 
975	 0,213906185757133 
976	 0,214641211352009 
977	 0,213504259486549 
978	 0,211067031556237 
979	 0,213017565976334 
980	 0,215047338829083 
981	 0,214887795517641 
982	 0,213029966529861 
983	 0,211393744801448 
984	 0,211936023920856 
985	 0,214516234421874 
986	 0,217109496609744 
987	 0,215987424183928 
988	 0,215681062832493 
989	 0,216872922863763 
990	 0,216876059401522 
991	 0,216839104342365 
992	 0,21734132855092 
993	 0,218065274417967 
994	 0,21887878051629 
995	 0,219584111837715 
996	 0,218872721009137 
997	 0,217908249466345 
998	 0,219309949728031 
999	 0,221101912030369 
1000	 0,222253252629049 
1001	 0,221372758794796 
1002	 0,220731761937959 
1003	 0,221431369622614 
1004	 0,222153608805158 
1005	 0,222962667249644 
1006	 0,224070211687128 
1007	 0,226485308917018 
1008	 0,228583832831017 
1009	 0,227390286261345 
1010	 0,226719792279666 
1011	 0,227781288118039 
1012	 0,231249882332165 
1013	 0,2314036331532 
1014	 0,227188601620297 
1015	 0,227180200464804 
1016	 0,229115467092783 
1017	 0,230567053414578 
1018	 0,231906675014381 
1019	 0,232942689206021 
1020	 0,233406434391912 
1021	 0,230924632175981 
1022	 0,228430510758665 
1023	 0,235852389976758 
1024	 0,240404123775476 
1025	 0,238956788602459 
1026	 0,239020895468246 
1027	 0,239685597029302 
1028	 0,24007853567973 
1029	 0,238524661042047 
1030	 0,238093813545633 
1031	 0,241913165263313 
1032	 0,239998009021737 
1033	 0,236533346571783 
1034	 0,243933694623905 
1035	 0,247168531247922 
1036	 0,242542740376159 
1037	 0,231972345225888 
1038	 0,229470930634276 
1039	 0,239336934579702 
1040	 0,246276063607213 
1041	 0,246432259840749 
1042	 0,23891195671747 
1043	 0,239377722543914 
1044	 0,243257552619616 
1045	 0,241254797961816 
1046	 0,237974548141359 
1047	 0,237203018328681 
1048	 0,245633199946697 
1049	 0,252396382409636 
1050	 0,252644977027195 
1051	 0,242179817956243 
1052	 0,235300776762647 
1053	 0,239292491815657 
1054	 0,247694932664625 
1055	 0,253148644225068 
1056	 0,25054419227866 
1057	 0,248286185209359 
1058	 0,24866733579896 
1059	 0,252401909935246 
1060	 0,243245333888934 
1061	 0,229595168331999 
1062	 0,239275996418809 
1063	 0,23788198528319 
1064	 0,223101637136759 
1065	 0,225393733634833 
1066	 0,231205451863388 
1067	 0,234345205211176 
1068	 0,237886411999296 
1069	 0,239166421951434 
1070	 0,237045623653015 
1071	 0,239570594185401 
1072	 0,239272613015143 
1073	 0,227910271858952 
1074	 0,232716309915233 
1075	 0,244280605994541 
