Wavelength	GRA-VIE00157.asd
325	 0,226979551817419 
326	 8,31451098855417E-02 
327	 3,10342400450476E-04 
328	 6,68665586302089E-02 
329	 9,43280709091917E-02 
330	 0,113825346511312 
331	 0,129462030341085 
332	 0,165078319533628 
333	 0,207805031990757 
334	 0,114260454331288 
335	 0,147483051047646 
336	 0,283512218504709 
337	 0,233875449757212 
338	 0,150409253556423 
339	 0,135249993077406 
340	 9,38985429334396E-02 
341	 4,95993561969808E-02 
342	 0,126788059784036 
343	 0,146400842939103 
344	 8,96983598836525E-02 
345	 8,01353630676602E-02 
346	 8,65822763013171E-02 
347	 7,43008715580547E-02 
348	 8,15332363522507E-02 
349	 9,95292403615685E-02 
350	 9,09902513843484E-02 
351	 6,85453847336515E-02 
352	 4,06723674868027E-02 
353	 5,14459985442256E-02 
354	 8,50582624879184E-02 
355	 0,118553302737955 
356	 0,113344241389017 
357	 7,36011221458393E-02 
358	 3,01024091519502E-02 
359	 1,71273229918599E-02 
360	 4,58924140648569E-02 
361	 6,66845807242745E-02 
362	 7,31200747924926E-02 
363	 6,89130807569547E-02 
364	 0,04893433580041 
365	 2,39096142697281E-02 
366	 3,15142374820226E-02 
367	 5,09479338838635E-02 
368	 6,40729804551753E-02 
369	 4,46098154648755E-02 
370	 1,82971798480322E-02 
371	 3,30443935270684E-02 
372	 4,32205491142822E-02 
373	 3,98804987025601E-02 
374	 4,77017452341176E-02 
375	 4,25621398441195E-02 
376	 9,60375328933901E-03 
377	 6,35473965212642E-03 
378	 2,83132000988495E-02 
379	 4,33310318327291E-02 
380	 4,69125147213074E-02 
381	 3,82248254505221E-02 
382	 2,17852035332424E-02 
383	 8,28951681121703E-03 
384	 9,12473642226853E-03 
385	 3,34343087279401E-02 
386	 6,01473415133285E-02 
387	 3,74270485326531E-02 
388	 3,29380559275215E-02 
389	 6,28820123073414E-02 
390	 5,53162578936673E-02 
391	 3,55387103201264E-02 
392	 3,95245964968032E-02 
393	 3,40660712895316E-02 
394	 2,08522997092788E-02 
395	 2,71074468692675E-02 
396	 3,64771619798087E-02 
397	 3,99553716379805E-02 
398	 3,32191926658529E-02 
399	 1,96667358593853E-02 
400	 2,63539896182645E-03 
401	 9,92371376091871E-03 
402	 3,49234703644031E-02 
403	 2,73474333735877E-02 
404	 1,58779595222865E-02 
405	 2,00068311157706E-02 
406	 1,89740327874941E-02 
407	 1,64765113826695E-02 
408	 2,67559506603939E-02 
409	 2,85259729201208E-02 
410	 1,99797306394224E-02 
411	 2,16693655905469E-02 
412	 2,76473017984105E-02 
413	 3,09128898195176E-02 
414	 2,23405616652741E-02 
415	 8,59850052063778E-03 
416	 1,07773321951249E-02 
417	 1,54729066716878E-02 
418	 1,72750834612598E-02 
419	 1,82192684297161E-02 
420	 0,018555145211266 
421	 1,85304065035087E-02 
422	 0,016542260059803 
423	 1,43320060939097E-02 
424	 1,88337546203046E-02 
425	 2,09736264882627E-02 
426	 1,60011863715567E-02 
427	 1,34993729509318E-02 
428	 1,40097005057782E-02 
429	 1,59816726699438E-02 
430	 0,018338928614754 
431	 2,01285222135474E-02 
432	 2,00837326910903E-02 
433	 0,018983147716819 
434	 1,77854793034516E-02 
435	 2,05634201517222E-02 
436	 2,36292359402001E-02 
437	 1,49152058236715E-02 
438	 1,08371541063092E-02 
439	 1,65506334853325E-02 
440	 1,89100887521493E-02 
441	 1,76042227816929E-02 
442	 1,38501255930784E-02 
443	 1,34184936541913E-02 
444	 1,60024080997129E-02 
445	 1,45702960598502E-02 
446	 1,48805758599793E-02 
447	 1,94162162050075E-02 
448	 1,73974981251864E-02 
449	 1,29209861399268E-02 
450	 1,63289192600524E-02 
451	 1,92767527824427E-02 
452	 1,91552706848549E-02 
453	 0,016721512268202 
454	 1,42185683136834E-02 
455	 1,37260347872783E-02 
456	 1,42092536679184E-02 
457	 1,54074067762206E-02 
458	 1,72884379363739E-02 
459	 1,91645165548609E-02 
460	 2,01193726512381E-02 
461	 0,0169544567251 
462	 1,36245947371856E-02 
463	 1,56775844354961E-02 
464	 1,64826009676656E-02 
465	 1,53770609480418E-02 
466	 1,61424800719383E-02 
467	 1,72272820582464E-02 
468	 1,76384079793119E-02 
469	 1,84130189416556E-02 
470	 0,018630087835528 
471	 0,01608293664713 
472	 1,46776073210222E-02 
473	 1,53294978958315E-02 
474	 1,53337692646384E-02 
475	 1,56395026298102E-02 
476	 1,71970607658285E-02 
477	 1,73721139545203E-02 
478	 1,62306911347638E-02 
479	 1,53760578605586E-02 
480	 1,51092890611824E-02 
481	 1,54099458540853E-02 
482	 1,47031753831653E-02 
483	 1,36292982926903E-02 
484	 1,33500482652784E-02 
485	 1,41369475386274E-02 
486	 1,55884502680969E-02 
487	 1,59276559016178E-02 
488	 1,62141844974537E-02 
489	 1,71371793699049E-02 
490	 1,71444157751271E-02 
491	 1,58993709694025E-02 
492	 1,28577171192068E-02 
493	 1,10854492315181E-02 
494	 1,16505195330933E-02 
495	 1,32587399356234E-02 
496	 1,43150241828186E-02 
497	 1,32451879769578E-02 
498	 0,013421937901885 
499	 1,48458110655102E-02 
500	 1,51999207521086E-02 
501	 0,014785556268328 
502	 1,38358445196105E-02 
503	 1,27411148531383E-02 
504	 0,012468579979979 
505	 1,46298696388046E-02 
506	 1,59030865936335E-02 
507	 1,51872548340585E-02 
508	 1,25726867982007E-02 
509	 1,08689913504984E-02 
510	 0,012453424544123 
511	 0,014054765603954 
512	 1,48699937931049E-02 
513	 1,46671538475011E-02 
514	 1,43807249783197E-02 
515	 1,45243036699427E-02 
516	 1,53594583433085E-02 
517	 1,59920692031498E-02 
518	 1,51505698762702E-02 
519	 1,53426789957198E-02 
520	 1,65640937411432E-02 
521	 1,64238528971399E-02 
522	 1,56157751689253E-02 
523	 1,47292341466326E-02 
524	 1,39194408538898E-02 
525	 1,36607693315661E-02 
526	 1,50645598275009E-02 
527	 1,57198557243207E-02 
528	 1,49397114245336E-02 
529	 1,42162603175191E-02 
530	 1,37484820501095E-02 
531	 1,36109706863134E-02 
532	 1,35774656285562E-02 
533	 1,35578830807262E-02 
534	 1,33765116595598E-02 
535	 1,36944044230919E-02 
536	 1,47712414113522E-02 
537	 1,55450314427962E-02 
538	 1,53727602418719E-02 
539	 1,31902958160422E-02 
540	 1,25302835331499E-02 
541	 1,40112251464464E-02 
542	 1,46297591792544E-02 
543	 1,47094438832336E-02 
544	 1,47124609827456E-02 
545	 1,43195761628857E-02 
546	 1,38708950339427E-02 
547	 1,45194958063826E-02 
548	 0,014553823247941 
549	 1,34187708018337E-02 
550	 1,35748421641493E-02 
551	 1,43083017180192E-02 
552	 1,40686597818069E-02 
553	 1,40942430998579E-02 
554	 1,44875739712802E-02 
555	 1,42900655303547E-02 
556	 1,39959443922072E-02 
557	 1,40558511266389E-02 
558	 1,47001165611746E-02 
559	 1,52592479946635E-02 
560	 1,38217520560208E-02 
561	 1,31340352379924E-02 
562	 1,40398584894645E-02 
563	 1,42102907903904E-02 
564	 1,38124432933196E-02 
565	 1,33462654634532E-02 
566	 1,35153139999002E-02 
567	 1,42925329743431E-02 
568	 1,49359820862313E-02 
569	 1,49868367840984E-02 
570	 1,42558286004911E-02 
571	 0,014247044745089 
572	 1,48493740517491E-02 
573	 1,52906986021106E-02 
574	 1,55729372896202E-02 
575	 1,57086713058452E-02 
576	 1,60962157838439E-02 
577	 1,61472165531377E-02 
578	 1,52279871385064E-02 
579	 1,55980239540656E-02 
580	 1,71008184453383E-02 
581	 1,76711428228219E-02 
582	 1,75445694742616E-02 
583	 1,69454858766814E-02 
584	 1,67761748854672E-02 
585	 1,69617036993793E-02 
586	 1,71178655817914E-02 
587	 1,72935150740397E-02 
588	 1,74192213609907E-02 
589	 1,72383189287647E-02 
590	 1,70193500485185E-02 
591	 1,70310671665397E-02 
592	 0,017340201250335 
593	 0,017736159575905 
594	 1,76857472509745E-02 
595	 1,72678157895337E-02 
596	 1,67004109446852E-02 
597	 1,72131292776968E-02 
598	 1,78918732310936E-02 
599	 1,71583824846343E-02 
600	 1,72619915376871E-02 
601	 1,83571178631799E-02 
602	 1,85929090886916E-02 
603	 1,82569920781245E-02 
604	 1,76374884882104E-02 
605	 1,69846400469835E-02 
606	 1,65024516300027E-02 
607	 1,64879773420726E-02 
608	 1,66036643523441E-02 
609	 1,66185745121297E-02 
610	 1,60800016019065E-02 
611	 1,55754376969967E-02 
612	 1,58605319739802E-02 
613	 1,59352600252844E-02 
614	 1,57143720174057E-02 
615	 0,015798028416053 
616	 1,58489746176667E-02 
617	 1,57049954427856E-02 
618	 1,59313389350364E-02 
619	 1,63522813622764E-02 
620	 1,64812919077646E-02 
621	 1,65530022908219E-02 
622	 1,65481317264413E-02 
623	 1,60151519711637E-02 
624	 1,55928610711089E-02 
625	 1,59330503282062E-02 
626	 1,61989506985698E-02 
627	 1,62225329430267E-02 
628	 1,60698969143033E-02 
629	 1,59996349839188E-02 
630	 1,61451892212698E-02 
631	 1,63379023858834E-02 
632	 1,64923652236743E-02 
633	 1,64967449382786E-02 
634	 1,66946986143723E-02 
635	 0,017104677126601 
636	 1,73844952857882E-02 
637	 1,75025931620174E-02 
638	 1,74560055929035E-02 
639	 1,74009208025653E-02 
640	 1,75018628022053E-02 
641	 1,80494258748825E-02 
642	 1,88252752231038E-02 
643	 1,95239980546014E-02 
644	 1,90270942361726E-02 
645	 1,83500837148533E-02 
646	 1,89269300685678E-02 
647	 1,92830950014723E-02 
648	 1,91753448299272E-02 
649	 1,91103190065761E-02 
650	 1,91151708842548E-02 
651	 1,91577525767386E-02 
652	 1,86842539836449E-02 
653	 1,80485907748331E-02 
654	 1,80843284946883E-02 
655	 0,018447871007021 
656	 1,88491221505523E-02 
657	 1,85033906521655E-02 
658	 1,79765239525632E-02 
659	 1,78792174813306E-02 
660	 1,72494107992217E-02 
661	 1,62769230662324E-02 
662	 1,60953215372133E-02 
663	 1,57686455723713E-02 
664	 1,49295658002188E-02 
665	 1,44621411886296E-02 
666	 1,43939279242963E-02 
667	 1,45989463390171E-02 
668	 1,49002877070269E-02 
669	 1,50867137301786E-02 
670	 1,46191345199436E-02 
671	 1,43878335246337E-02 
672	 0,015009524200588 
673	 1,47772512786851E-02 
674	 1,40480341561446E-02 
675	 1,43938629041578E-02 
676	 1,48393534322474E-02 
677	 1,49770215927572E-02 
678	 1,46090325249641E-02 
679	 1,41886768319264E-02 
680	 1,42690764351721E-02 
681	 1,44985967123461E-02 
682	 1,47356369152595E-02 
683	 1,48048154250397E-02 
684	 1,49116207158404E-02 
685	 1,51557646915004E-02 
686	 0,015231960226644 
687	 1,53945792609756E-02 
688	 0,016137636740192 
689	 1,71744785138035E-02 
690	 1,82230404232982E-02 
691	 1,84198935242811E-02 
692	 1,90275109021236E-02 
693	 2,11297695125115E-02 
694	 2,30978844527624E-02 
695	 2,48683669624078E-02 
696	 2,70929493734524E-02 
697	 2,96647586746413E-02 
698	 3,25631430711504E-02 
699	 0,035737527261895 
700	 3,93954262758569E-02 
701	 4,37962526608556E-02 
702	 0,048137722470023 
703	 5,23712745456561E-02 
704	 5,71581458187949E-02 
705	 6,19994670115331E-02 
706	 6,65569350535263E-02 
707	 7,09145218513571E-02 
708	 7,52440457293376E-02 
709	 7,98438356387431E-02 
710	 8,42495221991444E-02 
711	 8,83905017046135E-02 
712	 9,27573149348794E-02 
713	 9,66915793852698E-02 
714	 0,099641376331913 
715	 0,102682906884137 
716	 0,105998412238033 
717	 0,10953466065935 
718	 0,112587541021072 
719	 0,114951212643364 
720	 0,117500445762146 
721	 0,119896775704345 
722	 0,121622390397362 
723	 0,123683462211212 
724	 0,1260391852917 
725	 0,127712735463341 
726	 0,129167821148904 
727	 0,130657283778123 
728	 0,131779694202714 
729	 0,13272618940627 
730	 0,133929394425152 
731	 0,134870425605085 
732	 0,135517961770271 
733	 0,136424210425469 
734	 0,137365127865539 
735	 0,138120282283433 
736	 0,138653270508493 
737	 0,139122784312186 
738	 0,139967768923804 
739	 0,140604839161851 
740	 0,140938427059852 
741	 0,141805784053703 
742	 0,142644628923858 
743	 0,142751306130528 
744	 0,143088708967652 
745	 0,143701886525848 
746	 0,144010482243596 
747	 0,144289450170973 
748	 0,144675919227476 
749	 0,145048047063607 
750	 0,145472038051149 
751	 0,146089632792894 
752	 0,146130958558341 
753	 0,145762717784128 
754	 0,146470894206488 
755	 0,14715696610523 
756	 0,147084884463916 
757	 0,147464812669816 
758	 0,148059793445427 
759	 0,147971768453229 
760	 0,148236198849543 
761	 0,149000645779209 
762	 0,149373025300162 
763	 0,149263276848891 
764	 0,148711621752288 
765	 0,149016438943551 
766	 0,149849521976891 
767	 0,149647033887822 
768	 0,149484382592256 
769	 0,149741721323073 
770	 0,150020041388419 
771	 0,150391301780356 
772	 0,150961912784374 
773	 0,151220684709007 
774	 0,151201787556168 
775	 0,15140074901019 
776	 0,151582981895948 
777	 0,151669423520032 
778	 0,151967866021219 
779	 0,152257406007957 
780	 0,152172804141711 
781	 0,152142672805363 
782	 0,152272477500198 
783	 0,152504098295608 
784	 0,152644252769998 
785	 0,152605225942638 
786	 0,152841515670183 
787	 0,153139636108389 
788	 0,152992935085819 
789	 0,153060585132025 
790	 0,153407463685104 
791	 0,153447658329413 
792	 0,153320124286977 
793	 0,15320963996424 
794	 0,153766005943938 
795	 0,154493691893188 
796	 0,15410181142778 
797	 0,153746759014683 
798	 0,153796125998734 
799	 0,153968175242073 
800	 0,154192114498571 
801	 0,154397646568941 
802	 0,154410723229839 
803	 0,154411923617411 
804	 0,154984805070926 
805	 0,155372357242296 
806	 0,155342039752084 
807	 0,15528724192777 
808	 0,155427813122536 
809	 0,15594657476101 
810	 0,156485555936023 
811	 0,156751524481824 
812	 0,156086470569027 
813	 0,155921837560387 
814	 0,156733553965492 
815	 0,15723265253827 
816	 0,157455387329695 
817	 0,157590016799624 
818	 0,157904067541047 
819	 0,158274029937056 
820	 0,158069124958229 
821	 0,158100879478919 
822	 0,158607798949492 
823	 0,15837668333696 
824	 0,158091597580267 
825	 0,158758081530802 
826	 0,15927979553966 
827	 0,159374731567286 
828	 0,159011188534741 
829	 0,158804661956205 
830	 0,159102760933898 
831	 0,159761314640269 
832	 0,160252955473353 
833	 0,159913239660249 
834	 0,160044378338367 
835	 0,160604081174965 
836	 0,16027581803884 
837	 0,160123420991378 
838	 0,160643365585244 
839	 0,160993577279823 
840	 0,161120908895618 
841	 0,16109132998463 
842	 0,161240635697716 
843	 0,161607376322937 
844	 0,162109554331534 
845	 0,161936596796551 
846	 0,160910985068521 
847	 0,16116891882946 
848	 0,161912971657535 
849	 0,16168363893681 
850	 0,161930841532572 
851	 0,162605528164835 
852	 0,162407646980357 
853	 0,162066804055382 
854	 0,162000225293589 
855	 0,162083080703343 
856	 0,16239314942319 
857	 0,163033731179877 
858	 0,163060317480075 
859	 0,162568634857347 
860	 0,162676902270094 
861	 0,162819556742408 
862	 0,162761068659483 
863	 0,162877292895531 
864	 0,163225916017832 
865	 0,163820789763492 
866	 0,164410575826165 
867	 0,16476256183661 
868	 0,16437960588224 
869	 0,16425047644303 
870	 0,164744041721725 
871	 0,164828924573561 
872	 0,164876894239172 
873	 0,165418246197301 
874	 0,16555125122732 
875	 0,165382985082685 
876	 0,165866188425704 
877	 0,165949745467212 
878	 0,165456975144126 
879	 0,1660860518663 
880	 0,166732878056109 
881	 0,166181304487672 
882	 0,166851047560115 
883	 0,168244822512493 
884	 0,167765129365245 
885	 0,167364423486607 
886	 0,167616643704437 
887	 0,167620545417597 
888	 0,167795453856176 
889	 0,168487070248531 
890	 0,168434038644 
891	 0,168051636693103 
892	 0,168733369592317 
893	 0,169599246328475 
894	 0,17024342224077 
895	 0,17032907951934 
896	 0,169974482680763 
897	 0,169366302340311 
898	 0,169055994538302 
899	 0,169172712888808 
900	 0,169733935734058 
901	 0,170479698086026 
902	 0,171076997598303 
903	 0,170731060163702 
904	 0,170444091192112 
905	 0,170801921760396 
906	 0,171113256089297 
907	 0,171095724189376 
908	 0,170490740112183 
909	 0,170277115262754 
910	 0,170601836364727 
911	 0,171094761482943 
912	 0,171390022654969 
913	 0,171335946559921 
914	 0,171287695266251 
915	 0,171501990581913 
916	 0,172158247836931 
917	 0,171987646762444 
918	 0,171247525649652 
919	 0,171249859959834 
920	 0,171294294492437 
921	 0,171167814263694 
922	 0,170936501154321 
923	 0,170838774848305 
924	 0,171039914547057 
925	 0,171170904266527 
926	 0,171131600007569 
927	 0,170867846736459 
928	 0,170568378322702 
929	 0,170353143972908 
930	 0,1703727862006 
931	 0,170536200310734 
932	 0,170659630073805 
933	 0,170007418275098 
934	 0,169021741834693 
935	 0,168388846004369 
936	 0,168825458821563 
937	 0,169481098974607 
938	 0,16729617074706 
939	 0,166441734331656 
940	 0,167737905079056 
941	 0,166356798832376 
942	 0,165207607274747 
943	 0,166806078330943 
944	 0,167288895273463 
945	 0,166452774993392 
946	 0,165189605724172 
947	 0,163346015273715 
948	 0,161401779531571 
949	 0,160898507305643 
950	 0,160678147331103 
951	 0,160021566091893 
952	 0,158955990546585 
953	 0,158226512533136 
954	 0,158645157465996 
955	 0,157934204576319 
956	 0,156466695764263 
957	 0,156507914381313 
958	 0,156503567680731 
959	 0,155746472280452 
960	 0,153454129631721 
961	 0,151909486139739 
962	 0,152567301951657 
963	 0,151965481484481 
964	 0,15105843656936 
965	 0,152014392441475 
966	 0,152949761710314 
967	 0,152999327488346 
968	 0,150740577331778 
969	 0,150367401831297 
970	 0,153005406974232 
971	 0,154048076584196 
972	 0,153685058437984 
973	 0,152534836504809 
974	 0,152152853527623 
975	 0,152528287948947 
976	 0,153070252223573 
977	 0,15336699285836 
978	 0,153368467475497 
979	 0,153569233762816 
980	 0,15322775108752 
981	 0,152315182158151 
982	 0,152926257094418 
983	 0,153401493225363 
984	 0,152141394627055 
985	 0,152847500333368 
986	 0,154814446112288 
987	 0,155335860849979 
988	 0,15641682471924 
989	 0,157654715388734 
990	 0,155341012026274 
991	 0,155201170032957 
992	 0,159068784052828 
993	 0,158193153163495 
994	 0,156622351510758 
995	 0,159034717789539 
996	 0,161326725297073 
997	 0,162375089394975 
998	 0,161510262348103 
999	 0,160977051292173 
1000	 0,161104954415972 
1001	 0,160019083798357 
1002	 0,160616677491455 
1003	 0,163643494116374 
1004	 0,164330495739416 
1005	 0,16478214700865 
1006	 0,16712362070399 
1007	 0,167615193382038 
1008	 0,167139597248251 
1009	 0,168366092941616 
1010	 0,168716480787129 
1011	 0,1680720498307 
1012	 0,16853426390272 
1013	 0,1675222335794 
1014	 0,16484050112777 
1015	 0,165102944511895 
1016	 0,167395076753436 
1017	 0,1702277466625 
1018	 0,17060103348842 
1019	 0,169547285703436 
1020	 0,169364775113999 
1021	 0,170601105324741 
1022	 0,172937185911558 
1023	 0,175292476517041 
1024	 0,175211200786479 
1025	 0,172892808324586 
1026	 0,173012565753625 
1027	 0,176395927305305 
1028	 0,182053640936123 
1029	 0,180083096622211 
1030	 0,178202621234485 
1031	 0,185440832526056 
1032	 0,180172802916666 
1033	 0,170079805337066 
1034	 0,179477027939013 
1035	 0,177975539469393 
1036	 0,166416652493801 
1037	 0,177863607194221 
1038	 0,189368254332969 
1039	 0,1901961157703 
1040	 0,186858500568491 
1041	 0,179889070613687 
1042	 0,171834247363928 
1043	 0,178838073027819 
1044	 0,191762019523626 
1045	 0,196168676205463 
1046	 0,191990834519373 
1047	 0,185803984966043 
1048	 0,193794956421105 
1049	 0,192897445501143 
1050	 0,181969054253124 
1051	 0,18549611657343 
1052	 0,193417390985024 
1053	 0,19856822629679 
1054	 0,190577109984853 
1055	 0,186562649643611 
1056	 0,199275098698495 
1057	 0,200217439376976 
1058	 0,192115787627583 
1059	 0,185379378462693 
1060	 0,193688911218493 
1061	 0,204380094571314 
1062	 0,182846931963803 
1063	 0,176562486366597 
1064	 0,192511094715282 
1065	 0,198088399493495 
1066	 0,203370032314757 
1067	 0,210927205188292 
1068	 0,21251602600285 
1069	 0,20773541123328 
1070	 0,198243400012941 
1071	 0,193399179884291 
1072	 0,191277976568293 
1073	 0,188360019954441 
1074	 0,19077037363552 
1075	 0,197058710915961 
