Wavelength	GRA-BER00611.asd
325	 0,249459442972081 
326	 0,191845098446827 
327	 0,184429766838268 
328	 0,250342547443514 
329	 0,225078525376095 
330	 0,195198298223073 
331	 0,242311654025186 
332	 0,132724320282646 
333	 1,21031570971107E-02 
334	 0,236792286899208 
335	 0,24166926125256 
336	-6,06994641202305E-03 
337	-6,95494046404567E-02 
338	 1,47974634042812E-02 
339	 0,178440344101528 
340	 0,177905947338567 
341	 7,27583031688576E-02 
342	 5,64821388967034E-02 
343	 6,01085277052963E-02 
344	 6,55738155435858E-02 
345	 0,06785634190882 
346	 7,76137527987553E-02 
347	 0,102575879620902 
348	 0,117260792917314 
349	 0,125578602446435 
350	 0,145847227714396 
351	 0,159761633716415 
352	 0,160549360798083 
353	 0,172884074795995 
354	 0,162456863925427 
355	 0,088039187894556 
356	 5,78964294767748E-02 
357	 8,67959883054145E-02 
358	 0,121737109962506 
359	 0,130322770109726 
360	 0,111514796621283 
361	 0,128075797357475 
362	 0,146778403676805 
363	 0,110278675840725 
364	 0,100087025343176 
365	 0,122835717608086 
366	 0,133480137418559 
367	 0,139411341468432 
368	 0,144427933976916 
369	 0,141486086861016 
370	 0,130430496525546 
371	 0,106991507215159 
372	 0,11864316231389 
373	 0,16141104002722 
374	 0,153443073441457 
375	 0,128145029566593 
376	 0,113537243035378 
377	 0,104409591552172 
378	 0,106072598391427 
379	 0,130996663427472 
380	 0,135131194355222 
381	 0,11532270324139 
382	 0,125410309957102 
383	 0,145023833078514 
384	 0,152449098039902 
385	 0,145476031720716 
386	 0,130680094598565 
387	 0,119007874727161 
388	 0,128458570654301 
389	 0,155301058991534 
390	 0,145167976370865 
391	 0,125641840525429 
392	 0,1337315519112 
393	 0,134209335685657 
394	 0,126861972883546 
395	 0,134973512422353 
396	 0,143463211932923 
397	 0,144571073044671 
398	 0,140574594987133 
399	 0,136990435901117 
400	 0,141558719109142 
401	 0,139013252534894 
402	 0,12884643020174 
403	 0,121451928483456 
404	 0,124382035884064 
405	 0,139840452061013 
406	 0,137578742334542 
407	 0,126623184268779 
408	 0,133000775155271 
409	 0,137431324310489 
410	 0,1353553602949 
411	 0,134870009091644 
412	 0,130785642492162 
413	 0,118827155802003 
414	 0,119559217485966 
415	 0,129594216916401 
416	 0,130887122226633 
417	 0,131489975639338 
418	 0,133765265529413 
419	 0,133514009469922 
420	 0,131982771396959 
421	 0,131145180314556 
422	 0,130453766323203 
423	 0,130389247437662 
424	 0,133244304594805 
425	 0,133463890183148 
426	 0,128962828215452 
427	 0,132087766607735 
428	 0,137662040875919 
429	 0,133653773259821 
430	 0,12941979393131 
431	 0,128493170509823 
432	 0,133982131960886 
433	 0,136568627064605 
434	 0,128922388541614 
435	 0,126510277980392 
436	 0,12945445854523 
437	 0,130492210174202 
438	 0,130710642481024 
439	 0,130457769051142 
440	 0,130757002884796 
441	 0,131103034417259 
442	 0,130748094120111 
443	 0,129748407575584 
444	 0,128445254703717 
445	 0,127251953021204 
446	 0,128875947646135 
447	 0,134162864805333 
448	 0,135014837768011 
449	 0,133510513120124 
450	 0,135841442698835 
451	 0,136130575964434 
452	 0,134128245815018 
453	 0,136907594186792 
454	 0,140173525072326 
455	 0,139861910986214 
456	 0,139124937945548 
457	 0,13919995878586 
458	 0,141726589495792 
459	 0,144441176714472 
460	 0,145730102590596 
461	 0,142700856006313 
462	 0,138743191398439 
463	 0,138567890738033 
464	 0,140828794172037 
465	 0,14330070892166 
466	 0,139545518311991 
467	 0,136783362710638 
468	 0,139462087617348 
469	 0,141111172328139 
470	 0,14113279992592 
471	 0,140340224161582 
472	 0,138813149302946 
473	 0,137221203764016 
474	 0,137914760924862 
475	 0,138855539339337 
476	 0,138063881892314 
477	 0,139490124719339 
478	 0,142115562914971 
479	 0,141109480417394 
480	 0,139800907831217 
481	 0,13960230620711 
482	 0,138423307116234 
483	 0,138082470924 
484	 0,141632680853702 
485	 0,141357935340011 
486	 0,137317720679209 
487	 0,137939575788469 
488	 0,140708002358776 
489	 0,143133787812026 
490	 0,140850912230446 
491	 0,136370118567321 
492	 0,137161169087285 
493	 0,138036179681674 
494	 0,137463274765826 
495	 0,136974237609205 
496	 0,136894212857186 
497	 0,137458372521683 
498	 0,138455855262407 
499	 0,139459575687224 
500	 0,139493581332341 
501	 0,139100642676978 
502	 0,138721935071262 
503	 0,139193072134774 
504	 0,139792483902363 
505	 0,139014086899155 
506	 0,138826442875204 
507	 0,139710072276636 
508	 0,141167191884129 
509	 0,141782257976136 
510	 0,140535683506754 
511	 0,141681222320943 
512	 0,144213176068972 
513	 0,143421528379087 
514	 0,142173367834305 
515	 0,141884190100534 
516	 0,143216346975683 
517	 0,144408167597305 
518	 0,142947470928222 
519	 0,142568536729375 
520	 0,143431756446503 
521	 0,142359472538233 
522	 0,141176676221772 
523	 0,141250721328585 
524	 0,142068041681625 
525	 0,142963989063176 
526	 0,142765455510574 
527	 0,142043527469974 
528	 0,141142521770978 
529	 0,140734259800726 
530	 0,140549227439702 
531	 0,140213821056237 
532	 0,140301784507535 
533	 0,140740101334836 
534	 0,140973715767805 
535	 0,141002107504823 
536	 0,140882510845555 
537	 0,141175705023835 
538	 0,141602747916632 
539	 0,141562475620978 
540	 0,140984769135283 
541	 0,140267137970363 
542	 0,141348117122574 
543	 0,142344143803479 
544	 0,141460206122253 
545	 0,141991911639762 
546	 0,143566594672232 
547	 0,14328350275194 
548	 0,142769742043178 
549	 0,14280854471843 
550	 0,143159726421419 
551	 0,143412180107692 
552	 0,142908944823279 
553	 0,143542436141451 
554	 0,14502369665248 
555	 0,143876234522945 
556	 0,142842621387683 
557	 0,144075747714249 
558	 0,143928056099372 
559	 0,142641893604852 
560	 0,142270212992772 
561	 0,143005464611352 
562	 0,144592110856121 
563	 0,14463773209694 
564	 0,143966803971517 
565	 0,143960635752381 
566	 0,144204666275049 
567	 0,144530719701314 
568	 0,14443491715079 
569	 0,145052493477495 
570	 0,146981492947999 
571	 0,147881255669163 
572	 0,147961107314942 
573	 0,148436903021608 
574	 0,14940584496882 
575	 0,150856752716248 
576	 0,152242106611698 
577	 0,153342108102405 
578	 0,153985095377983 
579	 0,154875879788794 
580	 0,155883217796097 
581	 0,15601616619241 
582	 0,156178034404003 
583	 0,156805757062259 
584	 0,157016767392401 
585	 0,156753823345763 
586	 0,155998922835584 
587	 0,156526497322755 
588	 0,158169691623176 
589	 0,157556988324897 
590	 0,156523213094605 
591	 0,156873018212673 
592	 0,157199554644712 
593	 0,157185402154315 
594	 0,156683404249104 
595	 0,156244531786306 
596	 0,156182633787473 
597	 0,156638842775467 
598	 0,156851633430672 
599	 0,155677562102052 
600	 0,154797929380686 
601	 0,154643441365026 
602	 0,154840016344545 
603	 0,154864983610965 
604	 0,154332328209707 
605	 0,153849006488875 
606	 0,153408306215056 
607	 0,152656776553088 
608	 0,15222480868124 
609	 0,152181192062215 
610	 0,151345473806043 
611	 0,150584803675697 
612	 0,151065116005375 
613	 0,150999190470623 
614	 0,150346188754832 
615	 0,150618513277824 
616	 0,150544766874405 
617	 0,149458560178662 
618	 0,148997997965229 
619	 0,1492956285114 
620	 0,150180054423731 
621	 0,150723567004777 
622	 0,150589293553928 
623	 0,150015517256653 
624	 0,149666739334544 
625	 0,150178596583814 
626	 0,15068588144042 
627	 0,151165015865638 
628	 0,152178021518774 
629	 0,153145867118423 
630	 0,153694159000383 
631	 0,153546803337538 
632	 0,153283379711192 
633	 0,153826972165128 
634	 0,154976883050365 
635	 0,156458809008737 
636	 0,157512635200858 
637	 0,158177135517437 
638	 0,158563057736137 
639	 0,159444310276326 
640	 0,16071816770591 
641	 0,161803041199148 
642	 0,162542815552021 
643	 0,162832900589985 
644	 0,162633624546072 
645	 0,16262660846797 
646	 0,163665479062692 
647	 0,164434117968786 
648	 0,164639653425172 
649	 0,164619393737131 
650	 0,164412346881509 
651	 0,164058967886236 
652	 0,163529964153492 
653	 0,163022561597781 
654	 0,162921047915263 
655	 0,16284722852759 
656	 0,162665288875445 
657	 0,162561228926204 
658	 0,161942830793706 
659	 0,160239574732762 
660	 0,158570509287639 
661	 0,157356028068531 
662	 0,156990596802299 
663	 0,156444895354544 
664	 0,155275020950218 
665	 0,154510179161393 
666	 0,154007187822251 
667	 0,153331487727914 
668	 0,153146140205842 
669	 0,153286548300381 
670	 0,152432594954761 
671	 0,151432077003227 
672	 0,150961385704259 
673	 0,150240225310707 
674	 0,149539023447761 
675	 0,149856021077797 
676	 0,14996670781964 
677	 0,149551806081869 
678	 0,149646054790611 
679	 0,1498555293399 
680	 0,149629625001802 
681	 0,150170332829457 
682	 0,151206482003595 
683	 0,150808763197562 
684	 0,151103193679674 
685	 0,153138582939293 
686	 0,154406366454008 
687	 0,155320583642701 
688	 0,157205091841833 
689	 0,159363507388834 
690	 0,161747507190193 
691	 0,164960402685698 
692	 0,168513905554294 
693	 0,171997421661761 
694	 0,176193124746158 
695	 0,181146568671734 
696	 0,186625606508972 
697	 0,19247162376852 
698	 0,198625154663758 
699	 0,205369762842444 
700	 0,212234436995361 
701	 0,218608461826428 
702	 0,225619003543412 
703	 0,233294804594766 
704	 0,240892509067342 
705	 0,248049024632278 
706	 0,254594430221284 
707	 0,261337938873593 
708	 0,268161444987365 
709	 0,27465210949422 
710	 0,280788395991834 
711	 0,286558739961561 
712	 0,292047514126994 
713	 0,297310721080387 
714	 0,302370353487282 
715	 0,30691510939457 
716	 0,31109820230382 
717	 0,315427839418462 
718	 0,319636984708735 
719	 0,323574730257987 
720	 0,327069985252729 
721	 0,33025517343389 
722	 0,333323213012874 
723	 0,335691652138046 
724	 0,337582416992414 
725	 0,340047990087887 
726	 0,342797687511808 
727	 0,345527404179828 
728	 0,347308391502785 
729	 0,348485310319742 
730	 0,349906363672964 
731	 0,351275188087037 
732	 0,352593205392669 
733	 0,354168578283265 
734	 0,355453441155605 
735	 0,356029255579222 
736	 0,356988847914065 
737	 0,358182396173588 
738	 0,358655857147262 
739	 0,359397656314204 
740	 0,360590817029217 
741	 0,36102817448856 
742	 0,361294187290151 
743	 0,362161418646089 
744	 0,362981931112561 
745	 0,363532207018422 
746	 0,36359041256536 
747	 0,363667464962619 
748	 0,364039399311128 
749	 0,364422367021219 
750	 0,364837790963529 
751	 0,365369409293282 
752	 0,365859448224697 
753	 0,366247896991515 
754	 0,366550588794042 
755	 0,366669701553099 
756	 0,366569460969707 
757	 0,366553045857769 
758	 0,366724648022596 
759	 0,367172383783281 
760	 0,367719988253286 
761	 0,368204529200417 
762	 0,368307921468027 
763	 0,368164197268612 
764	 0,367949688293813 
765	 0,368069532730721 
766	 0,368458162719489 
767	 0,368703796667054 
768	 0,369028452931281 
769	 0,369418001037969 
770	 0,369373643027041 
771	 0,369233136873331 
772	 0,369428244144855 
773	 0,369253948387972 
774	 0,36887738965636 
775	 0,369252993194925 
776	 0,369797963435683 
777	 0,37019457927666 
778	 0,370563430104712 
779	 0,370699477204402 
780	 0,370296923891547 
781	 0,370331877032351 
782	 0,370782796692982 
783	 0,370469938992716 
784	 0,370422788142201 
785	 0,371188304919658 
786	 0,371290017676169 
787	 0,371035812673439 
788	 0,371350716769363 
789	 0,37160260880526 
790	 0,37169637623722 
791	 0,372027178390899 
792	 0,372306424165691 
793	 0,372313262943965 
794	 0,372321923948787 
795	 0,372401005888039 
796	 0,37257740989438 
797	 0,3728871203841 
798	 0,373224644129123 
799	 0,373036118020189 
800	 0,372946165083576 
801	 0,37351432098145 
802	 0,373801651674728 
803	 0,373765583799407 
804	 0,373768073717056 
805	 0,37375525572437 
806	 0,373763992939262 
807	 0,373936796481292 
808	 0,374287492664234 
809	 0,374789253981207 
810	 0,374849877767142 
811	 0,374549849776814 
812	 0,374409143145084 
813	 0,374644252172625 
814	 0,375266897341413 
815	 0,375623310677012 
816	 0,37577482339579 
817	 0,375878369393942 
818	 0,376178143367441 
819	 0,37657426596583 
820	 0,37653793648306 
821	 0,376701623969461 
822	 0,377231954019742 
823	 0,377110498689077 
824	 0,376873100490754 
825	 0,377318299103384 
826	 0,377499136090635 
827	 0,377485395262517 
828	 0,378273414254366 
829	 0,378871590632188 
830	 0,378786684769051 
831	 0,378459049296827 
832	 0,3783142257459 
833	 0,3788411460027 
834	 0,37912912002847 
835	 0,379131361590673 
836	 0,379560016919443 
837	 0,379718348308472 
838	 0,379356237817629 
839	 0,37956118752118 
840	 0,379889044200338 
841	 0,37954974489575 
842	 0,379929786419828 
843	 0,380972568053543 
844	 0,381399972001683 
845	 0,381324957116644 
846	 0,380897199662473 
847	 0,380763128128114 
848	 0,38092153829323 
849	 0,381237392819089 
850	 0,381479209540174 
851	 0,381587297050438 
852	 0,381617069755777 
853	 0,381712339720372 
854	 0,381946121815406 
855	 0,382188706405363 
856	 0,382442495749157 
857	 0,382733960546041 
858	 0,382600285725812 
859	 0,382294350958553 
860	 0,38304824841797 
861	 0,383492512270985 
862	 0,383022173488495 
863	 0,382676241997089 
864	 0,382824769512549 
865	 0,383760885361884 
866	 0,384205622373476 
867	 0,384053426581813 
868	 0,384036011001167 
869	 0,384055181150608 
870	 0,384139686767408 
871	 0,384593771507162 
872	 0,38506664009759 
873	 0,385112974126396 
874	 0,384766260734275 
875	 0,384311767087838 
876	 0,384491797601984 
877	 0,384798367170585 
878	 0,384986317846643 
879	 0,384994250226905 
880	 0,384981431407465 
881	 0,385112935352344 
882	 0,384955604602678 
883	 0,384796305866584 
884	 0,385651024967186 
885	 0,386270787574196 
886	 0,386263782873039 
887	 0,386335698111491 
888	 0,386004503774155 
889	 0,384954920830818 
890	 0,385468171596274 
891	 0,386727648102426 
892	 0,385969864265118 
893	 0,385854062692408 
894	 0,386742124336399 
895	 0,386240037792157 
896	 0,385718932912848 
897	 0,386241351864951 
898	 0,38671952703606 
899	 0,386815410603281 
900	 0,386185752726494 
901	 0,38660994825427 
902	 0,387913195031036 
903	 0,387377789203232 
904	 0,386746826198677 
905	 0,387066837668927 
906	 0,38742182759475 
907	 0,3874452918291 
908	 0,386789699515973 
909	 0,386819079160436 
910	 0,387385182014883 
911	 0,386724752938126 
912	 0,386897637839884 
913	 0,388438920420068 
914	 0,388428613256004 
915	 0,387703042905665 
916	 0,387480719233167 
917	 0,387643459462566 
918	 0,387863309711987 
919	 0,387239146487443 
920	 0,387060580281697 
921	 0,387555984739592 
922	 0,387507383384515 
923	 0,387277774517342 
924	 0,387216484066028 
925	 0,387294584539185 
926	 0,38722795366026 
927	 0,386450187779492 
928	 0,38707242042033 
929	 0,388640000382701 
930	 0,387188593870446 
931	 0,385748067793546 
932	 0,385977733390758 
933	 0,385986681395964 
934	 0,385475153474542 
935	 0,384369423564547 
936	 0,384292029421034 
937	 0,385071900043809 
938	 0,385134043215142 
939	 0,385118492136639 
940	 0,38521623418383 
941	 0,385483218892166 
942	 0,384952732237088 
943	 0,383038692622462 
944	 0,382838297182146 
945	 0,383588909071074 
946	 0,382904647478973 
947	 0,381986258206555 
948	 0,381321645267527 
949	 0,381638644869227 
950	 0,381144693303519 
951	 0,37914306190463 
952	 0,378319705160079 
953	 0,378037423516764 
954	 0,377192109147416 
955	 0,375988724802033 
956	 0,375220113973504 
957	 0,376967143115735 
958	 0,377658191316283 
959	 0,37637474093834 
960	 0,375186293725219 
961	 0,375027136528124 
962	 0,376198052242507 
963	 0,375370548308166 
964	 0,373793079927578 
965	 0,374088646527886 
966	 0,374273016591398 
967	 0,373932143518081 
968	 0,373299837192926 
969	 0,372759095070762 
970	 0,37242612766066 
971	 0,371524003127065 
972	 0,371837497483554 
973	 0,374602779827951 
974	 0,375032204427482 
975	 0,373745782189518 
976	 0,373322567113549 
977	 0,373926988262195 
978	 0,37493376483222 
979	 0,373645403120586 
980	 0,373359466179097 
981	 0,37516120096574 
982	 0,375034763677423 
983	 0,374294794700918 
984	 0,374539483423006 
985	 0,374272417614132 
986	 0,374099659860446 
987	 0,375719382986967 
988	 0,375564233394457 
989	 0,373870349027096 
990	 0,375655486764549 
991	 0,376027578493109 
992	 0,373439792053806 
993	 0,375161133149452 
994	 0,377700419221628 
995	 0,377034642103235 
996	 0,376182306474486 
997	 0,375740471264935 
998	 0,375791041949846 
999	 0,376160113972257 
1000	 0,37697027212412 
1001	 0,379188453228064 
1002	 0,379455737571533 
1003	 0,377004441821626 
1004	 0,377946109333575 
1005	 0,379640248517708 
1006	 0,379274298351374 
1007	 0,380404622553635 
1008	 0,381470884705708 
1009	 0,378730177866162 
1010	 0,380047080674488 
1011	 0,384666572774154 
1012	 0,382732549223874 
1013	 0,381105877829802 
1014	 0,382333616693095 
1015	 0,383437409161132 
1016	 0,383908310956184 
1017	 0,383599031121189 
1018	 0,384251107933388 
1019	 0,384958023873651 
1020	 0,384025680010023 
1021	 0,382672149195169 
1022	 0,381593829051775 
1023	 0,381393223498179 
1024	 0,384114211589269 
1025	 0,388312057406426 
1026	 0,384264022295444 
1027	 0,381880604306606 
1028	 0,386665890370661 
1029	 0,38747510183347 
1030	 0,386454160260436 
1031	 0,387347535352292 
1032	 0,387655406785694 
1033	 0,386889891542457 
1034	 0,384899325462606 
1035	 0,383894087892029 
1036	 0,384698179016969 
1037	 0,388225863982879 
1038	 0,386850375243921 
1039	 0,379848925767541 
1040	 0,383126440630089 
1041	 0,389033720208482 
1042	 0,390673271647711 
1043	 0,393363269607452 
1044	 0,393902194119458 
1045	 0,387716452984158 
1046	 0,391624982373361 
1047	 0,400773291058637 
1048	 0,395336485931405 
1049	 0,388785123717537 
1050	 0,386149072888396 
1051	 0,391317400467668 
1052	 0,390387427428991 
1053	 0,379826051626002 
1054	 0,382590352542568 
1055	 0,387968576037846 
1056	 0,386358278252684 
1057	 0,390791795346816 
1058	 0,395836374589287 
1059	 0,392006809534806 
1060	 0,387358218181586 
1061	 0,382720685389515 
1062	 0,374904401349272 
1063	 0,380734614602806 
1064	 0,396137386486033 
1065	 0,386870274875717 
1066	 0,387906182093133 
1067	 0,406578174258597 
1068	 0,394732467066076 
1069	 0,378126895737165 
1070	 0,37968066841866 
1071	 0,398570788961405 
1072	 0,409567488823027 
1073	 0,385818539498457 
1074	 0,378827153086123 
1075	 0,382022898067404 
