Wavelength	GRA-VAN00082.asd
325	 0,257590627028823 
326	 0,10342358927156 
327	 7,02520248516928E-02 
328	 0,280722575526865 
329	 0,304720931741748 
330	 0,231654047757717 
331	 0,204760233249797 
332	 0,162302682291958 
333	 0,117145906925049 
334	 0,137990762124711 
335	 0,154120839880017 
336	 0,144335013133102 
337	 0,17547946699799 
338	 0,168695392289982 
339	 4,96717594874322E-02 
340	 0,039248356606914 
341	 0,104200480425891 
342	 9,67072076206001E-02 
343	 0,101978266116486 
344	 0,126407694496231 
345	 0,105172781582536 
346	 8,60110693085068E-02 
347	 0,118441712683247 
348	 4,09210356572202E-02 
349	-9,42567412614821E-02 
350	-3,39612412219909E-02 
351	 5,08358494387633E-02 
352	 7,60201704167221E-02 
353	 5,39361344698008E-02 
354	 2,02814244779979E-02 
355	 1,58779128204273E-02 
356	 4,34978191016515E-02 
357	 7,34276017414373E-02 
358	 2,59848894049378E-02 
359	-2,73343509359266E-03 
360	 3,12860315285778E-02 
361	 5,14759022638053E-02 
362	 5,60115938390613E-02 
363	 5,02178980155305E-02 
364	 3,98344724297681E-02 
365	 3,39568387066899E-02 
366	 5,41791362260716E-02 
367	 8,23810519744358E-02 
368	 0,101361804262195 
369	 7,12531815691983E-02 
370	 2,05521960971698E-02 
371	 2,77330929418683E-03 
372	 2,05215036249764E-02 
373	 5,50717168867213E-02 
374	 4,19439651630926E-02 
375	 2,15325003049524E-02 
376	 2,61259220765937E-02 
377	 1,93217900511397E-02 
378	 9,53737312097724E-03 
379	 2,92395728537256E-02 
380	 3,83249747222816E-02 
381	 3,00846543082568E-02 
382	 0,034370813417119 
383	 3,73595847552619E-02 
384	 2,69683959066404E-02 
385	 4,75950738398524E-02 
386	 7,46470853175449E-02 
387	 2,67034016168741E-02 
388	-4,53830029748517E-03 
389	 1,63235837335035E-02 
390	 3,62829114116632E-02 
391	 4,45861727988263E-02 
392	 0,034783368390526 
393	 0,020178885637397 
394	 0,010678466714992 
395	 2,47630265221292E-02 
396	 3,37035173016295E-02 
397	 2,47285802031126E-02 
398	 1,97496898848479E-02 
399	 0,0192191145955 
400	 1,93921007245314E-02 
401	 2,85470328795435E-02 
402	 4,04176307884735E-02 
403	 2,97243386617409E-02 
404	 1,54515392765638E-02 
405	 1,21171465224918E-02 
406	 1,78707862723884E-02 
407	 2,53153219519408E-02 
408	 2,17140585290786E-02 
409	 2,03333867326106E-02 
410	 2,33226037845136E-02 
411	 2,10188240531413E-02 
412	 1,85028374232565E-02 
413	 0,020519406605042 
414	 1,81594430478707E-02 
415	 1,29773507235211E-02 
416	 1,26045707596264E-02 
417	 1,33816732991573E-02 
418	 1,35403762393865E-02 
419	 1,13062128652159E-02 
420	 1,07878761721892E-02 
421	 0,017011625592429 
422	 2,28603761579711E-02 
423	 2,52016029809472E-02 
424	 2,00643493234662E-02 
425	 1,55863157424921E-02 
426	 1,66547084807015E-02 
427	 2,00216350166791E-02 
428	 2,23261965242777E-02 
429	 1,86312652634249E-02 
430	 1,47937501254783E-02 
431	 1,30847012651364E-02 
432	 1,40003857365569E-02 
433	 0,018345383216926 
434	 2,58260834395894E-02 
435	 2,12155598955992E-02 
436	 1,02325226109486E-02 
437	 1,49891389496979E-02 
438	 0,018993154378909 
439	 1,64042831316297E-02 
440	 1,33216406948391E-02 
441	 1,25949233139605E-02 
442	 1,70620380800187E-02 
443	 1,90035962385524E-02 
444	 1,73550877371491E-02 
445	 0,015477455389344 
446	 1,38715375202338E-02 
447	 1,29272861428899E-02 
448	 1,21063026692733E-02 
449	 0,011809692368241 
450	 1,27025440886977E-02 
451	 1,62074100966593E-02 
452	 2,10367173960102E-02 
453	 2,05099061276898E-02 
454	 1,70816157859362E-02 
455	 1,36568888596927E-02 
456	 1,55338791591981E-02 
457	 1,98955695234176E-02 
458	 1,63755406619355E-02 
459	 1,33492436133869E-02 
460	 1,42798511679488E-02 
461	 1,66368380561249E-02 
462	 1,79975264808858E-02 
463	 1,55659416340312E-02 
464	 1,25033993708944E-02 
465	 1,07701724343995E-02 
466	 1,34846384097335E-02 
467	 1,66758796133329E-02 
468	 1,78415402513434E-02 
469	 0,020566554531851 
470	 0,022397109633137 
471	 1,73539348852832E-02 
472	 1,43596598265995E-02 
473	 1,56314300739693E-02 
474	 1,58233790817376E-02 
475	 1,58825488208867E-02 
476	 1,69244452058936E-02 
477	 0,016755029298041 
478	 1,57661862744631E-02 
479	 1,63068066088935E-02 
480	 1,61764858723027E-02 
481	 1,50078550460554E-02 
482	 1,79216777226925E-02 
483	 2,10850470646778E-02 
484	 1,82485992478887E-02 
485	 1,57587269531276E-02 
486	 1,51416731622329E-02 
487	 0,014902553716782 
488	 1,50343265589922E-02 
489	 1,55054052188987E-02 
490	 1,61538042876693E-02 
491	 1,66203644080253E-02 
492	 1,60238226164739E-02 
493	 1,65087280881925E-02 
494	 1,84504858787792E-02 
495	 0,019988197694857 
496	 1,90727428609114E-02 
497	 0,013770727281327 
498	 1,27399108666654E-02 
499	 1,58132212509909E-02 
500	 1,58098970176341E-02 
501	 1,58884158512972E-02 
502	 1,74448863444606E-02 
503	 1,71000237625654E-02 
504	 1,61287592040968E-02 
505	 1,75728229967215E-02 
506	 1,76450394193739E-02 
507	 1,60158900521406E-02 
508	 1,63893695739232E-02 
509	 1,69044448793651E-02 
510	 1,58561319305609E-02 
511	 1,58973947119536E-02 
512	 1,65150336135381E-02 
513	 1,48765753495432E-02 
514	 1,41959227019795E-02 
515	 1,55843150016201E-02 
516	 0,016603026041226 
517	 1,69419728912815E-02 
518	 1,65268901935074E-02 
519	 1,70343081969828E-02 
520	 1,81894178416918E-02 
521	 1,73072563107962E-02 
522	 1,61588652644241E-02 
523	 0,016080539065523 
524	 1,64175026194435E-02 
525	 1,68735821663656E-02 
526	 1,71418193452776E-02 
527	 1,68047484588266E-02 
528	 1,58926940472266E-02 
529	 1,54370966535546E-02 
530	 1,53609203542123E-02 
531	 1,54627821737678E-02 
532	 1,48371604683991E-02 
533	 1,38880018593857E-02 
534	 1,45547429872683E-02 
535	 1,54418200515258E-02 
536	 1,56045864789105E-02 
537	 1,44389119819854E-02 
538	 1,34618536169472E-02 
539	 1,56849668305501E-02 
540	 1,71122393684926E-02 
541	 1,67000772796408E-02 
542	 1,60699188464614E-02 
543	 1,55126398800315E-02 
544	 1,52404167042964E-02 
545	 1,51948756273968E-02 
546	 1,52934065787086E-02 
547	 1,53008514502554E-02 
548	 1,55780288539246E-02 
549	 0,016199152298 
550	 1,64397598818829E-02 
551	 1,64459446238629E-02 
552	 1,66159023512737E-02 
553	 1,61639637759181E-02 
554	 1,51355936424657E-02 
555	 1,44130082203607E-02 
556	 1,44757341729815E-02 
557	 1,55564626685367E-02 
558	 1,55477032442855E-02 
559	 1,49026904964465E-02 
560	 1,59058868689949E-02 
561	 1,63354157183799E-02 
562	 1,55644728975273E-02 
563	 1,56076666348429E-02 
564	 0,015775998328148 
565	 1,49285000368614E-02 
566	 1,47940292669133E-02 
567	 1,54066657830232E-02 
568	 1,52986974393322E-02 
569	 1,48813310775588E-02 
570	 1,45242081245385E-02 
571	 1,48852746812668E-02 
572	 1,56074506680372E-02 
573	 1,56430555155899E-02 
574	 1,60205657451698E-02 
575	 0,016869477444888 
576	 1,69698609194604E-02 
577	 0,016873983667573 
578	 1,72845004455948E-02 
579	 1,75103325526866E-02 
580	 1,76139301206642E-02 
581	 0,018379791275479 
582	 0,018629334425578 
583	 1,78608071026828E-02 
584	 1,78146880956578E-02 
585	 1,82832876929612E-02 
586	 1,84826797518698E-02 
587	 1,86625731036201E-02 
588	 1,88650970017164E-02 
589	 1,90409315376144E-02 
590	 1,92617424753083E-02 
591	 1,95802248875792E-02 
592	 1,97630118647693E-02 
593	 1,96818289082088E-02 
594	 1,90578470300205E-02 
595	 1,86841771759383E-02 
596	 1,89406335389219E-02 
597	 1,95484943582745E-02 
598	 1,99402125455548E-02 
599	 1,93379955267384E-02 
600	 1,88693657548515E-02 
601	 1,88256273378292E-02 
602	 1,88529198534289E-02 
603	 1,92200879248159E-02 
604	 1,99894507634672E-02 
605	 1,92887257016705E-02 
606	 1,78662880273833E-02 
607	 1,83963220946876E-02 
608	 1,86057280010835E-02 
609	 1,79170131904814E-02 
610	 0,018136775786467 
611	 1,86310822474776E-02 
612	 1,84523442397499E-02 
613	 1,78470417600838E-02 
614	 1,71012738227049E-02 
615	 1,68942851825144E-02 
616	 1,69871304995828E-02 
617	 1,71999611812218E-02 
618	 0,017409931355165 
619	 1,75160290324582E-02 
620	 1,73795452244069E-02 
621	 1,72786958243896E-02 
622	 1,73134423104794E-02 
623	 1,74634338646575E-02 
624	 0,017496663159629 
625	 1,71996533756522E-02 
626	 1,71684788377124E-02 
627	 0,017415019684138 
628	 1,76556206151945E-02 
629	 1,74827949072333E-02 
630	 1,68187848521166E-02 
631	 1,67624547007865E-02 
632	 1,72371939709754E-02 
633	 1,79339960889498E-02 
634	 0,017908040276945 
635	 0,017341194949449 
636	 1,83760685165718E-02 
637	 1,92515554470577E-02 
638	 1,85675650154893E-02 
639	 1,90553384224877E-02 
640	 2,01730426353436E-02 
641	 1,91481450276188E-02 
642	 1,87376928050074E-02 
643	 1,97943671304889E-02 
644	 2,02384752671502E-02 
645	 2,02938792788226E-02 
646	 2,05030789078798E-02 
647	 2,06758516446058E-02 
648	 2,05650813268366E-02 
649	 1,93003649900843E-02 
650	 1,86749839357895E-02 
651	 1,96814178065559E-02 
652	 1,95051956236534E-02 
653	 1,87111668452624E-02 
654	 1,93899292355194E-02 
655	 1,97531231066873E-02 
656	 1,92108959375992E-02 
657	 1,78784089830932E-02 
658	 1,69078967202575E-02 
659	 1,74155761443739E-02 
660	 1,76001889762195E-02 
661	 1,71870365325304E-02 
662	 1,65325758576507E-02 
663	 1,62629445699565E-02 
664	 1,66070177656844E-02 
665	 1,65989414330572E-02 
666	 1,62614824904768E-02 
667	 1,58185673292576E-02 
668	 1,53815112317423E-02 
669	 1,51099523894118E-02 
670	 1,53875087051951E-02 
671	 1,56791106052891E-02 
672	 1,55706950290394E-02 
673	 1,56115732211539E-02 
674	 1,57826559584041E-02 
675	 1,58271062431903E-02 
676	 1,57956208821781E-02 
677	 1,57200633685742E-02 
678	 1,56033349805421E-02 
679	 1,58729493052556E-02 
680	 1,69991328896722E-02 
681	 1,69497789441948E-02 
682	 1,59681232302528E-02 
683	 1,64500832084972E-02 
684	 1,71607350724397E-02 
685	 1,73480216222145E-02 
686	 1,71006227921952E-02 
687	 1,69102920090972E-02 
688	 1,76757750587611E-02 
689	 1,78708911829284E-02 
690	 1,74366752408451E-02 
691	 1,81705006298535E-02 
692	 0,019503462381946 
693	 2,08581949995278E-02 
694	 2,24005078338334E-02 
695	 2,40840529405125E-02 
696	 2,56568896972059E-02 
697	 2,79009243147352E-02 
698	 3,10435001506513E-02 
699	 3,41873282358435E-02 
700	 3,75263670983047E-02 
701	 4,14092449688486E-02 
702	 4,57939077323356E-02 
703	 5,05444464391753E-02 
704	 0,055228374196824 
705	 6,03926995043787E-02 
706	 6,62415443430699E-02 
707	 7,15029077495483E-02 
708	 0,076580734383433 
709	 8,25725065083643E-02 
710	 8,84200615639821E-02 
711	 9,38287825356519E-02 
712	 9,91016653476762E-02 
713	 0,104199484797403 
714	 0,109077890035608 
715	 0,113798020256435 
716	 0,118484800728795 
717	 0,12348945530568 
718	 0,127958455080838 
719	 0,13161892815518 
720	 0,13518826356322 
721	 0,138772320485812 
722	 0,142419511422369 
723	 0,14542303916386 
724	 0,147909963685036 
725	 0,150864257225911 
726	 0,153840647625519 
727	 0,156509210786139 
728	 0,158555149905439 
729	 0,16022820310444 
730	 0,162059830260732 
731	 0,163662768798765 
732	 0,165030656386718 
733	 0,166590463654075 
734	 0,168085372952219 
735	 0,169274912078558 
736	 0,170148510964548 
737	 0,170920961533566 
738	 0,17212253711108 
739	 0,173254805065014 
740	 0,174121837994332 
741	 0,174792072017992 
742	 0,175449780921919 
743	 0,176292655531491 
744	 0,176971464995971 
745	 0,177389370776298 
746	 0,177451667314254 
747	 0,177751328286239 
748	 0,17855984979938 
749	 0,179289142508859 
750	 0,179771175142455 
751	 0,179871219270936 
752	 0,18004043875512 
753	 0,180347461390851 
754	 0,180462501218764 
755	 0,180638981498402 
756	 0,18104853009046 
757	 0,18141938713086 
758	 0,181807667180716 
759	 0,182458957708902 
760	 0,182802162543876 
761	 0,18276944986075 
762	 0,183006517212469 
763	 0,183357123586769 
764	 0,183640049699327 
765	 0,183882770826526 
766	 0,18404216578567 
767	 0,183963856733236 
768	 0,184116458148666 
769	 0,184576861318272 
770	 0,184526339315865 
771	 0,184515306161932 
772	 0,185243427614069 
773	 0,185640225153449 
774	 0,185626911796854 
775	 0,185771595151809 
776	 0,185862885860963 
777	 0,185821196732925 
778	 0,185825013918663 
779	 0,185817700648923 
780	 0,185684615222301 
781	 0,185661664712044 
782	 0,185777104822908 
783	 0,185866808981209 
784	 0,186019260185191 
785	 0,186286144048423 
786	 0,186627958084481 
787	 0,186894647142668 
788	 0,186831797327132 
789	 0,186858437218911 
790	 0,187044362887499 
791	 0,187113808395623 
792	 0,187047441060744 
793	 0,18685324806122 
794	 0,186706984882755 
795	 0,186660397816711 
796	 0,186757221662788 
797	 0,186727829255827 
798	 0,1866177490742 
799	 0,187170853345696 
800	 0,187594959629593 
801	 0,187170179673635 
802	 0,186912297086769 
803	 0,187003186291623 
804	 0,187425042715824 
805	 0,18762772928572 
806	 0,187510843249063 
807	 0,187920733836962 
808	 0,188193241172435 
809	 0,187632148278691 
810	 0,187905049745992 
811	 0,188876569326622 
812	 0,189225079311249 
813	 0,189251942197106 
814	 0,189140320937944 
815	 0,189382791019855 
816	 0,189686599277659 
817	 0,189656586672509 
818	 0,189714219618568 
819	 0,189856619126083 
820	 0,189756147402554 
821	 0,18981368670256 
822	 0,190153824142061 
823	 0,190225305968214 
824	 0,190274329442507 
825	 0,190678687417279 
826	 0,191025389320391 
827	 0,191181981212256 
828	 0,191031193016798 
829	 0,191128938075827 
830	 0,191626460118185 
831	 0,1913922567582 
832	 0,190894352967375 
833	 0,190926363647654 
834	 0,191191361504542 
835	 0,191579397863166 
836	 0,191993011037327 
837	 0,192230036903293 
838	 0,192177199688437 
839	 0,191920307775027 
840	 0,191770377831902 
841	 0,192129032532044 
842	 0,192113134084196 
843	 0,191724665616284 
844	 0,191748183569349 
845	 0,191862409034067 
846	 0,191880081078431 
847	 0,191739268349774 
848	 0,191710663695803 
849	 0,192177270348055 
850	 0,192152406505928 
851	 0,191611713703777 
852	 0,191268654286397 
853	 0,191413071806944 
854	 0,192016876106117 
855	 0,191621623329642 
856	 0,190961239022674 
857	 0,191251223129819 
858	 0,191617198494788 
859	 0,191794647625207 
860	 0,191606120672056 
861	 0,19165431872385 
862	 0,192113543704651 
863	 0,191900458131365 
864	 0,191343544155698 
865	 0,191021208430492 
866	 0,191082638933891 
867	 0,191456445391358 
868	 0,191732315608506 
869	 0,192172149296729 
870	 0,192789191891258 
871	 0,193031232539833 
872	 0,192924088443068 
873	 0,192595280606838 
874	 0,192934518910323 
875	 0,193723305941035 
876	 0,193748909235281 
877	 0,19359558810656 
878	 0,193557563096364 
879	 0,193908003513673 
880	 0,194126993248111 
881	 0,193694407744775 
882	 0,194043017963078 
883	 0,19474861425696 
884	 0,193715162454874 
885	 0,193941654578814 
886	 0,195875081584569 
887	 0,195846700776506 
888	 0,195308293386392 
889	 0,195731175436478 
890	 0,195353234345948 
891	 0,194619239352923 
892	 0,195156051288348 
893	 0,195406217810376 
894	 0,195127570784903 
895	 0,195620645994157 
896	 0,196173119781254 
897	 0,196199346879768 
898	 0,195974661101829 
899	 0,195795668895769 
900	 0,196119710522845 
901	 0,196127532374987 
902	 0,195787664172988 
903	 0,195873903742969 
904	 0,196265029177872 
905	 0,19675284309143 
906	 0,196462013943847 
907	 0,195937084669513 
908	 0,196093329238231 
909	 0,196530477861799 
910	 0,196975550779663 
911	 0,196930471782896 
912	 0,196696675646005 
913	 0,196408980322326 
914	 0,195914502949265 
915	 0,195513344930108 
916	 0,195529170810823 
917	 0,195558853550945 
918	 0,195778633503191 
919	 0,196980261418189 
920	 0,197436477396418 
921	 0,196704399255151 
922	 0,195917106249916 
923	 0,195515731130685 
924	 0,195727322719915 
925	 0,19538153469818 
926	 0,194687018068578 
927	 0,194351949383803 
928	 0,194313116700482 
929	 0,194425291217539 
930	 0,194208040012845 
931	 0,193854418607443 
932	 0,193431220875642 
933	 0,192584031755315 
934	 0,191697351413874 
935	 0,191276550333433 
936	 0,190744608934956 
937	 0,189966095220884 
938	 0,188800201759626 
939	 0,188447775061943 
940	 0,189037010580301 
941	 0,188655773742384 
942	 0,187868900140004 
943	 0,187298261522079 
944	 0,187069912630394 
945	 0,186715084157465 
946	 0,185342616840612 
947	 0,18357487117246 
948	 0,181967657426222 
949	 0,181752276943638 
950	 0,181344840602231 
951	 0,179986426685722 
952	 0,179376266898845 
953	 0,178566340643638 
954	 0,176307938774748 
955	 0,174794621854013 
956	 0,173992037543373 
957	 0,17236908620643 
958	 0,171958692762601 
959	 0,17277645222058 
960	 0,171657506797486 
961	 0,17037521772585 
962	 0,170329814399274 
963	 0,170679085050826 
964	 0,170556287718931 
965	 0,168877376023994 
966	 0,167247984308697 
967	 0,166565523404683 
968	 0,168219706143179 
969	 0,169130556176212 
970	 0,168404630121387 
971	 0,169587794437174 
972	 0,169839360183205 
973	 0,166934772127838 
974	 0,167709810711374 
975	 0,170130434461524 
976	 0,16852051189653 
977	 0,167430907315397 
978	 0,167752954549442 
979	 0,168098072136143 
980	 0,168754812439547 
981	 0,169510554676246 
982	 0,16848298487493 
983	 0,167741685245207 
984	 0,169300246696038 
985	 0,169548297346656 
986	 0,168765495313992 
987	 0,168724580786499 
988	 0,169667630068119 
989	 0,17160099468648 
990	 0,17454346765669 
991	 0,174715961468891 
992	 0,171297307902703 
993	 0,172365067855974 
994	 0,173990290306 
995	 0,171802861344644 
996	 0,171960441986156 
997	 0,17441176186847 
998	 0,176922839207643 
999	 0,177842471344386 
1000	 0,177231123230732 
1001	 0,177797456826339 
1002	 0,176860042648103 
1003	 0,173959538966418 
1004	 0,174262254350523 
1005	 0,176512859156353 
1006	 0,1787313510631 
1007	 0,177852726269145 
1008	 0,176075924753258 
1009	 0,178247736028703 
1010	 0,179795118867888 
1011	 0,179950109297978 
1012	 0,18051280627436 
1013	 0,180504551069495 
1014	 0,180103219311582 
1015	 0,182043051570868 
1016	 0,185104765659 
1017	 0,187775213826314 
1018	 0,187235422269621 
1019	 0,185726882274522 
1020	 0,187168350536359 
1021	 0,186409334716725 
1022	 0,184182387066352 
1023	 0,185209873968295 
1024	 0,191281302755436 
1025	 0,198927341669748 
1026	 0,190623137348647 
1027	 0,184742325200142 
1028	 0,191887280457212 
1029	 0,191946359059721 
1030	 0,190625182600585 
1031	 0,196202582144045 
1032	 0,196411170204419 
1033	 0,193197291508025 
1034	 0,195170188771412 
1035	 0,19562715962013 
1036	 0,194583175401851 
1037	 0,199353625381376 
1038	 0,198782557844591 
1039	 0,191233192487273 
1040	 0,196106486812474 
1041	 0,204300370761487 
1042	 0,206414359142828 
1043	 0,197074933467739 
1044	 0,187525572948699 
1045	 0,193632126295703 
1046	 0,19564086962067 
1047	 0,192990024095621 
1048	 0,193730211450964 
1049	 0,20532965012059 
1050	 0,221166333258725 
1051	 0,208741249536446 
1052	 0,201128808283924 
1053	 0,210908003265264 
1054	 0,20107791866224 
1055	 0,195375228781483 
1056	 0,211979067389835 
1057	 0,20927554789248 
1058	 0,197214316077229 
1059	 0,198421477178869 
1060	 0,204056078336654 
1061	 0,210179972101999 
1062	 0,211081530516798 
1063	 0,213312378122642 
1064	 0,21526971100583 
1065	 0,203449928280231 
1066	 0,190915538773943 
1067	 0,188254461901345 
1068	 0,212076393353367 
1069	 0,222884453384729 
1070	 0,197092008923464 
1071	 0,197614156762051 
1072	 0,210360322658838 
1073	 0,208495069715377 
1074	 0,199251540678806 
1075	 0,192091236408336 
