Wavelength	GRA-VAN00367.asd
325	 0,023196895807226 
326	-1,22983303929841E-02 
327	 0,145812708039382 
328	 0,346409514913437 
329	 0,13192040036494 
330	-9,90889425076961E-02 
331	 0,20530988862676 
332	 0,273627294359479 
333	 0,215498552925511 
334	 0,10461402388089 
335	 0,085242059851014 
336	 0,184365757907096 
337	 0,211076413348346 
338	 0,195923608241337 
339	 0,155946771808773 
340	 0,133139421589993 
341	 0,123708912036163 
342	 5,91035155368967E-02 
343	 0,080048097194718 
344	 0,177392615463661 
345	 0,155386158380858 
346	 0,11699753025409 
347	 0,168393213003409 
348	 0,130079830810284 
349	 3,31194309278694E-02 
350	 5,65035265475636E-02 
351	 0,107053730823037 
352	 0,13347257355878 
353	 0,131434031592015 
354	 0,096394239068007 
355	 0,02457525237748 
356	 2,23646673727738E-02 
357	 7,35413376010079E-02 
358	 7,64291958571808E-02 
359	 8,89008443291923E-02 
360	 0,129283866894506 
361	 0,15507237852422 
362	 0,153140235813666 
363	 0,106906196322153 
364	 7,93934381339309E-02 
365	 8,32350940892985E-02 
366	 9,50889022236028E-02 
367	 0,107825960838141 
368	 0,114431442014833 
369	 9,88997831893417E-02 
370	 7,44871063204918E-02 
371	 6,48797913153402E-02 
372	 7,82086679304778E-02 
373	 0,104260115507085 
374	 0,104668837285733 
375	 9,46386504330324E-02 
376	 8,73297976979708E-02 
377	 7,84040918961754E-02 
378	 7,65601898420729E-02 
379	 0,106710919776601 
380	 0,105697454731434 
381	 7,06624073512058E-02 
382	 8,52438508584746E-02 
383	 0,112431652388821 
384	 0,115802806256634 
385	 0,112701733445979 
386	 0,10279222272423 
387	 7,18624817330768E-02 
388	 6,14788693256828E-02 
389	 8,27086201685752E-02 
390	 7,95490078911642E-02 
391	 6,64263437665713E-02 
392	 6,48378076503753E-02 
393	 6,29125461063646E-02 
394	 6,14958508693159E-02 
395	 6,98957056475084E-02 
396	 7,78483643745542E-02 
397	 7,97761687031385E-02 
398	 7,65778171761319E-02 
399	 7,24854306179662E-02 
400	 0,073108626953567 
401	 0,074962971279435 
402	 7,50077277341103E-02 
403	 6,59847616354656E-02 
404	 5,80691583876211E-02 
405	 5,88420609650302E-02 
406	 6,34504517981441E-02 
407	 6,96846630320972E-02 
408	 7,71041866953194E-02 
409	 7,70014272320774E-02 
410	 6,93265636430067E-02 
411	 0,066671613001222 
412	 6,80944822612341E-02 
413	 7,16205347371962E-02 
414	 6,90386105850558E-02 
415	 6,26056402820845E-02 
416	 0,061498019637598 
417	 6,18676164094317E-02 
418	 6,26697985074459E-02 
419	 6,72302511964796E-02 
420	 7,15074301045757E-02 
421	 0,070712275406102 
422	 6,57310601396579E-02 
423	 5,97155839260864E-02 
424	 6,16970135623041E-02 
425	 6,37551257080725E-02 
426	 6,16267498017362E-02 
427	 6,27285970135602E-02 
428	 6,55737733377962E-02 
429	 6,61784964932772E-02 
430	 6,42420021977996E-02 
431	 6,08416341343472E-02 
432	 6,10315987184354E-02 
433	 6,33741969842888E-02 
434	 6,60458503259449E-02 
435	 6,41468487326953E-02 
436	 5,96188167292282E-02 
437	 5,93837549719053E-02 
438	 6,18831143351333E-02 
439	 6,55190829661288E-02 
440	 6,44577589970034E-02 
441	 0,0618968474547 
442	 6,25216459375814E-02 
443	 6,41208355454358E-02 
444	 6,54482477243892E-02 
445	 0,064125582397227 
446	 6,24669518474048E-02 
447	 6,21591479301704E-02 
448	 6,43125540224476E-02 
449	 6,65181665099291E-02 
450	 6,37900341980098E-02 
451	 6,39327660399336E-02 
452	 6,76849671297206E-02 
453	 6,68223222778133E-02 
454	 6,51568505887359E-02 
455	 6,63728977829394E-02 
456	 6,66938959370013E-02 
457	 6,58893613289189E-02 
458	 6,53656902815007E-02 
459	 6,37133833653263E-02 
460	 6,14113644230588E-02 
461	 6,48587929780922E-02 
462	 6,89539200709024E-02 
463	 6,63562452004534E-02 
464	 6,20307051708035E-02 
465	 5,89632110192176E-02 
466	 6,20680453274597E-02 
467	 6,66104409231506E-02 
468	 0,069268131665021 
469	 7,10300060362366E-02 
470	 7,12372604676906E-02 
471	 6,82394275985221E-02 
472	 6,67387526848184E-02 
473	 6,76767059189672E-02 
474	 6,71464011773794E-02 
475	 6,51656798073178E-02 
476	 6,21998770483543E-02 
477	 0,062861159775762 
478	 6,64953558497943E-02 
479	 6,93626459137976E-02 
480	 6,92846574655683E-02 
481	 6,59593905098754E-02 
482	 0,06621561549649 
483	 6,78577561790812E-02 
484	 6,64903879392881E-02 
485	 6,68390341631735E-02 
486	 6,88721581915992E-02 
487	 6,77800326591369E-02 
488	 6,62632958845158E-02 
489	 6,63771460776536E-02 
490	 6,67482667563305E-02 
491	 6,68199427321576E-02 
492	 6,55846685677231E-02 
493	 6,57878263744949E-02 
494	 6,75960388797126E-02 
495	 6,62936235551988E-02 
496	 6,41533648528898E-02 
497	 6,40927757386979E-02 
498	 6,52555723008698E-02 
499	 6,68206969721112E-02 
500	 6,70621832714929E-02 
501	 6,65131710317314E-02 
502	 6,56162428338892E-02 
503	 6,51221088599215E-02 
504	 6,54458873546349E-02 
505	 6,72121497002508E-02 
506	 6,77211439634454E-02 
507	 6,67101774286499E-02 
508	 6,69797548934961E-02 
509	 6,77095318627537E-02 
510	 6,80326328923675E-02 
511	 6,79670878633089E-02 
512	 0,067614303598381 
513	 6,70252884355002E-02 
514	 6,75101099093364E-02 
515	 6,94020517714958E-02 
516	 7,09449324834775E-02 
517	 7,15373098349457E-02 
518	 7,06548085094723E-02 
519	 7,00228564027789E-02 
520	 7,01088763631555E-02 
521	 7,08031624883917E-02 
522	 7,06841927327518E-02 
523	 6,89480354879594E-02 
524	 6,85064665270172E-02 
525	 6,93991529980344E-02 
526	 7,09431640108154E-02 
527	 7,09081663465257E-02 
528	 6,90019612793827E-02 
529	 6,85146685146685E-02 
530	 6,92264275365614E-02 
531	 7,05398614044364E-02 
532	 7,04341257202566E-02 
533	 6,90044090821649E-02 
534	 6,80142361313758E-02 
535	 6,80460017640463E-02 
536	 6,92007844403048E-02 
537	 6,90239235682343E-02 
538	 6,81221190693925E-02 
539	 6,81359192024967E-02 
540	 6,93381186574822E-02 
541	 7,10934079645817E-02 
542	 7,00380655301115E-02 
543	 6,86099524510344E-02 
544	 0,06926584043311 
545	 6,93801087056688E-02 
546	 6,89925926324171E-02 
547	 6,97008932476716E-02 
548	 7,05006821754667E-02 
549	 7,08328718721866E-02 
550	 7,04999152454294E-02 
551	 6,99382871530189E-02 
552	 0,069859433257082 
553	 6,95641737639214E-02 
554	 6,90343701160465E-02 
555	 6,89251413027076E-02 
556	 6,90301285589094E-02 
557	 6,91472476294879E-02 
558	 6,91956673713075E-02 
559	 6,90715192191072E-02 
560	 6,85304935334919E-02 
561	 6,81823941056105E-02 
562	 6,82798461203817E-02 
563	 6,86460264274279E-02 
564	 6,88239198452948E-02 
565	 6,82584491258683E-02 
566	 6,77675214817664E-02 
567	 6,76971565271692E-02 
568	 6,84716193142103E-02 
569	 6,88950038998412E-02 
570	 6,82681372743651E-02 
571	 6,85022407220602E-02 
572	 6,94624189026376E-02 
573	 7,02101547700084E-02 
574	 7,08651476942052E-02 
575	 7,14988250000612E-02 
576	 7,24740884609927E-02 
577	 7,36595113277208E-02 
578	 7,48660818329809E-02 
579	 7,61382551126281E-02 
580	 7,71718314194068E-02 
581	 7,70107300025314E-02 
582	 7,69762222184329E-02 
583	 0,077841065046763 
584	 7,90642944335489E-02 
585	 8,03211247996777E-02 
586	 8,12605621615018E-02 
587	 8,14481398250614E-02 
588	 8,11079906439581E-02 
589	 8,17627982235916E-02 
590	 8,28909060690089E-02 
591	 8,38914412612413E-02 
592	 8,40800317622849E-02 
593	 8,37510482900525E-02 
594	 8,40665388504462E-02 
595	 8,46594564569666E-02 
596	 8,53015504181624E-02 
597	 8,56320813395438E-02 
598	 8,55452789188841E-02 
599	 8,49585617624369E-02 
600	 8,42892470517763E-02 
601	 8,38706303330874E-02 
602	 8,43922718788879E-02 
603	 8,47265727590416E-02 
604	 8,40081488203113E-02 
605	 8,31429135739442E-02 
606	 8,24585200373447E-02 
607	 8,23955980089851E-02 
608	 0,082029470013773 
609	 8,11659471956715E-02 
610	 8,09029930959279E-02 
611	 8,09633154844722E-02 
612	 8,08910408990105E-02 
613	 8,05593252059454E-02 
614	 7,98929440682521E-02 
615	 7,87086408833627E-02 
616	 7,79857452236588E-02 
617	 7,82635695426136E-02 
618	 7,81912154500954E-02 
619	 0,07798961394675 
620	 7,86222648030821E-02 
621	 7,83899810942466E-02 
622	 7,71256469286575E-02 
623	 0,076847207018259 
624	 7,72263367833792E-02 
625	 7,77682042480238E-02 
626	 7,77977473984578E-02 
627	 7,76006640390366E-02 
628	 7,86661858827387E-02 
629	 7,90855606729931E-02 
630	 7,81431874270598E-02 
631	 7,83396012386654E-02 
632	 7,91804286420176E-02 
633	 7,93719748270449E-02 
634	 7,96239134314718E-02 
635	 8,01604441823466E-02 
636	 8,11418913542955E-02 
637	 8,20067412229582E-02 
638	 0,082321181402015 
639	 8,29732344262187E-02 
640	 8,37750329510929E-02 
641	 8,37586605386206E-02 
642	 8,40928555876794E-02 
643	 8,51136167518664E-02 
644	 8,57705720937669E-02 
645	 8,61682360835302E-02 
646	 8,65803535482926E-02 
647	 8,63540551901809E-02 
648	 0,085523266077449 
649	 8,47040440051341E-02 
650	 8,40870404333285E-02 
651	 8,37994811014142E-02 
652	 8,36431821473952E-02 
653	 8,35014800039487E-02 
654	 0,083349238367183 
655	 8,23082980654169E-02 
656	 8,03248862249294E-02 
657	 7,86896937554645E-02 
658	 7,74116929035316E-02 
659	 7,63975232164677E-02 
660	 7,53162349850143E-02 
661	 7,41666072103856E-02 
662	 7,32047221654871E-02 
663	 7,23332162633586E-02 
664	 7,15004728775351E-02 
665	 7,07699856707952E-02 
666	 6,98732387107345E-02 
667	 6,83494392364144E-02 
668	 6,76211430182958E-02 
669	 6,78460361537108E-02 
670	 6,79262724510385E-02 
671	 6,77166324850718E-02 
672	 6,71852364905731E-02 
673	 6,72239549949984E-02 
674	 6,76003547303478E-02 
675	 6,73997542493879E-02 
676	 6,70024746449663E-02 
677	 0,066638932833742 
678	 6,67703352291076E-02 
679	 6,72160484507674E-02 
680	 6,77043929089816E-02 
681	 6,78940128897437E-02 
682	 6,79314254873216E-02 
683	 6,85615998152625E-02 
684	 6,93629393793738E-02 
685	 0,070088336584567 
686	 7,07913856936408E-02 
687	 7,17640031557826E-02 
688	 7,35323407015087E-02 
689	 7,50099528478123E-02 
690	 7,63418283744498E-02 
691	 7,94929574472789E-02 
692	 8,35678614949631E-02 
693	 8,76901694582579E-02 
694	 9,18619894177643E-02 
695	 9,65902436787448E-02 
696	 0,103215136610791 
697	 0,110254931899811 
698	 0,117263766980157 
699	 0,125512263187726 
700	 0,134801905795557 
701	 0,144710775822602 
702	 0,154797076441265 
703	 0,16493582037722 
704	 0,175260840345416 
705	 0,186207986307755 
706	 0,197797827441495 
707	 0,208074562097782 
708	 0,217566142565439 
709	 0,227752027832616 
710	 0,237705756699878 
711	 0,247158942915492 
712	 0,256142175090638 
713	 0,264814765167429 
714	 0,273276333104732 
715	 0,280802915939445 
716	 0,28767146283214 
717	 0,294977799856981 
718	 0,301684030319991 
719	 0,307458984245986 
720	 0,313017163418485 
721	 0,318191234083215 
722	 0,32270262084629 
723	 0,326959658052531 
724	 0,331119980211534 
725	 0,33532476341039 
726	 0,338966787431545 
727	 0,341751930161321 
728	 0,344589266242359 
729	 0,347318638272175 
730	 0,349393670009589 
731	 0,351474502845228 
732	 0,353694658415286 
733	 0,355671397077881 
734	 0,357430439578137 
735	 0,359006320988981 
736	 0,360340748489719 
737	 0,361571017067436 
738	 0,363077657833801 
739	 0,364319389569329 
740	 0,365148459640563 
741	 0,36599757992287 
742	 0,366918771660576 
743	 0,367918559975832 
744	 0,368578127460728 
745	 0,369014691156003 
746	 0,369864206876244 
747	 0,370850224005226 
748	 0,371772452506751 
749	 0,372328359518115 
750	 0,372764846697711 
751	 0,373535773726337 
752	 0,373837979029336 
753	 0,373764716726581 
754	 0,374538598736858 
755	 0,37525085354276 
756	 0,37529476408574 
757	 0,375667593570992 
758	 0,376266743625867 
759	 0,376544491915456 
760	 0,377054640273796 
761	 0,377779557341994 
762	 0,377791880365741 
763	 0,377754186791239 
764	 0,378300027819761 
765	 0,378683898435753 
766	 0,378867391496133 
767	 0,37913893397035 
768	 0,379320662917298 
769	 0,379428754409611 
770	 0,37992565119453 
771	 0,380477593024199 
772	 0,380653283820323 
773	 0,38067775404286 
774	 0,380698679198069 
775	 0,381012773455031 
776	 0,381251293069105 
777	 0,381224700075241 
778	 0,381006665946873 
779	 0,381036817220543 
780	 0,381938898627446 
781	 0,382155089992875 
782	 0,381678281834292 
783	 0,382147907656675 
784	 0,382524257115441 
785	 0,382188333686839 
786	 0,382018742545772 
787	 0,382144979575852 
788	 0,382579188362826 
789	 0,382836289441906 
790	 0,382896243075489 
791	 0,383478521402396 
792	 0,383780408114083 
793	 0,383236757214603 
794	 0,383083145662427 
795	 0,383309922309462 
796	 0,383445090088256 
797	 0,383423138221045 
798	 0,383303270031357 
799	 0,38359792920509 
800	 0,383880412447978 
801	 0,38375134101199 
802	 0,383695933329145 
803	 0,383793004938469 
804	 0,384003860868022 
805	 0,38416145166306 
806	 0,384306758348698 
807	 0,385121499684705 
808	 0,385719056573538 
809	 0,385182017400056 
810	 0,385206395773039 
811	 0,385842765093364 
812	 0,386170205337708 
813	 0,386568981943312 
814	 0,387084013316373 
815	 0,387206363790379 
816	 0,387063495843356 
817	 0,386871016457988 
818	 0,386856485784594 
819	 0,387090470528993 
820	 0,38758045666419 
821	 0,38804696421816 
822	 0,388325730917818 
823	 0,388401596849141 
824	 0,388551089236282 
825	 0,389118442108928 
826	 0,389750383432958 
827	 0,390187875304604 
828	 0,389869190065904 
829	 0,389936084250096 
830	 0,390787308389625 
831	 0,390690775022763 
832	 0,390262082715958 
833	 0,390580290930439 
834	 0,391043409897887 
835	 0,391426120499009 
836	 0,391468907189289 
837	 0,391568291287711 
838	 0,391895997859623 
839	 0,391969766849875 
840	 0,392049781359313 
841	 0,392566841084406 
842	 0,39268889827599 
843	 0,392425790580747 
844	 0,392524384973145 
845	 0,392716421981654 
846	 0,392852876363498 
847	 0,392927758228245 
848	 0,393043616446327 
849	 0,393345034782365 
850	 0,393599702373538 
851	 0,393699783036598 
852	 0,393464430656014 
853	 0,39350796708982 
854	 0,394061397065562 
855	 0,394220264907087 
856	 0,394074921832141 
857	 0,393898101121745 
858	 0,393815384695624 
859	 0,394011801701735 
860	 0,394995921325172 
861	 0,395501468053727 
862	 0,395026697651617 
863	 0,39513407925227 
864	 0,395422582941794 
865	 0,395167454361026 
866	 0,394900397588384 
867	 0,394896188385419 
868	 0,395535933807682 
869	 0,396491631495421 
870	 0,397374154340099 
871	 0,397106739539734 
872	 0,396361215566211 
873	 0,396087329547885 
874	 0,396743725123607 
875	 0,397886868736634 
876	 0,397943728950562 
877	 0,397865048497661 
878	 0,398042590867494 
879	 0,398367595227715 
880	 0,398538252989534 
881	 0,398279728020512 
882	 0,398583774697884 
883	 0,399140441136731 
884	 0,398437699845281 
885	 0,398686122417537 
886	 0,400183074200838 
887	 0,400096343803862 
888	 0,399490067593834 
889	 0,39950593824228 
890	 0,399470940685248 
891	 0,399630975876631 
892	 0,400773792687845 
893	 0,401600463109333 
894	 0,401692443288991 
895	 0,401434890693227 
896	 0,401081189134371 
897	 0,40086327831726 
898	 0,400914401960694 
899	 0,40122706599572 
900	 0,401750928933588 
901	 0,402130224842815 
902	 0,402143483333694 
903	 0,401390264205005 
904	 0,401141441385526 
905	 0,402030131525863 
906	 0,402312283106195 
907	 0,402250015173304 
908	 0,402527343426037 
909	 0,402432806413 
910	 0,402070711597345 
911	 0,402236038642173 
912	 0,402692014221283 
913	 0,403105757518389 
914	 0,402218442070735 
915	 0,401307188933635 
916	 0,401828794051385 
917	 0,401977309568984 
918	 0,401660254182916 
919	 0,401550727485571 
920	 0,401787780857153 
921	 0,40219989365303 
922	 0,401543341859941 
923	 0,401281876178402 
924	 0,402432094867379 
925	 0,402095102642533 
926	 0,40077488456353 
927	 0,400183902596875 
928	 0,400088794779046 
929	 0,400293689802272 
930	 0,400231807731657 
931	 0,399754174282116 
932	 0,398866280138395 
933	 0,398331010943195 
934	 0,397748219879425 
935	 0,396534801691456 
936	 0,396595772970044 
937	 0,397403686605661 
938	 0,396233322870618 
939	 0,395185662626398 
940	 0,394929047319496 
941	 0,394539639767979 
942	 0,394166787855843 
943	 0,393916768655158 
944	 0,393153208541802 
945	 0,392044299173647 
946	 0,391151639642332 
947	 0,389003945336285 
948	 0,38618027622778 
949	 0,386186721060969 
950	 0,386603671437267 
951	 0,385945004430618 
952	 0,384558288726549 
953	 0,38281968311126 
954	 0,381193939665916 
955	 0,380449414406297 
956	 0,379989485909735 
957	 0,377703025350267 
958	 0,376393739638348 
959	 0,376433834383448 
960	 0,374698995850584 
961	 0,373202472021648 
962	 0,373468526877991 
963	 0,37408873956484 
964	 0,374310684538545 
965	 0,37335642553463 
966	 0,372398044407571 
967	 0,371738743912981 
968	 0,371118171827304 
969	 0,371289487325967 
970	 0,372262672513905 
971	 0,372488895050247 
972	 0,371731053044319 
973	 0,370115012666362 
974	 0,37012592218863 
975	 0,371144838305983 
976	 0,371240951510448 
977	 0,371691754770598 
978	 0,372477857988433 
979	 0,372493605877304 
980	 0,37225035977714 
981	 0,372139887250805 
982	 0,372849961110931 
983	 0,373375100735887 
984	 0,372780694129285 
985	 0,373270625826043 
986	 0,374252186227997 
987	 0,37374941100751 
988	 0,374289434919484 
989	 0,375982588310192 
990	 0,376549337521826 
991	 0,37682057561466 
992	 0,377167600264371 
993	 0,377117501789969 
994	 0,376973771437659 
995	 0,377156262784627 
996	 0,378457916660645 
997	 0,380546830963108 
998	 0,382571236564661 
999	 0,382972741543629 
1000	 0,38222430040935 
1001	 0,383889259669307 
1002	 0,384820191801919 
1003	 0,38390947233567 
1004	 0,384500158612536 
1005	 0,385617287749785 
1006	 0,385999812572958 
1007	 0,385183187433676 
1008	 0,384271783050751 
1009	 0,385275156613999 
1010	 0,387697883773441 
1011	 0,390495814192731 
1012	 0,390927552829217 
1013	 0,391385587279552 
1014	 0,392674807613561 
1015	 0,392924943898128 
1016	 0,393555692479454 
1017	 0,395875667730542 
1018	 0,40037745837465 
1019	 0,402864703977501 
1020	 0,397497947557213 
1021	 0,396538803982204 
1022	 0,400188439134796 
1023	 0,400252896467202 
1024	 0,401479609240443 
1025	 0,404031851739127 
1026	 0,402059560643577 
1027	 0,400260883280285 
1028	 0,40224563469575 
1029	 0,409730649480788 
1030	 0,413398473808195 
1031	 0,4037301968106 
1032	 0,403294140106015 
1033	 0,410847540520765 
1034	 0,414776096694196 
1035	 0,414894395996356 
1036	 0,412520470911961 
1037	 0,414180704135084 
1038	 0,413897940320066 
1039	 0,409826203579317 
1040	 0,406502914264683 
1041	 0,407578011622472 
1042	 0,414149018635975 
1043	 0,411704971993912 
1044	 0,407210514220725 
1045	 0,412545526467138 
1046	 0,410917555028856 
1047	 0,406652180837004 
1048	 0,41820611195826 
1049	 0,425854559538154 
1050	 0,425114361255666 
1051	 0,424906516905021 
1052	 0,421164516161105 
1053	 0,414038551287582 
1054	 0,413032476896148 
1055	 0,415138996310649 
1056	 0,416982792978565 
1057	 0,417472351209723 
1058	 0,419528799158661 
1059	 0,426629375585789 
1060	 0,420749583050039 
1061	 0,409667186793201 
1062	 0,4200221408262 
1063	 0,430430179878412 
1064	 0,431538930847116 
1065	 0,411339859118036 
1066	 0,400783148874329 
1067	 0,411319015952477 
1068	 0,417228210691478 
1069	 0,420339328626633 
1070	 0,423383183927959 
1071	 0,432789528019695 
1072	 0,43638781670491 
1073	 0,420750270246542 
1074	 0,408926794201604 
1075	 0,408692448662269 
