Wavelength	GRA-VAN00689.asd
325	 0,294212854619299 
326	 0,191484310223284 
327	 0,113680124102556 
328	 0,144831799976968 
329	 0,217562919671249 
330	 0,289009068974124 
331	 0,239755865938509 
332	 0,222937450426195 
333	 0,215813277871315 
334	 0,158712102599381 
335	 0,210175786025725 
336	 0,339051915092779 
337	 0,293250946176559 
338	 0,179899197119074 
339	 7,56293740758995E-02 
340	 8,24869806797399E-02 
341	 0,147423712384631 
342	 0,147283590168754 
343	 0,126333650297918 
344	 0,104758520595766 
345	 7,57608435602163E-02 
346	 5,63753063423408E-02 
347	 0,073505015860135 
348	 6,76951862803556E-02 
349	 4,75151045119648E-02 
350	 0,068707068950526 
351	 8,70847248456187E-02 
352	 8,30265610438024E-02 
353	 5,66383026380691E-02 
354	 0,037225895947952 
355	 6,06388155730436E-02 
356	 7,87576424413761E-02 
357	 8,00666801713979E-02 
358	 6,47473777365896E-02 
359	 4,74805116811383E-02 
360	 4,34639264219428E-02 
361	 7,95438729105677E-02 
362	 0,109983425146421 
363	 6,91815670800768E-02 
364	 3,80221634822262E-02 
365	 3,39903135082541E-02 
366	 3,51109788520262E-02 
367	 5,43533437661261E-02 
368	 9,04201605432362E-02 
369	 7,57415513186738E-02 
370	 0,040866225984283 
371	 5,34586062993962E-02 
372	 0,067006705835606 
373	 6,54305028531287E-02 
374	 5,17146170940073E-02 
375	 3,20400173822884E-02 
376	 0,016967487924073 
377	 3,74043500314997E-02 
378	 0,072403546591797 
379	 6,39123830160575E-02 
380	 4,82051558133705E-02 
381	 4,03569588619921E-02 
382	 5,88145885167217E-02 
383	 7,17300955282547E-02 
384	 5,22429354606549E-02 
385	 5,15690164767585E-02 
386	 0,061870424046971 
387	 3,65243204986808E-02 
388	 2,10508066633042E-02 
389	 3,28066758453944E-02 
390	 4,63406012667037E-02 
391	 5,20714929827864E-02 
392	 4,21766239407763E-02 
393	 3,35744311980127E-02 
394	 3,03442016090871E-02 
395	 3,15529107232125E-02 
396	 0,03200083986444 
397	 2,99643478263087E-02 
398	 3,52416156295589E-02 
399	 3,99923437523204E-02 
400	 3,07739579626494E-02 
401	 3,56934812744607E-02 
402	 5,17378651380724E-02 
403	 4,51942394597214E-02 
404	 2,87426198896824E-02 
405	 1,39348752353957E-02 
406	 0,016904868490817 
407	 2,90449335879334E-02 
408	 3,06269161101486E-02 
409	 0,031549549486995 
410	 3,20353972524043E-02 
411	 2,00398154539844E-02 
412	 1,33934905783138E-02 
413	 2,74819096918678E-02 
414	 3,03696614750066E-02 
415	 2,32024829522486E-02 
416	 2,34975439409307E-02 
417	 2,51483656527617E-02 
418	 2,60426770642078E-02 
419	 0,027768468083936 
420	 2,96514508485979E-02 
421	 3,09054137701371E-02 
422	 2,98718607643349E-02 
423	 2,70973058192122E-02 
424	 2,54387819855451E-02 
425	 0,024564110873196 
426	 2,42426543357961E-02 
427	 2,40805899458714E-02 
428	 2,47544175672166E-02 
429	 2,84061171369861E-02 
430	 2,46739761839223E-02 
431	 1,41933360321253E-02 
432	 1,36832742187139E-02 
433	 1,75589348486956E-02 
434	 2,00570848356926E-02 
435	 2,02989205040685E-02 
436	 1,94440623061369E-02 
437	 2,14550220108342E-02 
438	 2,27283012199303E-02 
439	 2,20772109295394E-02 
440	 2,13586117926091E-02 
441	 2,13482223838979E-02 
442	 2,27671657587278E-02 
443	 2,36975647952224E-02 
444	 2,39026887179078E-02 
445	 2,47071463342817E-02 
446	 2,38414336575971E-02 
447	 2,04684349482405E-02 
448	 1,98040391391708E-02 
449	 2,12979870360413E-02 
450	 2,24879302822177E-02 
451	 2,41080000387185E-02 
452	 2,59382870509659E-02 
453	 2,71396585064786E-02 
454	 2,62932273216556E-02 
455	 2,24961829123405E-02 
456	 2,24921191389421E-02 
457	 2,46376123678144E-02 
458	 2,03840854687678E-02 
459	 1,88072192745902E-02 
460	 2,30015056574512E-02 
461	 2,63448941998245E-02 
462	 0,02695199902001 
463	 2,33033766170445E-02 
464	 1,91168048058743E-02 
465	 1,68493305962758E-02 
466	 2,03125068729834E-02 
467	 2,44824577018673E-02 
468	 2,58553733826746E-02 
469	 2,55206254100229E-02 
470	 2,39881263867235E-02 
471	 2,17053518792715E-02 
472	 2,09086885246249E-02 
473	 2,20520387660257E-02 
474	 2,29348243619138E-02 
475	 2,35525181267222E-02 
476	 2,40187047749582E-02 
477	 2,45947088640632E-02 
478	 2,48935149047027E-02 
479	 2,37205578231974E-02 
480	 2,23121723709414E-02 
481	 2,15476792200692E-02 
482	 2,26899285264046E-02 
483	 0,02425985773128 
484	 2,40428208988342E-02 
485	 2,21045503196785E-02 
486	 1,93723351273916E-02 
487	 1,87876388915889E-02 
488	 1,98342848679257E-02 
489	 2,17323133563731E-02 
490	 0,020682767867473 
491	 1,84721951582613E-02 
492	 2,06100794555828E-02 
493	 2,29087925017748E-02 
494	 2,37877457967735E-02 
495	 0,02338477249719 
496	 2,21900937020773E-02 
497	 2,07814434795557E-02 
498	 2,03442360492537E-02 
499	 2,09962605171828E-02 
500	 2,23243569091973E-02 
501	 0,022657681194309 
502	 0,021224374881211 
503	 2,01209958701976E-02 
504	 1,98800585478705E-02 
505	 2,08373105197289E-02 
506	 2,23755673885396E-02 
507	 2,37789389791176E-02 
508	 2,32349061837527E-02 
509	 2,24046235723955E-02 
510	 2,27921280738819E-02 
511	 2,26565657561389E-02 
512	 2,20150792700462E-02 
513	 2,14642488740504E-02 
514	 2,23172553578647E-02 
515	 2,45917707277305E-02 
516	 2,45564527840454E-02 
517	 2,31858899112132E-02 
518	 2,23105827222719E-02 
519	 2,25946607387828E-02 
520	 2,37664279321598E-02 
521	 2,40152377969519E-02 
522	 2,40840826983768E-02 
523	 2,44223280402856E-02 
524	 2,34175046946076E-02 
525	 2,22286639567092E-02 
526	 0,02416722181153 
527	 2,51274864212257E-02 
528	 2,39374329428179E-02 
529	 2,26290966899196E-02 
530	 2,19701190236423E-02 
531	 2,26026255617863E-02 
532	 2,30382426743561E-02 
533	 2,27568879537665E-02 
534	 2,11156240718987E-02 
535	 2,07516480251273E-02 
536	 0,02281836676475 
537	 2,28006921403804E-02 
538	 2,17296477912644E-02 
539	 0,02266676469782 
540	 2,34616564828664E-02 
541	 2,35888225243087E-02 
542	 2,38523391354189E-02 
543	 2,37609126020321E-02 
544	 2,28693589440085E-02 
545	 2,26145326834447E-02 
546	 0,022934545064972 
547	 2,26704223727619E-02 
548	 2,28554679818931E-02 
549	 2,38032292242961E-02 
550	 2,42042818085043E-02 
551	 2,38844046842686E-02 
552	 2,27964882596529E-02 
553	 2,21357582211747E-02 
554	 0,022075616368869 
555	 2,15517683482549E-02 
556	 2,11550298877904E-02 
557	 2,13982010602588E-02 
558	 2,21550865122259E-02 
559	 2,30113248147275E-02 
560	 2,31114270150406E-02 
561	 2,28830662111154E-02 
562	 2,25307468022969E-02 
563	 2,22245942147752E-02 
564	 2,19912551546316E-02 
565	 2,18287427586132E-02 
566	 2,15100622790681E-02 
567	 2,11614861124853E-02 
568	 2,14508035792337E-02 
569	 2,16873564892171E-02 
570	 2,14527145233611E-02 
571	 2,16886703108838E-02 
572	 2,22815115986489E-02 
573	 2,26092553282829E-02 
574	 2,34568664673838E-02 
575	 0,024751800288382 
576	 2,47930317829136E-02 
577	 2,43628858788504E-02 
578	 2,44761410612489E-02 
579	 2,47593658610192E-02 
580	 2,51822562008792E-02 
581	 2,59370398462442E-02 
582	 2,62752501833071E-02 
583	 2,58899340976882E-02 
584	 2,60318538065175E-02 
585	 2,65915512971042E-02 
586	 2,71155571165497E-02 
587	 0,027112323022784 
588	 2,67415037242388E-02 
589	 2,75548568170787E-02 
590	 0,028323867165919 
591	 2,79016056078912E-02 
592	 2,76233929141297E-02 
593	 2,78212190839915E-02 
594	 2,87442570354832E-02 
595	 2,91722145374437E-02 
596	 2,86339567459236E-02 
597	 2,83964674130138E-02 
598	 2,83139321205491E-02 
599	 2,79435441400765E-02 
600	 2,77612052254125E-02 
601	 2,78681930663371E-02 
602	 2,81801001360075E-02 
603	 2,82367525645798E-02 
604	 2,76875326493799E-02 
605	 2,68346959419192E-02 
606	 2,60130894996687E-02 
607	 0,025750297794178 
608	 2,61574229613771E-02 
609	 2,70009198046676E-02 
610	 2,67653837616906E-02 
611	 2,60319410103114E-02 
612	 2,56818194944985E-02 
613	 2,59937085307801E-02 
614	 2,66164913585485E-02 
615	 2,61464131168246E-02 
616	 2,53371479974858E-02 
617	 2,47917590893344E-02 
618	 2,52776093336406E-02 
619	 2,60681364156386E-02 
620	 2,55440698536388E-02 
621	 2,48210716046783E-02 
622	 2,43299327315953E-02 
623	 2,41778476256233E-02 
624	 2,44055444651729E-02 
625	 0,025012343440157 
626	 2,54091907749978E-02 
627	 2,55491563775953E-02 
628	 2,58250422782239E-02 
629	 2,57480539480193E-02 
630	 0,025188864695472 
631	 2,50235135516436E-02 
632	 2,53440406966551E-02 
633	 2,61472913344878E-02 
634	 2,63667972731125E-02 
635	 2,59780019612126E-02 
636	 2,63695996696439E-02 
637	 2,69279365579566E-02 
638	 2,71238572358817E-02 
639	 2,75528527666833E-02 
640	 2,80802704895359E-02 
641	 2,80408933033519E-02 
642	 2,84386691603818E-02 
643	 2,93982970523279E-02 
644	 2,90212541045604E-02 
645	 2,84300030837203E-02 
646	 2,92881455184277E-02 
647	 2,94407440512968E-02 
648	 2,86738652846758E-02 
649	 0,028123894936035 
650	 2,80791613722309E-02 
651	 2,86071231409878E-02 
652	 2,83136853181158E-02 
653	 2,76420820348114E-02 
654	 2,80159040537075E-02 
655	 2,79097916036486E-02 
656	 0,026913993008461 
657	 0,025578814881157 
658	 2,47068838379837E-02 
659	 0,025025463124192 
660	 0,024846995805599 
661	 2,40569362849216E-02 
662	 2,34102956730146E-02 
663	 2,31537319426536E-02 
664	 2,32960073352237E-02 
665	 0,02277479788344 
666	 2,19789838045241E-02 
667	 0,021704507550406 
668	 2,15179666665202E-02 
669	 2,13827844300888E-02 
670	 2,16388064886384E-02 
671	 2,17773174460565E-02 
672	 2,14225889707673E-02 
673	 2,12708176131541E-02 
674	 2,12767445999947E-02 
675	 0,020977416700812 
676	 2,09140695145238E-02 
677	 2,12356978029808E-02 
678	 2,15649819934517E-02 
679	 2,18662333726771E-02 
680	 2,21345243757134E-02 
681	 2,16989881988497E-02 
682	 2,09754860503439E-02 
683	 2,17405763351954E-02 
684	 2,27115484123507E-02 
685	 2,30997008934986E-02 
686	 2,31014331058139E-02 
687	 2,31770458131908E-02 
688	 2,41242063630404E-02 
689	 2,47221428106623E-02 
690	 2,49188333414798E-02 
691	 2,60971929646584E-02 
692	 2,78552362544133E-02 
693	 2,97730369399546E-02 
694	 3,17690934173103E-02 
695	 3,39634922818603E-02 
696	 3,66289988315086E-02 
697	 4,00917166372119E-02 
698	 4,43496351438799E-02 
699	 4,83928156156573E-02 
700	 5,26983684867216E-02 
701	 5,79882215639445E-02 
702	 6,34798485373803E-02 
703	 6,89513033807095E-02 
704	 0,074324352399388 
705	 8,03717506513895E-02 
706	 8,73529856033963E-02 
707	 9,31163578260528E-02 
708	 9,84083006230424E-02 
709	 0,105198251808444 
710	 0,111775915083305 
711	 0,117688233735434 
712	 0,123412288435871 
713	 0,129123693581816 
714	 0,134929466980947 
715	 0,140282048763534 
716	 0,14516354424836 
717	 0,149813572848127 
718	 0,154209382046706 
719	 0,158414462724106 
720	 0,162656732366734 
721	 0,166805829564883 
722	 0,170684568292194 
723	 0,173822138984126 
724	 0,176472609706218 
725	 0,179893186033476 
726	 0,182925266710315 
727	 0,184934268415929 
728	 0,186920414381532 
729	 0,189086720291033 
730	 0,191581580086921 
731	 0,193409429840311 
732	 0,194459122480649 
733	 0,195710770252285 
734	 0,197128221408053 
735	 0,198612614932335 
736	 0,199643069103438 
737	 0,200435690074128 
738	 0,201815280529248 
739	 0,202976115536665 
740	 0,203666727977804 
741	 0,204330794278391 
742	 0,205002362506342 
743	 0,205679700356497 
744	 0,206587446040437 
745	 0,207453940392957 
746	 0,207214813293643 
747	 0,207368721330363 
748	 0,208581492806286 
749	 0,209350193476127 
750	 0,20969421421465 
751	 0,209932872732499 
752	 0,210162794867788 
753	 0,21047396588373 
754	 0,210987496873605 
755	 0,211519010826399 
756	 0,211910701471441 
757	 0,212023969745843 
758	 0,212094464270636 
759	 0,212659909320226 
760	 0,213027183041594 
761	 0,213085712239255 
762	 0,213477772969826 
763	 0,213891011634862 
764	 0,214015515768847 
765	 0,214143730523229 
766	 0,214323065394954 
767	 0,214508586291442 
768	 0,214777919102839 
769	 0,215132595508699 
770	 0,215417630757589 
771	 0,215607125666164 
772	 0,215692885132386 
773	 0,215850970080967 
774	 0,216047640625814 
775	 0,21600414363953 
776	 0,216134554762578 
777	 0,216549733549457 
778	 0,216388584372781 
779	 0,21610990806138 
780	 0,216521838737311 
781	 0,21658313721812 
782	 0,216321307195381 
783	 0,21690506152786 
784	 0,217303892158664 
785	 0,216924128307556 
786	 0,216869992587598 
787	 0,217126172054665 
788	 0,217378352077977 
789	 0,217606602487752 
790	 0,217825401664759 
791	 0,218301389071697 
792	 0,218332286708717 
793	 0,21749130512592 
794	 0,217489808927011 
795	 0,218066685736095 
796	 0,218037101352142 
797	 0,217868542806366 
798	 0,217739561147842 
799	 0,217781059716518 
800	 0,218112813283266 
801	 0,218774420684626 
802	 0,218874554103195 
803	 0,218575736836406 
804	 0,218748644336654 
805	 0,218925626806454 
806	 0,218981527747387 
807	 0,219138189028374 
808	 0,219200423663033 
809	 0,218979082451212 
810	 0,219180402697055 
811	 0,219718246237999 
812	 0,219890792848557 
813	 0,220276003670651 
814	 0,220945433934831 
815	 0,220886813714611 
816	 0,220609809910584 
817	 0,220811267947423 
818	 0,220942363258748 
819	 0,221006143994073 
820	 0,221379281226778 
821	 0,221685710310726 
822	 0,221743468248101 
823	 0,221594319388322 
824	 0,221706578433745 
825	 0,222643801163239 
826	 0,223355581960299 
827	 0,223533219428142 
828	 0,223096149377518 
829	 0,222808109369487 
830	 0,223056966535099 
831	 0,22332154905886 
832	 0,223518394860207 
833	 0,223614818552038 
834	 0,223955963604257 
835	 0,224421212983894 
836	 0,224325507458126 
837	 0,224254135345938 
838	 0,224487668946879 
839	 0,224566945858266 
840	 0,2245858296131 
841	 0,224741212372104 
842	 0,225055808427191 
843	 0,225328525852757 
844	 0,224840287488529 
845	 0,224607081821097 
846	 0,225080113983112 
847	 0,225116359927001 
848	 0,22491865944434 
849	 0,224951042149984 
850	 0,22521620270488 
851	 0,225573946600082 
852	 0,225516540213666 
853	 0,225613056918973 
854	 0,226059215890199 
855	 0,2259578662183 
856	 0,225586910092048 
857	 0,225460398941259 
858	 0,225470487298799 
859	 0,225579311012145 
860	 0,225667327040319 
861	 0,225971121995961 
862	 0,226531502050637 
863	 0,226865003981876 
864	 0,226830569383069 
865	 0,226342264784941 
866	 0,226050723797475 
867	 0,226141399203512 
868	 0,226596844211837 
869	 0,227055371994615 
870	 0,227359158795575 
871	 0,227926719890095 
872	 0,228182241700535 
873	 0,227462422618761 
874	 0,227748315346056 
875	 0,228829045424961 
876	 0,228815614689037 
877	 0,228522422115256 
878	 0,228346472261346 
879	 0,228632805735273 
880	 0,22877166839774 
881	 0,228151226591691 
882	 0,228427135634431 
883	 0,229285506057226 
884	 0,228922898401238 
885	 0,229077697108927 
886	 0,230070893454482 
887	 0,230253718022818 
888	 0,23003581941885 
889	 0,22991583128682 
890	 0,229990096501233 
891	 0,230280198466829 
892	 0,230792894839451 
893	 0,230914740148395 
894	 0,230728437434591 
895	 0,231732149983649 
896	 0,232175269514035 
897	 0,230930371098537 
898	 0,2313031223172 
899	 0,23238310928398 
900	 0,231622732109023 
901	 0,231328688424398 
902	 0,231879566569283 
903	 0,232149249618066 
904	 0,232326375240023 
905	 0,232437687251138 
906	 0,231789426323755 
907	 0,231225235000415 
908	 0,232007898892774 
909	 0,232474588500581 
910	 0,232420659060412 
911	 0,232713166476289 
912	 0,232359611847546 
913	 0,231235434524624 
914	 0,231510203113011 
915	 0,231913768620719 
916	 0,23095712656809 
917	 0,231512233073671 
918	 0,233066056699698 
919	 0,232906904646428 
920	 0,232728488932179 
921	 0,232743089442507 
922	 0,231156545119513 
923	 0,229930072604779 
924	 0,23058755811006 
925	 0,230788589159354 
926	 0,230347031643049 
927	 0,229620365943825 
928	 0,22925184419207 
929	 0,22931474140879 
930	 0,229252640569902 
931	 0,228989322289219 
932	 0,22851970534047 
933	 0,228295855611649 
934	 0,227860022249868 
935	 0,22658643058763 
936	 0,224795087596223 
937	 0,223280261709573 
938	 0,224064279210916 
939	 0,224286939998661 
940	 0,223041035337941 
941	 0,221980940273788 
942	 0,221230884206592 
943	 0,22078621552374 
944	 0,220270751163963 
945	 0,219428203504121 
946	 0,21789706389524 
947	 0,217186240245719 
948	 0,217069023476569 
949	 0,214942100909843 
950	 0,212997518639978 
951	 0,212349753424825 
952	 0,211554553281661 
953	 0,209957700354058 
954	 0,207099175312921 
955	 0,20638889648692 
956	 0,20702109901401 
957	 0,204764113221372 
958	 0,203973101828643 
959	 0,205249626760216 
960	 0,204407269423261 
961	 0,202722348303883 
962	 0,201362303284776 
963	 0,200293025156178 
964	 0,200173984941757 
965	 0,201890136274185 
966	 0,201548747070122 
967	 0,199458236293899 
968	 0,199904615726379 
969	 0,200010564849244 
970	 0,199150444326802 
971	 0,200995671097207 
972	 0,201704023677345 
973	 0,19815872949284 
974	 0,197486883414384 
975	 0,199348249222408 
976	 0,200917149384131 
977	 0,201250530391277 
978	 0,200443888119414 
979	 0,200167928898807 
980	 0,200428510264857 
981	 0,201138873575074 
982	 0,201515762225751 
983	 0,201908320048941 
984	 0,202652098020241 
985	 0,202388881226052 
986	 0,202150635867308 
987	 0,204456180130107 
988	 0,204804618743413 
989	 0,203245631476109 
990	 0,205107693802552 
991	 0,205977432718887 
992	 0,204412945414995 
993	 0,206673549109104 
994	 0,2088164487826 
995	 0,206774506627568 
996	 0,208181747568606 
997	 0,211710600483187 
998	 0,212123184051584 
999	 0,211987215209627 
1000	 0,2117549266815 
1001	 0,210394169442634 
1002	 0,210094197744445 
1003	 0,211865076584822 
1004	 0,214618861450755 
1005	 0,215923053559927 
1006	 0,214006807556491 
1007	 0,214686852997825 
1008	 0,216373251710675 
1009	 0,214464794319453 
1010	 0,213879333793276 
1011	 0,214944261920999 
1012	 0,213863555833125 
1013	 0,21483909696057 
1014	 0,219148491920049 
1015	 0,22321947512889 
1016	 0,22628356499668 
1017	 0,227754915963571 
1018	 0,226338961357917 
1019	 0,224340051044379 
1020	 0,225320830145459 
1021	 0,225932454331492 
1022	 0,225364978758429 
1023	 0,223132182641233 
1024	 0,223846539973143 
1025	 0,228253003545828 
1026	 0,232328475386146 
1027	 0,232332873570248 
1028	 0,22731159192023 
1029	 0,228240051610412 
1030	 0,232624584404405 
1031	 0,235799984840358 
1032	 0,235266977920929 
1033	 0,233497191078264 
1034	 0,236744750495904 
1035	 0,237093978339879 
1036	 0,234047441551252 
1037	 0,233546916313572 
1038	 0,236343997359525 
1039	 0,242008437451814 
1040	 0,245760810746795 
1041	 0,248299596210305 
1042	 0,249509630171817 
1043	 0,240666102788473 
1044	 0,23161333650612 
1045	 0,236762668433171 
1046	 0,238674577784391 
1047	 0,237306429201944 
1048	 0,240680644528053 
1049	 0,254987803371252 
1050	 0,272519608117434 
1051	 0,25942397705002 
1052	 0,248882294205069 
1053	 0,255277106424199 
1054	 0,250108954376025 
1055	 0,245943529959557 
1056	 0,252929352440694 
1057	 0,24874968195479 
1058	 0,244449736670227 
1059	 0,25859631792855 
1060	 0,260465332284295 
1061	 0,252967106811416 
1062	 0,25756745605095 
1063	 0,26474470196983 
1064	 0,267755818537827 
1065	 0,249688840018966 
1066	 0,24048031003007 
1067	 0,25055290345868 
1068	 0,253702589640191 
1069	 0,251246546741101 
1070	 0,246544915586644 
1071	 0,251986129126188 
1072	 0,260933921461421 
1073	 0,262377565970336 
1074	 0,245155184567389 
1075	 0,231148886761727 
