Wavelength	GRA-VIE01017.asd
325	 0,423074197016054 
326	 0,541501538120445 
327	 0,633664791814639 
328	 0,606516020368386 
329	 0,626278023290384 
330	 0,593736787214251 
331	 0,470567250846989 
332	 0,497460672413106 
333	 0,646727373602154 
334	 0,720585199028021 
335	 0,609850471263553 
336	 0,420856600002706 
337	 0,412653197886375 
338	 0,459839851883252 
339	 0,47889774818956 
340	 0,47581199197859 
341	 0,463069487625027 
342	 0,482449154534268 
343	 0,480927037662431 
344	 0,456174530009201 
345	 0,455568247325832 
346	 0,449202194637388 
347	 0,407660618901101 
348	 0,407499463757641 
349	 0,435206907085677 
350	 0,416821011817893 
351	 0,404290103606131 
352	 0,408973186214696 
353	 0,402470576318618 
354	 0,399267722603946 
355	 0,416778676063142 
356	 0,437241581471738 
357	 0,441609379445411 
358	 0,381512585950989 
359	 0,355523882660114 
360	 0,400092969418603 
361	 0,411186870152806 
362	 0,406905603658149 
363	 0,430398225437971 
364	 0,430356661975746 
365	 0,406494721656712 
366	 0,396706091951506 
367	 0,410486858338546 
368	 0,443928076520093 
369	 0,41906140457962 
370	 0,372755812215742 
371	 0,380398980348277 
372	 0,406016941659491 
373	 0,431440442546008 
374	 0,425026436509456 
375	 0,405626595385466 
376	 0,389622437851499 
377	 0,384065825870009 
378	 0,392221925390449 
379	 0,417696052703645 
380	 0,426333162823915 
381	 0,416192007605143 
382	 0,428901708605573 
383	 0,438413694699427 
384	 0,418984244080709 
385	 0,424598689595651 
386	 0,445437320237251 
387	 0,434557508629414 
388	 0,425932054927524 
389	 0,431660946742495 
390	 0,438980042890556 
391	 0,443339310508863 
392	 0,440566632524606 
393	 0,439456491878082 
394	 0,439256923451128 
395	 0,429019068394657 
396	 0,430298693482824 
397	 0,44869042244058 
398	 0,444495315851128 
399	 0,429368590553735 
400	 0,426028756488585 
401	 0,430711491216037 
402	 0,440298371792248 
403	 0,447539868318748 
404	 0,449453935142603 
405	 0,444658017744837 
406	 0,43920960875076 
407	 0,435537711014915 
408	 0,436178968443874 
409	 0,438900949185587 
410	 0,4424614220025 
411	 0,445509792223447 
412	 0,446095876164836 
413	 0,442910919474563 
414	 0,441631989423355 
415	 0,442576683723448 
416	 0,44374158506567 
417	 0,443653797064764 
418	 0,442207522932146 
419	 0,442402954054452 
420	 0,444927631132248 
421	 0,45039665398446 
422	 0,448013872275792 
423	 0,440066006356471 
424	 0,441649449842785 
425	 0,445787918164991 
426	 0,448055740926111 
427	 0,448474258591868 
428	 0,44927865306252 
429	 0,454891598878902 
430	 0,457903186998125 
431	 0,456810681997329 
432	 0,455954522235698 
433	 0,455558982991133 
434	 0,455626535588783 
435	 0,455252017113661 
436	 0,455136033546761 
437	 0,457335544292854 
438	 0,46058497730669 
439	 0,463671077455594 
440	 0,463276161038767 
441	 0,461814388900494 
442	 0,462576146074244 
443	 0,463812404056129 
444	 0,465323840865326 
445	 0,467512209937782 
446	 0,470740544672228 
447	 0,474666383617465 
448	 0,474414673702003 
449	 0,472235368147781 
450	 0,473400132811623 
451	 0,475427911070714 
452	 0,477330351399008 
453	 0,478212883866859 
454	 0,478348750530738 
455	 0,478169147659951 
456	 0,479583527998398 
457	 0,482456403562883 
458	 0,485574788499426 
459	 0,488053978806898 
460	 0,48908562499728 
461	 0,486978816402895 
462	 0,484700040128647 
463	 0,486262145214429 
464	 0,488943183102791 
465	 0,491435206141909 
466	 0,491709123947225 
467	 0,492172437293046 
468	 0,494235722158584 
469	 0,495256816899974 
470	 0,495048018653287 
471	 0,493613885061451 
472	 0,495396430997421 
473	 0,500162612551793 
474	 0,499338199707701 
475	 0,497143430726721 
476	 0,498163281848357 
477	 0,500821148268188 
478	 0,503811820156959 
479	 0,504578908900088 
480	 0,504220912306367 
481	 0,503552941590215 
482	 0,504054446209279 
483	 0,505641102052677 
484	 0,507951727422525 
485	 0,508468424362199 
486	 0,507365895020892 
487	 0,507777141186419 
488	 0,509937919766774 
489	 0,513501337447456 
490	 0,513243108159578 
491	 0,510918009861748 
492	 0,512530809754276 
493	 0,513794858281924 
494	 0,513732076808289 
495	 0,515143225568328 
496	 0,517051199737686 
497	 0,518163042893076 
498	 0,518686375911639 
499	 0,518681464280183 
500	 0,51767944398859 
501	 0,519280650327062 
502	 0,524665758321168 
503	 0,525486395793756 
504	 0,524191864445061 
505	 0,527091141651762 
506	 0,528614402581457 
507	 0,527925179919532 
508	 0,528660745588407 
509	 0,529974059523928 
510	 0,530934727676289 
511	 0,531417198584214 
512	 0,531748835362137 
513	 0,533057828043204 
514	 0,533380075751562 
515	 0,53239570905396 
516	 0,533851585236758 
517	 0,536107444050954 
518	 0,536405069902181 
519	 0,537343648910127 
520	 0,539148487154554 
521	 0,540280209652712 
522	 0,541044128194481 
523	 0,541683855178403 
524	 0,54206549141325 
525	 0,542626657372421 
526	 0,544468976384646 
527	 0,545743257701095 
528	 0,545888689556807 
529	 0,545698160423954 
530	 0,54587783447557 
531	 0,547118301827811 
532	 0,54783480837373 
533	 0,547818519693888 
534	 0,547408886120713 
535	 0,548229939732502 
536	 0,550919190263062 
537	 0,552223411402235 
538	 0,552236630748054 
539	 0,551894552260625 
540	 0,552407546175423 
541	 0,554013413175489 
542	 0,555632052739694 
543	 0,556586206755524 
544	 0,556365531583097 
545	 0,556891023074615 
546	 0,558234294832752 
547	 0,559429537390097 
548	 0,560370507508836 
549	 0,561063958946218 
550	 0,562180771997123 
551	 0,563591693576436 
552	 0,565016535462215 
553	 0,565798909875903 
554	 0,565940664479282 
555	 0,566305090342269 
556	 0,566884994990566 
557	 0,567634926497357 
558	 0,56827365315014 
559	 0,568788273609715 
560	 0,569355393392347 
561	 0,569667275380458 
562	 0,569711878446852 
563	 0,570090361257205 
564	 0,570935928164488 
565	 0,572331720531043 
566	 0,57364576731251 
567	 0,574687957519599 
568	 0,575541103026242 
569	 0,576316626538582 
570	 0,577173838365767 
571	 0,578786548257104 
572	 0,580748673768843 
573	 0,582083266555426 
574	 0,582606906160836 
575	 0,582522795923087 
576	 0,583434998138698 
577	 0,584433194624824 
578	 0,584410777370048 
579	 0,585474969412778 
580	 0,587353139991932 
581	 0,58771615151299 
582	 0,587899363035129 
583	 0,588638333476683 
584	 0,589375796499671 
585	 0,59011103148405 
586	 0,590954948186874 
587	 0,591781554383783 
588	 0,592634362144892 
589	 0,593958353992074 
590	 0,594985088710141 
591	 0,595069283851607 
592	 0,596103500988474 
593	 0,597725968981438 
594	 0,597770913086321 
595	 0,598378199855308 
596	 0,600286517118108 
597	 0,601342673728685 
598	 0,601871759643791 
599	 0,602726524214401 
600	 0,603154004805259 
601	 0,603254020944956 
602	 0,604178563947479 
603	 0,605020403989819 
604	 0,605092456880236 
605	 0,605347649373041 
606	 0,605763053273257 
607	 0,605842080265769 
608	 0,606103396819719 
609	 0,606530234445439 
610	 0,605779454374704 
611	 0,605161574706101 
612	 0,606382803087515 
613	 0,607254429349042 
614	 0,607519742279771 
615	 0,608399875828323 
616	 0,608681129405683 
617	 0,607839564161454 
618	 0,608425365057942 
619	 0,609979102538277 
620	 0,610881094015429 
621	 0,611586580533641 
622	 0,612164881176281 
623	 0,612485384361779 
624	 0,612871795726426 
625	 0,613647519473894 
626	 0,614518377510223 
627	 0,615348412659192 
628	 0,616035033612047 
629	 0,616348948059838 
630	 0,616273242258467 
631	 0,616582955239247 
632	 0,617175353957665 
633	 0,617735170333223 
634	 0,618028647484897 
635	 0,618043945670189 
636	 0,617968780735814 
637	 0,618461331709849 
638	 0,619958638799055 
639	 0,620733374064233 
640	 0,620814784157572 
641	 0,62111060777412 
642	 0,621586486553528 
643	 0,622233897920506 
644	 0,622810645527287 
645	 0,623337490822121 
646	 0,623873874705607 
647	 0,624404814487633 
648	 0,624767709746539 
649	 0,624401378888198 
650	 0,624160616871853 
651	 0,624508717598177 
652	 0,623955025254406 
653	 0,623082313278251 
654	 0,623519759863053 
655	 0,623860598007072 
656	 0,623725448435041 
657	 0,623780623905518 
658	 0,623612272971048 
659	 0,622786280960798 
660	 0,621985877002798 
661	 0,621380789932635 
662	 0,620901675292399 
663	 0,620707680603094 
664	 0,620795091327132 
665	 0,620641645164917 
666	 0,620136139255543 
667	 0,619173551052291 
668	 0,618955320967984 
669	 0,619588340612054 
670	 0,619833320446889 
671	 0,620506192679688 
672	 0,622107769999087 
673	 0,622250021547453 
674	 0,621623693376417 
675	 0,622986714523243 
676	 0,623904455276284 
677	 0,623805533392221 
678	 0,624729776894615 
679	 0,626019730850156 
680	 0,626706604767744 
681	 0,627284657524905 
682	 0,62793760359403 
683	 0,628881305781791 
684	 0,629894673844904 
685	 0,630856338874182 
686	 0,63191549684847 
687	 0,633129099576025 
688	 0,634562992863415 
689	 0,635970448827157 
690	 0,637365421310152 
691	 0,639122837207415 
692	 0,641186840151753 
693	 0,643439588715565 
694	 0,645118503710226 
695	 0,646503242219994 
696	 0,648798670172056 
697	 0,650750099922192 
698	 0,6519013956929 
699	 0,652891695613796 
700	 0,654038476484578 
701	 0,655649998142012 
702	 0,657395054744173 
703	 0,659057861945526 
704	 0,660332943329843 
705	 0,661293754283183 
706	 0,662033084365064 
707	 0,662903547044749 
708	 0,663787476652784 
709	 0,664329479909963 
710	 0,665019220065293 
711	 0,665923463559723 
712	 0,66664224043897 
713	 0,667102272158942 
714	 0,667283266011012 
715	 0,66760485743716 
716	 0,668107345796088 
717	 0,668609316531666 
718	 0,669337203127015 
719	 0,670208008220481 
720	 0,670172216791523 
721	 0,66999536567548 
722	 0,670759849146427 
723	 0,671567089198221 
724	 0,67211743970221 
725	 0,672202004442071 
726	 0,672300379676119 
727	 0,672712742046385 
728	 0,673247142526435 
729	 0,67365895040374 
730	 0,673555964698397 
731	 0,673509560242091 
732	 0,673750090218884 
733	 0,6744079042221 
734	 0,674970302899884 
735	 0,675005431535971 
736	 0,6749609848334 
737	 0,674993302428854 
738	 0,675312446826316 
739	 0,675365715183488 
740	 0,675062615171977 
741	 0,675227323962671 
742	 0,675426628715567 
743	 0,675104603205004 
744	 0,675332070696968 
745	 0,676088738289751 
746	 0,676589940829077 
747	 0,676835072898906 
748	 0,676847490767014 
749	 0,676934814565859 
750	 0,677156759531744 
751	 0,677528681682553 
752	 0,677993402291465 
753	 0,678443138599379 
754	 0,678563928749263 
755	 0,678765933010571 
756	 0,679298070908634 
757	 0,679459980367651 
758	 0,679434933831129 
759	 0,679803561662175 
760	 0,680294353699835 
761	 0,680724758933493 
762	 0,680677771077672 
763	 0,680588229321695 
764	 0,680867182921328 
765	 0,681053311201721 
766	 0,681131991981044 
767	 0,681321101097366 
768	 0,681352079890211 
769	 0,681223839291782 
770	 0,68155804583206 
771	 0,681987472103592 
772	 0,682026922053002 
773	 0,682012031868699 
774	 0,681992591900713 
775	 0,681864665230642 
776	 0,681825392144246 
777	 0,681943483163391 
778	 0,681892361953697 
779	 0,681811611952035 
780	 0,681952817383356 
781	 0,682212714446623 
782	 0,682527869860412 
783	 0,682774631153395 
784	 0,683079920209969 
785	 0,683447517534141 
786	 0,683165416735658 
787	 0,682678589554417 
788	 0,682935583170294 
789	 0,683262458731269 
790	 0,683496839259046 
791	 0,683848571246984 
792	 0,68417526637724 
793	 0,684351722900632 
794	 0,684374629151385 
795	 0,684290032352597 
796	 0,684180196595666 
797	 0,684131055958073 
798	 0,684160851806515 
799	 0,684128471336105 
800	 0,68420704491351 
801	 0,684525700798816 
802	 0,684436454224276 
803	 0,684165893465769 
804	 0,684652362536529 
805	 0,684892344360292 
806	 0,684675237385081 
807	 0,685009896407597 
808	 0,685413946527313 
809	 0,685337371971101 
810	 0,685728710152092 
811	 0,686509416110852 
812	 0,687011082828454 
813	 0,686983591686954 
814	 0,686464217039256 
815	 0,686467543887718 
816	 0,686753660713403 
817	 0,686929817820127 
818	 0,687477228166926 
819	 0,688220498598827 
820	 0,688351189704909 
821	 0,688573639992785 
822	 0,689100087778416 
823	 0,689077998957706 
824	 0,688675676638886 
825	 0,68822798764285 
826	 0,688381684344643 
827	 0,688881913123809 
828	 0,688320380848879 
829	 0,687971791167698 
830	 0,688410640946534 
831	 0,688719979895011 
832	 0,688746829558762 
833	 0,688432509759676 
834	 0,688682126080656 
835	 0,689204473961962 
836	 0,688207007681162 
837	 0,687465055683698 
838	 0,687819614232224 
839	 0,687762010911336 
840	 0,687573588378816 
841	 0,687878367600578 
842	 0,687793588685741 
843	 0,68740281824869 
844	 0,687787172931611 
845	 0,687894769187347 
846	 0,687328874277367 
847	 0,687705017591351 
848	 0,688203267688398 
849	 0,687446039080248 
850	 0,687142223044945 
851	 0,687602624009536 
852	 0,688450129263526 
853	 0,688715856463625 
854	 0,688053142519558 
855	 0,688244855817769 
856	 0,688640293729936 
857	 0,688091338379096 
858	 0,688074932113941 
859	 0,688638949070237 
860	 0,688767198983159 
861	 0,688683238309245 
862	 0,68861121234834 
863	 0,689263173703143 
864	 0,690140031231829 
865	 0,69049532064252 
866	 0,690577671939374 
867	 0,69051916940708 
868	 0,690613300316273 
869	 0,690389994451692 
870	 0,689809849895825 
871	 0,689965922936339 
872	 0,690563650369279 
873	 0,691096080833355 
874	 0,691014558024545 
875	 0,690440669332909 
876	 0,690050339045204 
877	 0,690070814648822 
878	 0,690547662660427 
879	 0,691028313113034 
880	 0,691073795282567 
881	 0,690351750080156 
882	 0,690573297714173 
883	 0,691444767455979 
884	 0,69124334186586 
885	 0,690930955859658 
886	 0,690945688418276 
887	 0,691788349534852 
888	 0,692372406690546 
889	 0,691767519873109 
890	 0,691865982673453 
891	 0,692567231349823 
892	 0,692919605315342 
893	 0,692851801967111 
894	 0,692566681705152 
895	 0,693199936034352 
896	 0,693842433230073 
897	 0,693792893578025 
898	 0,693790000305553 
899	 0,69389410391257 
900	 0,694011386308848 
901	 0,694053310785589 
902	 0,694092863890605 
903	 0,694574320738745 
904	 0,694683029340724 
905	 0,694119721552945 
906	 0,69475016071823 
907	 0,695625689157341 
908	 0,695109901473089 
909	 0,694524183302074 
910	 0,694215390755612 
911	 0,694155786660396 
912	 0,694233679165606 
913	 0,694403830855769 
914	 0,694791193520635 
915	 0,695220963798328 
916	 0,695475280382967 
917	 0,695266736051365 
918	 0,694794272589886 
919	 0,694648737538338 
920	 0,694802199290909 
921	 0,695120020971963 
922	 0,695086062794993 
923	 0,694323580563897 
924	 0,692849235742171 
925	 0,693740300241772 
926	 0,695716253704159 
927	 0,695629327884554 
928	 0,694643723046964 
929	 0,693481709735485 
930	 0,693637603655509 
931	 0,693647781538626 
932	 0,692911199601541 
933	 0,693574258664818 
934	 0,694917857777448 
935	 0,69570983552537 
936	 0,695557837868096 
937	 0,694491569527121 
938	 0,692541312734916 
939	 0,69295064443357 
940	 0,695849080993241 
941	 0,694825876392536 
942	 0,692730317936161 
943	 0,69247786636108 
944	 0,693778331794025 
945	 0,694789904860671 
946	 0,692126763395456 
947	 0,690741798893934 
948	 0,691482065705148 
949	 0,691862519286258 
950	 0,691492869539405 
951	 0,69017774223955 
952	 0,688219970461747 
953	 0,687430284128318 
954	 0,689710054796117 
955	 0,690700435797749 
956	 0,689774813808633 
957	 0,687848364379213 
958	 0,686748110957106 
959	 0,686961672236095 
960	 0,6870412212956 
961	 0,686566862348833 
962	 0,685422083903554 
963	 0,684979632141403 
964	 0,685591798550698 
965	 0,687407987121775 
966	 0,688324167387324 
967	 0,687779134309137 
968	 0,685824682782462 
969	 0,684569062248362 
970	 0,685086738186083 
971	 0,687294115235729 
972	 0,688637959602886 
973	 0,687069400437925 
974	 0,6866844920308 
975	 0,686973285036183 
976	 0,685737959136473 
977	 0,685486712235377 
978	 0,68653889820232 
979	 0,687818682210911 
980	 0,687236458340725 
981	 0,684790771568516 
982	 0,687060397222337 
983	 0,690129127141199 
984	 0,689692892864903 
985	 0,68989253973849 
986	 0,690863230144957 
987	 0,691481555262005 
988	 0,691357059801225 
989	 0,69112893100091 
990	 0,693760587866374 
991	 0,695180528344588 
992	 0,693732023504043 
993	 0,693665008638012 
994	 0,693669023739519 
995	 0,69229692290017 
996	 0,693272154546106 
997	 0,695799092510545 
998	 0,697009957881853 
999	 0,699000913470873 
1000	 0,701110759671396 
1001	 0,699403975000981 
1002	 0,697077663024862 
1003	 0,696181912085851 
1004	 0,697363768498043 
1005	 0,699915713466772 
1006	 0,70284406277519 
1007	 0,704411014754483 
1008	 0,704570086542294 
1009	 0,703942612906049 
1010	 0,703649971534922 
1011	 0,704393823394334 
1012	 0,707443094904699 
1013	 0,707904742017632 
1014	 0,705043373430693 
1015	 0,707034741594087 
1016	 0,711180464612637 
1017	 0,714308558336937 
1018	 0,714291386774963 
1019	 0,712856102224061 
1020	 0,713118779197265 
1021	 0,713875691434428 
1022	 0,715654263923088 
1023	 0,721303565387874 
1024	 0,721013507164863 
1025	 0,714535172257273 
1026	 0,717005204403378 
1027	 0,72154140559837 
1028	 0,723033779669045 
1029	 0,721537817795327 
1030	 0,720433641310318 
1031	 0,723329081986762 
1032	 0,723142172145775 
1033	 0,720833425031146 
1034	 0,721283252684006 
1035	 0,719074175995379 
1036	 0,716114434645248 
1037	 0,724708779871576 
1038	 0,728127310310111 
1039	 0,722058761789169 
1040	 0,72849944513552 
1041	 0,735629944134925 
1042	 0,732355558369984 
1043	 0,719252749304233 
1044	 0,712398520211229 
1045	 0,730425363957524 
1046	 0,733423805231389 
1047	 0,723036241077716 
1048	 0,725333820989834 
1049	 0,731569499155635 
1050	 0,737783708070287 
1051	 0,737154896917471 
1052	 0,738931439916368 
1053	 0,745640853302257 
1054	 0,743996180496602 
1055	 0,739351059175328 
1056	 0,737578753884253 
1057	 0,739862904180166 
1058	 0,743721003004913 
1059	 0,745052462321719 
1060	 0,741720206369783 
1061	 0,733433380032009 
1062	 0,719331606216552 
1063	 0,720585102545533 
1064	 0,737256219097226 
1065	 0,742220422188182 
1066	 0,743865978796984 
1067	 0,745523877505976 
1068	 0,74457203744422 
1069	 0,745460168702897 
1070	 0,750540435476615 
1071	 0,751441057130134 
1072	 0,746979450467448 
1073	 0,73771834854034 
1074	 0,735212101955721 
1075	 0,740916874389165 
