Wavelength	GRA-BER00129.asd
325	 0,300886863141613 
326	 0,414370602451183 
327	 0,463850310944144 
328	 0,414068591445844 
329	 0,293055211795488 
330	 0,199173119685339 
331	 0,238452092183656 
332	 0,336624172349046 
333	 0,407161139198148 
334	 0,339982017429261 
335	 0,285908555796211 
336	 0,299113979844162 
337	 0,271359118282852 
338	 0,241485372991848 
339	 0,236248522461031 
340	 0,225455524722073 
341	 0,217149593804825 
342	 0,240670669599619 
343	 0,231718444261219 
344	 0,188567342222627 
345	 0,204583073994894 
346	 0,229487788724144 
347	 0,214237384743042 
348	 0,18425878165182 
349	 0,160061711434067 
350	 0,19554347726292 
351	 0,219996681668652 
352	 0,207635534297344 
353	 0,196824798091543 
354	 0,198113785432431 
355	 0,220352157121765 
356	 0,234964547361769 
357	 0,233158801138846 
358	 0,198747754855388 
359	 0,185973868837987 
360	 0,211319836142782 
361	 0,202865624795358 
362	 0,178683816190934 
363	 0,174004989378236 
364	 0,185110338428416 
365	 0,204206444468886 
366	 0,213037152217413 
367	 0,208101919643648 
368	 0,190468267161663 
369	 0,190787524443479 
370	 0,194935939061726 
371	 0,168538006750455 
372	 0,180038991644577 
373	 0,225877213726666 
374	 0,212292906278714 
375	 0,18743452108876 
376	 0,188106665626209 
377	 0,204004421637359 
378	 0,216317429219886 
379	 0,190871218619188 
380	 0,1742585574529 
381	 0,180600640175339 
382	 0,193075925316019 
383	 0,200224993859798 
384	 0,193792483716628 
385	 0,185512286407355 
386	 0,180392161145598 
387	 0,186077850195612 
388	 0,188190124247487 
389	 0,182883942517809 
390	 0,181299732555044 
391	 0,185542338860971 
392	 0,19620401322698 
393	 0,212129168661652 
394	 0,222586290056858 
395	 0,197846832868018 
396	 0,178313036945227 
397	 0,184253363114644 
398	 0,182807313756865 
399	 0,173689847718152 
400	 0,16057856205652 
401	 0,172361228213665 
402	 0,201339189091314 
403	 0,196227507553548 
404	 0,183239533563081 
405	 0,18124220458434 
406	 0,183783583078395 
407	 0,187444842396501 
408	 0,187792077692032 
409	 0,184618050026558 
410	 0,179299087199759 
411	 0,178354525293301 
412	 0,177074237942787 
413	 0,171481370805781 
414	 0,176367676356618 
415	 0,185865824515856 
416	 0,178925833929987 
417	 0,174736598971973 
418	 0,179500480759493 
419	 0,178977051920339 
420	 0,175984500110157 
421	 0,175588825778062 
422	 0,176647187856741 
423	 0,178304603951432 
424	 0,178442928752058 
425	 0,178883609115392 
426	 0,180133772018803 
427	 0,175976498195453 
428	 0,172028484600202 
429	 0,180265647611302 
430	 0,182913920615827 
431	 0,177155637123987 
432	 0,174939221335768 
433	 0,176785402998089 
434	 0,181977192339426 
435	 0,179906951261682 
436	 0,172841634364485 
437	 0,171089936043855 
438	 0,173014131282771 
439	 0,177527972336988 
440	 0,181474778524926 
441	 0,182705062403076 
442	 0,179144862313599 
443	 0,177556710858858 
444	 0,1785200080182 
445	 0,177016570589895 
446	 0,177918704389193 
447	 0,183100247632695 
448	 0,181082128758274 
449	 0,176255473689764 
450	 0,179480090040097 
451	 0,183498752364353 
452	 0,18564911066417 
453	 0,184645874212205 
454	 0,18231695800123 
455	 0,180686531231287 
456	 0,182644734102422 
457	 0,186291001018498 
458	 0,185339959549553 
459	 0,183634418693187 
460	 0,182875546905797 
461	 0,183162202354753 
462	 0,183469558492386 
463	 0,18242529597841 
464	 0,181210108811613 
465	 0,180671945565969 
466	 0,182569144079796 
467	 0,184612163772026 
468	 0,185186897099887 
469	 0,185082294246325 
470	 0,184322718037758 
471	 0,182572643126295 
472	 0,181929179032415 
473	 0,182637716909092 
474	 0,181702400883354 
475	 0,182211534327801 
476	 0,186984035530673 
477	 0,188063587713323 
478	 0,185538866732828 
479	 0,184064182493101 
480	 0,183611664360233 
481	 0,184057022439605 
482	 0,183465912709073 
483	 0,182644593353368 
484	 0,18316920266438 
485	 0,182234530305927 
486	 0,179966303471182 
487	 0,179406595881764 
488	 0,180667489279423 
489	 0,183356726898459 
490	 0,182950662741903 
491	 0,180839206866649 
492	 0,181833124747576 
493	 0,183611644664085 
494	 0,184744595387264 
495	 0,18195041830683 
496	 0,178960076273212 
497	 0,18017932140495 
498	 0,180167983214775 
499	 0,178916663022422 
500	 0,180412343993871 
501	 0,181520551023295 
502	 0,180780530109662 
503	 0,181718696845593 
504	 0,183210709872208 
505	 0,182550347945054 
506	 0,181755190700594 
507	 0,181812940861973 
508	 0,184235491767738 
509	 0,186207102062225 
510	 0,185319099441225 
511	 0,185402058857498 
512	 0,18626196808359 
513	 0,185364034010795 
514	 0,1845962229364 
515	 0,184714496822231 
516	 0,184998880720054 
517	 0,185101857936494 
518	 0,184650159834484 
519	 0,184315836098852 
520	 0,184277265315537 
521	 0,184445720088458 
522	 0,184650924386078 
523	 0,184744227831982 
524	 0,184470001148222 
525	 0,184263840739737 
526	 0,185359631419964 
527	 0,18552066141672 
528	 0,18438441687504 
529	 0,184603101139936 
530	 0,185134454562787 
531	 0,18459244345915 
532	 0,184670857461184 
533	 0,185099881270993 
534	 0,183722397485968 
535	 0,182822663984876 
536	 0,183567436788811 
537	 0,183458264892878 
538	 0,183052400441808 
539	 0,184075553892682 
540	 0,184475039492955 
541	 0,183926794041035 
542	 0,184001813747999 
543	 0,184555168923001 
544	 0,185327540688696 
545	 0,185550540475714 
546	 0,185421623036608 
547	 0,18598646044882 
548	 0,186633147219322 
549	 0,186969270776349 
550	 0,186465777845469 
551	 0,185787209978077 
552	 0,186042802338973 
553	 0,186315808270105 
554	 0,186338121521346 
555	 0,186074115281371 
556	 0,186065771557012 
557	 0,18669282241623 
558	 0,186829730283218 
559	 0,186577132834487 
560	 0,186721243934694 
561	 0,186841473390762 
562	 0,186841832436214 
563	 0,187046017302669 
564	 0,187490180109491 
565	 0,188181636169276 
566	 0,188677610705443 
567	 0,189093811110031 
568	 0,190270550946167 
569	 0,19156872207111 
570	 0,192597840057931 
571	 0,194195646659147 
572	 0,196086212076575 
573	 0,19737854119769 
574	 0,198989458545437 
575	 0,201113135003577 
576	 0,203013873307914 
577	 0,204828388211119 
578	 0,206768952052395 
579	 0,208853756544177 
580	 0,210725520019804 
581	 0,211244018301081 
582	 0,211983366610266 
583	 0,213725307716894 
584	 0,214901138528894 
585	 0,215575119852349 
586	 0,216303882199399 
587	 0,21608333300475 
588	 0,215216217291572 
589	 0,216318955884012 
590	 0,217455553761619 
591	 0,216813614464126 
592	 0,216683309768122 
593	 0,217272100540309 
594	 0,218022895351025 
595	 0,218075884803277 
596	 0,217112099425612 
597	 0,216214679258525 
598	 0,215671294664843 
599	 0,215708193589158 
600	 0,21554308687498 
601	 0,214961569308381 
602	 0,214162554437068 
603	 0,213333804353674 
604	 0,212633441258511 
605	 0,212050955150705 
606	 0,211453853347492 
607	 0,210529348336388 
608	 0,209634909658352 
609	 0,208838006138272 
610	 0,207659678906247 
611	 0,206485411911788 
612	 0,205823509184461 
613	 0,205714155819256 
614	 0,205802615572212 
615	 0,204925888647307 
616	 0,204049420520116 
617	 0,203726022209414 
618	 0,202924906515642 
619	 0,201996419941973 
620	 0,201850720519042 
621	 0,202120539993746 
622	 0,202568540469677 
623	 0,202583725705801 
624	 0,202840503987476 
625	 0,204018057191206 
626	 0,204693707713898 
627	 0,204798869031797 
628	 0,205079192852239 
629	 0,20544066203178 
630	 0,205900569295901 
631	 0,20677638951239 
632	 0,207661995075814 
633	 0,207821275645274 
634	 0,208595671980593 
635	 0,210157603268613 
636	 0,211493456789566 
637	 0,212613783525128 
638	 0,213595392925505 
639	 0,215111052506398 
640	 0,216763014664009 
641	 0,217249538145372 
642	 0,217609048674387 
643	 0,218248452294137 
644	 0,21895865175492 
645	 0,219368853516751 
646	 0,219024698533203 
647	 0,219338647649321 
648	 0,219957120493475 
649	 0,218326740478986 
650	 0,216667265142295 
651	 0,216383034583521 
652	 0,21574217390545 
653	 0,214387769719832 
654	 0,211992943426943 
655	 0,210550607983256 
656	 0,210250020701179 
657	 0,208331454707806 
658	 0,205702255273641 
659	 0,20350625945172 
660	 0,202214771084342 
661	 0,201312072597634 
662	 0,19886728713335 
663	 0,1967612932885 
664	 0,195853769949625 
665	 0,194873592090546 
666	 0,193826494487481 
667	 0,192952545272566 
668	 0,192292983027822 
669	 0,191784955542372 
670	 0,191075238851933 
671	 0,190636194624269 
672	 0,190774369612699 
673	 0,19038198524322 
674	 0,189694735719115 
675	 0,189763270709873 
676	 0,189838413282498 
677	 0,189743681319936 
678	 0,190089057398895 
679	 0,190471794237348 
680	 0,19037376265712 
681	 0,190375748767753 
682	 0,190658695986856 
683	 0,191244793579045 
684	 0,192151659084388 
685	 0,193394806803848 
686	 0,194911780194698 
687	 0,196951385015127 
688	 0,199965040780475 
689	 0,203256623898874 
690	 0,206756863339994 
691	 0,210944078999994 
692	 0,216528010129094 
693	 0,224007245950419 
694	 0,231460509440806 
695	 0,238966509800015 
696	 0,247716740195868 
697	 0,257460083163599 
698	 0,267999308374708 
699	 0,27864489285416 
700	 0,289660842995942 
701	 0,301496785060624 
702	 0,313477233961472 
703	 0,325195384733333 
704	 0,33617000876745 
705	 0,347073798759416 
706	 0,358204004647227 
707	 0,368516799814512 
708	 0,378223503602454 
709	 0,388048393373707 
710	 0,39700731933644 
711	 0,404950205510593 
712	 0,41271299197418 
713	 0,420046096770581 
714	 0,426746435797102 
715	 0,433718628182723 
716	 0,440597461921579 
717	 0,446016696565939 
718	 0,451024784614533 
719	 0,456039227826294 
720	 0,460803083462395 
721	 0,465141148891841 
722	 0,468860972180136 
723	 0,472626134289409 
724	 0,476402664976408 
725	 0,479503236429008 
726	 0,482230220335211 
727	 0,484772826975921 
728	 0,487101495286921 
729	 0,489178811484247 
730	 0,490889500554761 
731	 0,492766606871336 
732	 0,49482951235433 
733	 0,496358135737719 
734	 0,497658725037813 
735	 0,499004893712489 
736	 0,500015853039317 
737	 0,500821312069841 
738	 0,501898914841703 
739	 0,502839519485346 
740	 0,503544154180236 
741	 0,504371165854287 
742	 0,505075217685051 
743	 0,505357322250183 
744	 0,505779384572814 
745	 0,506459439127038 
746	 0,507389749931356 
747	 0,507933754164269 
748	 0,507899685614854 
749	 0,508683357278709 
750	 0,509660856610608 
751	 0,509613693036106 
752	 0,50989194721455 
753	 0,510587066244891 
754	 0,51054740164861 
755	 0,51054851448925 
756	 0,511116571439409 
757	 0,511491928024645 
758	 0,511664624606385 
759	 0,511871470155388 
760	 0,511979541966471 
761	 0,511962094919488 
762	 0,511802135432279 
763	 0,511904690680793 
764	 0,512585090067222 
765	 0,512743182077614 
766	 0,512443211047272 
767	 0,51245875328613 
768	 0,512349462109344 
769	 0,51205079175817 
770	 0,512043873657099 
771	 0,512384454803584 
772	 0,513064308127909 
773	 0,513231495180641 
774	 0,512862652110173 
775	 0,512517836596844 
776	 0,512415377908939 
777	 0,5126499405823 
778	 0,512828913706035 
779	 0,512949685986664 
780	 0,513085380519963 
781	 0,513201348048291 
782	 0,513272025436528 
783	 0,513233357846954 
784	 0,513190622951293 
785	 0,513237407694228 
786	 0,513497564589484 
787	 0,513864179902119 
788	 0,514143655057831 
789	 0,514142024951138 
790	 0,513900712941463 
791	 0,513889376694869 
792	 0,513877662508025 
793	 0,513687460458525 
794	 0,51354122578219 
795	 0,513516685320995 
796	 0,513728790524328 
797	 0,513683831792144 
798	 0,513380590510529 
799	 0,513734450125925 
800	 0,514027420441255 
801	 0,513595240534281 
802	 0,513408208344996 
803	 0,513460456741895 
804	 0,513153534070131 
805	 0,513412636443301 
806	 0,514331911577371 
807	 0,514541923015267 
808	 0,514264641118164 
809	 0,513882295954827 
810	 0,513994783630413 
811	 0,514504137798361 
812	 0,514748458933323 
813	 0,514857379306934 
814	 0,514879584767234 
815	 0,514874430724291 
816	 0,514979482276564 
817	 0,515338783120668 
818	 0,515757813412594 
819	 0,516153706627255 
820	 0,516472049635707 
821	 0,516672440954954 
822	 0,51675068691473 
823	 0,51683683365079 
824	 0,516868527752857 
825	 0,516751567206013 
826	 0,516670572649553 
827	 0,516670488030216 
828	 0,516731070350794 
829	 0,516775735077349 
830	 0,516765701680515 
831	 0,516794118216168 
832	 0,516725244901457 
833	 0,516369669030475 
834	 0,516217646940395 
835	 0,516326125487523 
836	 0,516442249294023 
837	 0,516498090130197 
838	 0,516488934615866 
839	 0,516746301599726 
840	 0,517015950343755 
841	 0,516902273231038 
842	 0,516350932992001 
843	 0,515691421482111 
844	 0,515986881754212 
845	 0,516442197852686 
846	 0,516609528815205 
847	 0,516741198129091 
848	 0,516778943741473 
849	 0,516618187493675 
850	 0,51662537392412 
851	 0,516813800168311 
852	 0,516857938726137 
853	 0,517050234775129 
854	 0,51743771118306 
855	 0,517188422797016 
856	 0,516911543585636 
857	 0,517538339354544 
858	 0,517555212161928 
859	 0,517073380070829 
860	 0,517743318438106 
861	 0,518186855369241 
862	 0,517804601929349 
863	 0,517652758661201 
864	 0,517881312262039 
865	 0,518515952219015 
866	 0,518708447530211 
867	 0,518445305489874 
868	 0,518355734393836 
869	 0,518433970628193 
870	 0,518680475897562 
871	 0,519016970642776 
872	 0,519196885899605 
873	 0,518952218634958 
874	 0,5185066764059 
875	 0,518028835553181 
876	 0,517733037625854 
877	 0,517843299121306 
878	 0,51830645938989 
879	 0,518265061171031 
880	 0,517943001230153 
881	 0,517688702413393 
882	 0,517991807141592 
883	 0,518559209969869 
884	 0,518356104659848 
885	 0,518029327031745 
886	 0,517835604293882 
887	 0,517815504918361 
888	 0,517947470444382 
889	 0,518168406948277 
890	 0,518048425659022 
891	 0,517786592471648 
892	 0,518021776583342 
893	 0,51802945930387 
894	 0,517685826679356 
895	 0,517548247793322 
896	 0,517435208796446 
897	 0,51725845259168 
898	 0,517640512656176 
899	 0,518402178506839 
900	 0,519099869027261 
901	 0,519235812730535 
902	 0,518752915384175 
903	 0,518072619455078 
904	 0,517688626474198 
905	 0,517826551474175 
906	 0,517513505938555 
907	 0,517303987484882 
908	 0,518131118744287 
909	 0,518596354214677 
910	 0,518360354609384 
911	 0,517491414320081 
912	 0,516951546239861 
913	 0,51715090720962 
914	 0,517280515194567 
915	 0,517429748678159 
916	 0,517748365172349 
917	 0,517857423867797 
918	 0,517439057587347 
919	 0,515711902991333 
920	 0,515231528852929 
921	 0,516398907161542 
922	 0,516360276996877 
923	 0,515580914734314 
924	 0,514711106664665 
925	 0,515298752718965 
926	 0,515977116095876 
927	 0,513802374074279 
928	 0,512896384357203 
929	 0,513752836729143 
930	 0,513592213064862 
931	 0,512922984991171 
932	 0,512107892385394 
933	 0,511541194780787 
934	 0,511281001851168 
935	 0,511285214597278 
936	 0,510348955250639 
937	 0,509000502311843 
938	 0,509527031823724 
939	 0,509943983168126 
940	 0,509556439470747 
941	 0,509066704398338 
942	 0,508519223155632 
943	 0,507916364887997 
944	 0,507155782887554 
945	 0,506126189896543 
946	 0,504634800913763 
947	 0,503569050783358 
948	 0,503060228203351 
949	 0,502462928791598 
950	 0,502173452806275 
951	 0,501974140104214 
952	 0,498968902222282 
953	 0,495885405894387 
954	 0,496210738179268 
955	 0,496952599700742 
956	 0,496705383565821 
957	 0,493425471824621 
958	 0,491529743974265 
959	 0,492016595779469 
960	 0,491315333090316 
961	 0,491064853078368 
962	 0,492149709604921 
963	 0,490454424436107 
964	 0,487758945386064 
965	 0,487576327368421 
966	 0,48786134433494 
967	 0,488118512709162 
968	 0,488531413072319 
969	 0,487976432908757 
970	 0,486334766141556 
971	 0,48565637718353 
972	 0,48584014506818 
973	 0,486567724427779 
974	 0,487097139735391 
975	 0,487146562351358 
976	 0,486512189010646 
977	 0,486304231229448 
978	 0,486812782043496 
979	 0,487937698432382 
980	 0,48813219898595 
981	 0,486881791244156 
982	 0,486194000127626 
983	 0,486000011122398 
984	 0,486071960167513 
985	 0,486897015072667 
986	 0,487374850197656 
987	 0,485216421763454 
988	 0,484811758254544 
989	 0,48664939518461 
990	 0,487480148710484 
991	 0,48808607672499 
992	 0,488780093498035 
993	 0,489219581901235 
994	 0,489371624513332 
995	 0,489294306550127 
996	 0,489802631432011 
997	 0,490621440155852 
998	 0,490865122319244 
999	 0,491898132051323 
1000	 0,493566153374032 
1001	 0,494075131947807 
1002	 0,494274486529797 
1003	 0,494555143089126 
1004	 0,494418924038644 
1005	 0,494996090802196 
1006	 0,497078016606218 
1007	 0,496995917953991 
1008	 0,49548257642486 
1009	 0,494912288474707 
1010	 0,49714370595655 
1011	 0,50119132053466 
1012	 0,502313645458975 
1013	 0,500299900834247 
1014	 0,496906514716645 
1015	 0,502091851159235 
1016	 0,5059798443108 
1017	 0,50088444921783 
1018	 0,499721171185606 
1019	 0,500873159636626 
1020	 0,499234823043757 
1021	 0,503126497261536 
1022	 0,510306326710112 
1023	 0,509528757914733 
1024	 0,509403255138352 
1025	 0,511660126590271 
1026	 0,51022031378878 
1027	 0,509637730947451 
1028	 0,512072763161974 
1029	 0,509872288193842 
1030	 0,506522801979386 
1031	 0,506901175405264 
1032	 0,510086343930969 
1033	 0,513799896865938 
1034	 0,513930678038954 
1035	 0,513706758869525 
1036	 0,514244871228215 
1037	 0,516024017956053 
1038	 0,518020001910835 
1039	 0,518631022080166 
1040	 0,512274380188223 
1041	 0,507928819104988 
1042	 0,512234399747939 
1043	 0,513798789213655 
1044	 0,514448347083038 
1045	 0,518691404811964 
1046	 0,523713614699594 
1047	 0,526791726366666 
1048	 0,52370407129931 
1049	 0,517559936343157 
1050	 0,512082711758877 
1051	 0,51511727728393 
1052	 0,52188024760019 
1053	 0,527561820682931 
1054	 0,523498776391736 
1055	 0,516115851709197 
1056	 0,512071886487789 
1057	 0,512051483713205 
1058	 0,515208623819086 
1059	 0,519627973582246 
1060	 0,520117177830674 
1061	 0,516043258298021 
1062	 0,507799145384525 
1063	 0,516488899403722 
1064	 0,536917170379434 
1065	 0,526294994360305 
1066	 0,514028221712033 
1067	 0,514883356061143 
1068	 0,524752068096562 
1069	 0,535817586350489 
1070	 0,540874354622273 
1071	 0,530725791363908 
1072	 0,521743745961414 
1073	 0,531689382843201 
1074	 0,521684877442597 
1075	 0,502294948118919 
