Wavelength	GRA-VAN00098.asd
325	 0,322298552081289 
326	 0,386763679929286 
327	 0,436296099968039 
328	 0,416456603242441 
329	 0,339936097358004 
330	 0,351909476661952 
331	 0,528300449248033 
332	 0,473209477952923 
333	 0,323803550009354 
334	 0,274522136504349 
335	 0,269983222735735 
336	 0,281524488898393 
337	 0,231161056167851 
338	 0,153028883050948 
339	 7,71828486939379E-02 
340	 0,165083014368181 
341	 0,313060427672652 
342	 0,388516524625557 
343	 0,356272554647311 
344	 0,250766196364754 
345	 0,215182339637407 
346	 0,241959070406172 
347	 0,319041249030535 
348	 0,298767747093068 
349	 0,212544146037385 
350	 0,217162701964535 
351	 0,24618015157867 
352	 0,265512248701904 
353	 0,276963500078237 
354	 0,274398281386817 
355	 0,24924616487803 
356	 0,242863180900494 
357	 0,256966321398695 
358	 0,276159662065779 
359	 0,276576746244243 
360	 0,254629099214833 
361	 0,277172156470623 
362	 0,305018956953879 
363	 0,276777366682408 
364	 0,269054950459085 
365	 0,28995426784193 
366	 0,294636489108845 
367	 0,293620932288092 
368	 0,293619935076596 
369	 0,293192265057765 
370	 0,288819719163592 
371	 0,272080137396156 
372	 0,273869946779813 
373	 0,292449045790172 
374	 0,28179211736629 
375	 0,275812793516711 
376	 0,298795740798413 
377	 0,305914728696164 
378	 0,298564867084293 
379	 0,292446161083291 
380	 0,296789435343718 
381	 0,308960522496612 
382	 0,297863273539264 
383	 0,289131083412598 
384	 0,305574724321081 
385	 0,313471092268304 
386	 0,305910218265322 
387	 0,277652999374109 
388	 0,272522765776658 
389	 0,301406360186709 
390	 0,303244965328468 
391	 0,291499942524217 
392	 0,287136608991669 
393	 0,294115969268697 
394	 0,306266944015634 
395	 0,303252093762198 
396	 0,29303276526422 
397	 0,282469599529431 
398	 0,288776634588997 
399	 0,299783347991308 
400	 0,295566878591826 
401	 0,289770538882885 
402	 0,286698092082541 
403	 0,287931325934418 
404	 0,284954692055271 
405	 0,274135158454692 
406	 0,283630028090428 
407	 0,301275667799577 
408	 0,298487676059355 
409	 0,292855523874189 
410	 0,290351691935951 
411	 0,292177392214216 
412	 0,2957617667233 
413	 0,298300031180625 
414	 0,295366325423409 
415	 0,289646268443148 
416	 0,289401991628902 
417	 0,290591927276354 
418	 0,29178454514836 
419	 0,29466793934992 
420	 0,297829444570174 
421	 0,299681098291772 
422	 0,298156659726038 
423	 0,294011410407087 
424	 0,290447219794683 
425	 0,290443726073309 
426	 0,295110697587748 
427	 0,298187372892491 
428	 0,298176152011811 
429	 0,294062735515349 
430	 0,291652542576768 
431	 0,291941033410707 
432	 0,289784708091028 
433	 0,289406158799449 
434	 0,294100711614234 
435	 0,295576527437588 
436	 0,293137937261501 
437	 0,288440287263698 
438	 0,287103074414516 
439	 0,290272060763679 
440	 0,288669627155076 
441	 0,28645406380429 
442	 0,289840181633467 
443	 0,292796558998431 
444	 0,293806458563065 
445	 0,292641489672145 
446	 0,293050443759621 
447	 0,296617678406618 
448	 0,295240724476802 
449	 0,291630698518034 
450	 0,292806129567029 
451	 0,294850599929678 
452	 0,295990539175152 
453	 0,293409817625109 
454	 0,292362825959372 
455	 0,297431343283948 
456	 0,300893713541023 
457	 0,301210918384385 
458	 0,298508389530403 
459	 0,296708402482296 
460	 0,297378315615543 
461	 0,297065954380896 
462	 0,296808423718416 
463	 0,298422353131699 
464	 0,297640611704539 
465	 0,294892080245573 
466	 0,29491524984049 
467	 0,29806977613655 
468	 0,30360106246797 
469	 0,302659995212941 
470	 0,298032004647696 
471	 0,29764815800207 
472	 0,297580797750993 
473	 0,297207777077958 
474	 0,298727417448961 
475	 0,300805975672244 
476	 0,301989297160019 
477	 0,302552645761185 
478	 0,302256747509948 
479	 0,300038416859601 
480	 0,299206562836079 
481	 0,300915792153285 
482	 0,300778744931655 
483	 0,299982442515257 
484	 0,300973748499162 
485	 0,3016428955667 
486	 0,301494630014101 
487	 0,300837758239073 
488	 0,300554832323742 
489	 0,301135520695378 
490	 0,30001743803321 
491	 0,298526724952123 
492	 0,300695573669114 
493	 0,302305015514849 
494	 0,302143286933731 
495	 0,30262834544189 
496	 0,302556472538643 
497	 0,30046256417954 
498	 0,300513830047942 
499	 0,302506675587879 
500	 0,302914433540318 
501	 0,302394865868448 
502	 0,301590225190469 
503	 0,302741725065642 
504	 0,304522276252673 
505	 0,304065034133068 
506	 0,304270073581054 
507	 0,305581673511434 
508	 0,306076256853589 
509	 0,306262923066726 
510	 0,306651855554138 
511	 0,306776625065018 
512	 0,306479659201174 
513	 0,305189010767784 
514	 0,305655713546788 
515	 0,308381971470832 
516	 0,308118664837608 
517	 0,30702220965895 
518	 0,308795778226322 
519	 0,310073722115934 
520	 0,310171432794983 
521	 0,310028378329908 
522	 0,309318131317547 
523	 0,308023852261562 
524	 0,308458161218775 
525	 0,30996206118575 
526	 0,310305477848807 
527	 0,310496248075991 
528	 0,310552535626434 
529	 0,308895182508778 
530	 0,307454854501394 
531	 0,30847392801715 
532	 0,309491107625301 
533	 0,309651327301979 
534	 0,308070590024437 
535	 0,307247915277759 
536	 0,308488263222055 
537	 0,309161494400883 
538	 0,309373257150539 
539	 0,310046719919399 
540	 0,310441476405107 
541	 0,310397707772903 
542	 0,310235809588869 
543	 0,310142345787225 
544	 0,310268500077219 
545	 0,310273705131921 
546	 0,310164979118957 
547	 0,310064286582205 
548	 0,310462095700686 
549	 0,311454599113178 
550	 0,311887800139734 
551	 0,311986763719478 
552	 0,312365070746487 
553	 0,311932193951447 
554	 0,310838103947803 
555	 0,31083444924603 
556	 0,311156609969405 
557	 0,311138186087324 
558	 0,311149838757037 
559	 0,311232506885363 
560	 0,311527314172503 
561	 0,31091420467873 
562	 0,309348489909153 
563	 0,309538758062556 
564	 0,310305171850487 
565	 0,309782469610476 
566	 0,309561579190886 
567	 0,309847611175725 
568	 0,309817156347671 
569	 0,310293312720275 
570	 0,311698793613741 
571	 0,312132175534773 
572	 0,312175943542241 
573	 0,313785296412334 
574	 0,315431603555745 
575	 0,316513808013326 
576	 0,316969875518333 
577	 0,317335414963033 
578	 0,31821634964008 
579	 0,319470747488787 
580	 0,320874070825557 
581	 0,321911836316083 
582	 0,322576387818317 
583	 0,322968498969796 
584	 0,323921193666149 
585	 0,325162781841452 
586	 0,326044650088456 
587	 0,326563114767544 
588	 0,326965955718249 
589	 0,328444757711127 
590	 0,329798816544585 
591	 0,329911278602792 
592	 0,329900772277208 
593	 0,330164202981518 
594	 0,331234595609592 
595	 0,331677304017926 
596	 0,331103649465332 
597	 0,331958804619445 
598	 0,33315713112127 
599	 0,332728580612178 
600	 0,331777043869526 
601	 0,331023601909756 
602	 0,332060516700948 
603	 0,332721569189607 
604	 0,331378949201369 
605	 0,330149916830071 
606	 0,329556909406299 
607	 0,330050061388503 
608	 0,329949600945023 
609	 0,328778105244161 
610	 0,328017221384006 
611	 0,327730267811629 
612	 0,327822109282545 
613	 0,327538528883997 
614	 0,326825558404929 
615	 0,326194764177272 
616	 0,325788841048483 
617	 0,325697623652851 
618	 0,325814468951746 
619	 0,325803733955056 
620	 0,324979839366247 
621	 0,324849009296331 
622	 0,32558220142502 
623	 0,325349025614738 
624	 0,324846807807915 
625	 0,324906750567813 
626	 0,325586476355468 
627	 0,326479927412456 
628	 0,326373370262752 
629	 0,326280782185727 
630	 0,326639939507674 
631	 0,326502361568121 
632	 0,326379721346297 
633	 0,327267746066619 
634	 0,327981325756046 
635	 0,328309174211948 
636	 0,328915559773098 
637	 0,329700865549684 
638	 0,330538523135291 
639	 0,33106842680448 
640	 0,331422255179772 
641	 0,332074096639488 
642	 0,332983495491466 
643	 0,333996611086141 
644	 0,334281778683781 
645	 0,334372914598574 
646	 0,33506267613366 
647	 0,335093456348919 
648	 0,334324967763303 
649	 0,333405483169609 
650	 0,332531509731872 
651	 0,331831404601781 
652	 0,330967693094993 
653	 0,33019640784117 
654	 0,330185428636653 
655	 0,330010786615726 
656	 0,329176688320271 
657	 0,327070332722348 
658	 0,32487747151548 
659	 0,323824819284607 
660	 0,322575387907916 
661	 0,321069014144606 
662	 0,319974827348143 
663	 0,31892703916887 
664	 0,317792372606283 
665	 0,316990509169923 
666	 0,316293078802381 
667	 0,315267848814673 
668	 0,314449646325266 
669	 0,314064660710157 
670	 0,314376004398276 
671	 0,314575805891394 
672	 0,314091216217312 
673	 0,314400134073909 
674	 0,314966750936009 
675	 0,313762078025302 
676	 0,313199041756769 
677	 0,313920684642045 
678	 0,314039092746808 
679	 0,313953888423691 
680	 0,314313222005316 
681	 0,314280155149492 
682	 0,314032427253833 
683	 0,314645097571702 
684	 0,315757367070627 
685	 0,317053678094457 
686	 0,317717348249241 
687	 0,318463097467511 
688	 0,320755613432847 
689	 0,323046518276317 
690	 0,32517611688348 
691	 0,32843020158058 
692	 0,332569675673744 
693	 0,337331811987177 
694	 0,342560518047251 
695	 0,348271743424766 
696	 0,354643201154279 
697	 0,361465106189457 
698	 0,368630443533096 
699	 0,376086499534654 
700	 0,384048058095181 
701	 0,392784092958294 
702	 0,400858994790677 
703	 0,408185095453484 
704	 0,415912179215499 
705	 0,423627142546323 
706	 0,43096155903747 
707	 0,437373692507808 
708	 0,443205333330885 
709	 0,44919165574066 
710	 0,454952051353484 
711	 0,460359749499266 
712	 0,465310924199695 
713	 0,469927602012235 
714	 0,474293902213822 
715	 0,477800024681471 
716	 0,480867462625688 
717	 0,484915553276233 
718	 0,488419616418861 
719	 0,490829026227127 
720	 0,492906079146439 
721	 0,495070517610909 
722	 0,497750365157108 
723	 0,499959733570965 
724	 0,501615847383264 
725	 0,503306727206764 
726	 0,504966757844786 
727	 0,506498485027423 
728	 0,507347314064059 
729	 0,507942713044425 
730	 0,509183088948292 
731	 0,510222808894735 
732	 0,510896484594099 
733	 0,511645315262056 
734	 0,512401899215171 
735	 0,513086679380581 
736	 0,513575959744314 
737	 0,513987417083607 
738	 0,514693912972513 
739	 0,515246548744123 
740	 0,515508650185974 
741	 0,515763343779813 
742	 0,516044103760004 
743	 0,516362279716483 
744	 0,516794430349263 
745	 0,517247966078589 
746	 0,517390256611834 
747	 0,517555892349679 
748	 0,517876215432999 
749	 0,517867613074735 
750	 0,517858104916843 
751	 0,518431749554153 
752	 0,518901715289136 
753	 0,51904572764524 
754	 0,518798977866796 
755	 0,51870902214754 
756	 0,519118482942681 
757	 0,519194594293977 
758	 0,519075956286582 
759	 0,519296988584972 
760	 0,519695396538319 
761	 0,52010270025863 
762	 0,520001358191111 
763	 0,519783272894576 
764	 0,519829049009034 
765	 0,519728184080829 
766	 0,519557814668566 
767	 0,519702357368982 
768	 0,519843684979698 
769	 0,519916867382282 
770	 0,520330716945411 
771	 0,520755867983013 
772	 0,520777444570482 
773	 0,520731653690785 
774	 0,520672092208333 
775	 0,5204893235431 
776	 0,520400599596213 
777	 0,520490760539078 
778	 0,520497600385886 
779	 0,520375373794792 
780	 0,520107902789688 
781	 0,519767417392646 
782	 0,519578325591073 
783	 0,520259906320845 
784	 0,520708094247583 
785	 0,520278418333682 
786	 0,520172963616844 
787	 0,520363410946615 
788	 0,520494346910874 
789	 0,520478834115914 
790	 0,520390361196279 
791	 0,520777307480043 
792	 0,520893369420641 
793	 0,520219528636599 
794	 0,519930078337381 
795	 0,520091216864281 
796	 0,520430559337195 
797	 0,520506552518248 
798	 0,520289165893014 
799	 0,52060266273693 
800	 0,520765034951375 
801	 0,520171733808864 
802	 0,520047094303959 
803	 0,520367691832038 
804	 0,5204745012918 
805	 0,520510952830475 
806	 0,520537996044977 
807	 0,520790289215994 
808	 0,520841147646066 
809	 0,520270266868568 
810	 0,520174515352077 
811	 0,520590117013968 
812	 0,520960955797676 
813	 0,521187068861042 
814	 0,521228603029225 
815	 0,521384293431982 
816	 0,521356115189313 
817	 0,520789789257158 
818	 0,520583450755901 
819	 0,520893764408316 
820	 0,521595183408769 
821	 0,521878500661523 
822	 0,521443425578778 
823	 0,521272931830976 
824	 0,521350466392773 
825	 0,521515318747291 
826	 0,521863317980019 
827	 0,52219071409368 
828	 0,521798811713034 
829	 0,521701883853168 
830	 0,522191540139467 
831	 0,521342650797627 
832	 0,520224171899776 
833	 0,52053281246665 
834	 0,521244793196166 
835	 0,521906031360586 
836	 0,521992326753296 
837	 0,52177311137402 
838	 0,521429926557098 
839	 0,521072741016339 
840	 0,520861061631774 
841	 0,520974797402168 
842	 0,520971667829507 
843	 0,52083962761817 
844	 0,52096116309242 
845	 0,52106429315192 
846	 0,521039787918795 
847	 0,521235951558018 
848	 0,521528361960819 
849	 0,521694973605692 
850	 0,521573724831713 
851	 0,521299573975975 
852	 0,521448894082443 
853	 0,521629250372115 
854	 0,521644669358118 
855	 0,521774438180945 
856	 0,521758748035166 
857	 0,52122200456566 
858	 0,520937141158359 
859	 0,520989279642659 
860	 0,520957483668126 
861	 0,520960764088426 
862	 0,521074086630394 
863	 0,521476614744154 
864	 0,521727681199957 
865	 0,521261146787934 
866	 0,520721076125659 
867	 0,52047844267404 
868	 0,521159942810965 
869	 0,521613799530565 
870	 0,521314198767456 
871	 0,520839381164547 
872	 0,520541788411396 
873	 0,520760558789838 
874	 0,521099768460364 
875	 0,521421777745407 
876	 0,521696079774501 
877	 0,521669377101062 
878	 0,521311498423042 
879	 0,521045782294107 
880	 0,521182140689305 
881	 0,521930217549043 
882	 0,52177905941286 
883	 0,520884820166625 
884	 0,520263486333161 
885	 0,521131312803684 
886	 0,52320710380281 
887	 0,522416118425048 
888	 0,521202889787329 
889	 0,521962022088919 
890	 0,522178687506207 
891	 0,521777535593812 
892	 0,521537052095108 
893	 0,521444525097874 
894	 0,521580417597039 
895	 0,522148393617893 
896	 0,522649781195616 
897	 0,522673230544846 
898	 0,522334162597273 
899	 0,521814183711946 
900	 0,521363360521977 
901	 0,521362183499674 
902	 0,52176367269095 
903	 0,521941810306834 
904	 0,521970847172754 
905	 0,521877501493013 
906	 0,521489813322551 
907	 0,521220577725094 
908	 0,521651042327604 
909	 0,522050008989256 
910	 0,522203894153176 
911	 0,522151112510762 
912	 0,52171460183653 
913	 0,521037619086255 
914	 0,521358211139442 
915	 0,521976771273409 
916	 0,521996353455518 
917	 0,521711924632694 
918	 0,521296492212458 
919	 0,520913035747706 
920	 0,521521766678617 
921	 0,522826402504938 
922	 0,521724259552851 
923	 0,520409452821736 
924	 0,520734585801857 
925	 0,520957093563333 
926	 0,520795338562615 
927	 0,520215895049604 
928	 0,520103833086743 
929	 0,520506387498424 
930	 0,520568156682954 
931	 0,520389592482837 
932	 0,520115511432917 
933	 0,520500706159784 
934	 0,520433971755651 
935	 0,51849926961923 
936	 0,517618151239633 
937	 0,518119403965894 
938	 0,519088030901987 
939	 0,518999740507601 
940	 0,51765023218324 
941	 0,517669390139864 
942	 0,518007732848162 
943	 0,517585174585953 
944	 0,516547198933546 
945	 0,515487995621075 
946	 0,515468271108515 
947	 0,514952216984817 
948	 0,513830064793874 
949	 0,513409223666195 
950	 0,513089979999949 
951	 0,512563261715863 
952	 0,512341931216291 
953	 0,511607270930153 
954	 0,509492975902744 
955	 0,51006305651112 
956	 0,512127180292172 
957	 0,510311319553478 
958	 0,508932341665644 
959	 0,509117084348514 
960	 0,508983799768185 
961	 0,508359851536954 
962	 0,507343867144529 
963	 0,507621082905457 
964	 0,508302182054121 
965	 0,507696260920794 
966	 0,506792535544257 
967	 0,506067835389926 
968	 0,506224782556692 
969	 0,506160124412819 
970	 0,5056256223519 
971	 0,506165418230375 
972	 0,506399706835712 
973	 0,505259424450417 
974	 0,506195499120337 
975	 0,507835458988363 
976	 0,50669991728628 
977	 0,506893154244068 
978	 0,508711499755846 
979	 0,5091698235433 
980	 0,509402435108421 
981	 0,509734025715353 
982	 0,508711484196686 
983	 0,507986774922205 
984	 0,509071789188487 
985	 0,5080244294778 
986	 0,50586433152947 
987	 0,505923386387038 
988	 0,506235539956494 
989	 0,50649374628206 
990	 0,507675571683708 
991	 0,508266608376799 
992	 0,507838663433507 
993	 0,50918359483786 
994	 0,51000505285488 
995	 0,508032092726903 
996	 0,507517765791413 
997	 0,509457335709301 
998	 0,514298242207121 
999	 0,514692051817973 
1000	 0,510690370191841 
1001	 0,510685707082601 
1002	 0,511457307524017 
1003	 0,511784825975294 
1004	 0,51415162444374 
1005	 0,515771583690956 
1006	 0,514127689400721 
1007	 0,513422866868928 
1008	 0,513800607759751 
1009	 0,514155137362225 
1010	 0,514569027490281 
1011	 0,5149629084648 
1012	 0,515167140474539 
1013	 0,515454382314658 
1014	 0,51619620986816 
1015	 0,518547725047899 
1016	 0,520719648057268 
1017	 0,521259533274387 
1018	 0,521928071345525 
1019	 0,520826450575407 
1020	 0,515103821239927 
1021	 0,512731336843761 
1022	 0,515037031633835 
1023	 0,520161637265958 
1024	 0,524307422484589 
1025	 0,525813265670597 
1026	 0,525767093609394 
1027	 0,526518036712462 
1028	 0,528658330348086 
1029	 0,524939419223142 
1030	 0,519921329109021 
1031	 0,51978487452132 
1032	 0,522431671834275 
1033	 0,52567239357471 
1034	 0,526018880766117 
1035	 0,523458224595867 
1036	 0,519976742031536 
1037	 0,522535677050336 
1038	 0,523623562770299 
1039	 0,521546562953086 
1040	 0,526295340091682 
1041	 0,532988616012981 
1042	 0,535914306791886 
1043	 0,526941819411197 
1044	 0,514081745793552 
1045	 0,510288109089414 
1046	 0,515062123353917 
1047	 0,52400655501578 
1048	 0,526944768960868 
1049	 0,52890396039973 
1050	 0,530710543618152 
1051	 0,530606744965274 
1052	 0,529915565847387 
1053	 0,529626018189895 
1054	 0,530448440216903 
1055	 0,532151922103829 
1056	 0,533552998665719 
1057	 0,526702302125496 
1058	 0,520919827888842 
1059	 0,529936636839986 
1060	 0,523647567446988 
1061	 0,511404500681546 
1062	 0,529982590206905 
1063	 0,536264580849161 
1064	 0,523311153840224 
1065	 0,514158208836875 
1066	 0,512675943285076 
1067	 0,520302378466498 
1068	 0,532809695030581 
1069	 0,535067430120371 
1070	 0,520247356464609 
1071	 0,527113587632687 
1072	 0,539283419983674 
1073	 0,531399904522034 
1074	 0,512218926445237 
1075	 0,501541336650108 
