Wavelength	GRA-BER00004.asd
325	 0,494212251263098 
326	 0,516035540071758 
327	 0,419986041889897 
328	 0,268971128312334 
329	 0,350156459939184 
330	 0,436013989920999 
331	 0,332293352657592 
332	 0,313989524656587 
333	 0,363128905932042 
334	 0,377336197224229 
335	 0,366642380543043 
336	 0,341226084552918 
337	 0,36558157007233 
338	 0,350793840201977 
339	 0,228914075926399 
340	 0,265376716197999 
341	 0,381768988367285 
342	 0,317650933315176 
343	 0,246875428741926 
344	 0,235127550132763 
345	 0,239830550519128 
346	 0,25767583376123 
347	 0,284171894750719 
348	 0,268841458597631 
349	 0,229440661225763 
350	 0,238706745379594 
351	 0,246945528114171 
352	 0,24107683048512 
353	 0,270335608757017 
354	 0,299690696789031 
355	 0,279479852225536 
356	 0,284717403694319 
357	 0,307819077940939 
358	 0,281110828472888 
359	 0,265547053685247 
360	 0,284821569790722 
361	 0,291478491442647 
362	 0,293421702857475 
363	 0,308224796385608 
364	 0,314577616637113 
365	 0,307282559084217 
366	 0,284360067415589 
367	 0,277780325398306 
368	 0,303058566596803 
369	 0,303869476761412 
370	 0,289206075010875 
371	 0,285079605120794 
372	 0,28932255855308 
373	 0,301492970749768 
374	 0,322636893774391 
375	 0,333728847305988 
376	 0,321185540607551 
377	 0,300627548711661 
378	 0,28792442902617 
379	 0,306584174057569 
380	 0,31241255570391 
381	 0,297511767445436 
382	 0,303957734884849 
383	 0,318016099782018 
384	 0,32454836158734 
385	 0,314448612384399 
386	 0,298372511587473 
387	 0,30958954428246 
388	 0,322856888279093 
389	 0,327358052878314 
390	 0,31636510888923 
391	 0,307568976704971 
392	 0,321635559995306 
393	 0,337675966302335 
394	 0,345596816678257 
395	 0,330772683950061 
396	 0,315220009592855 
397	 0,312011898137229 
398	 0,314735383258382 
399	 0,317234887252405 
400	 0,311286874959264 
401	 0,316443546159889 
402	 0,330432561719048 
403	 0,32857218581931 
404	 0,323340617720778 
405	 0,323348624079491 
406	 0,321423059057876 
407	 0,319825184972665 
408	 0,325077338167793 
409	 0,327806445713943 
410	 0,325689570395276 
411	 0,323351931515197 
412	 0,319616359436748 
413	 0,313841786628183 
414	 0,318862276853722 
415	 0,328352927774391 
416	 0,321306057308163 
417	 0,31511512249924 
418	 0,31639816603102 
419	 0,318097306420119 
420	 0,318105148540611 
421	 0,314652223579413 
422	 0,314661993497429 
423	 0,318283478122543 
424	 0,320396692307262 
425	 0,322651461516916 
426	 0,325167332761429 
427	 0,32002632148428 
428	 0,313479823062772 
429	 0,318309144929471 
430	 0,323547554081378 
431	 0,325474470709788 
432	 0,323351844279832 
433	 0,321202528082581 
434	 0,322372988290819 
435	 0,321454126043917 
436	 0,319333004497582 
437	 0,320772110187963 
438	 0,322343779417564 
439	 0,322705770577866 
440	 0,322363947618242 
441	 0,322786935631138 
442	 0,325741381812123 
443	 0,325710004594221 
444	 0,322660100636998 
445	 0,320486586330606 
446	 0,322109475437409 
447	 0,328084764936296 
448	 0,32592053746335 
449	 0,32051338796539 
450	 0,324189594257926 
451	 0,32630054818221 
452	 0,324994347007677 
453	 0,327372312649786 
454	 0,329318981570411 
455	 0,327085337541352 
456	 0,32821662877364 
457	 0,331222851486497 
458	 0,328199662421136 
459	 0,325898408286036 
460	 0,326934212913685 
461	 0,32848755661818 
462	 0,329404303167422 
463	 0,328586453014606 
464	 0,327578065486702 
465	 0,327077985752276 
466	 0,328000749866385 
467	 0,328377000523331 
468	 0,32724176335995 
469	 0,328768800235794 
470	 0,331258686024459 
471	 0,330252412895941 
472	 0,328893420799848 
473	 0,328221784064231 
474	 0,327789833166921 
475	 0,328765263294517 
476	 0,332040198246191 
477	 0,332877651647704 
478	 0,33099150780895 
479	 0,328051534836003 
480	 0,326799309005475 
481	 0,328205628354797 
482	 0,328374424678162 
483	 0,327706104725293 
484	 0,327425584673124 
485	 0,327851455524457 
486	 0,328635213746954 
487	 0,328004691638686 
488	 0,327289472020746 
489	 0,327514671256573 
490	 0,327968389087572 
491	 0,328679353586322 
492	 0,3301827036167 
493	 0,330752664509066 
494	 0,330012392134345 
495	 0,329733013050075 
496	 0,329482203398983 
497	 0,328632375488054 
498	 0,327769895795726 
499	 0,327357314781376 
500	 0,328593904220234 
501	 0,328448912604333 
502	 0,326097219398703 
503	 0,329914222632369 
504	 0,335142038448788 
505	 0,331674312756012 
506	 0,329374797846291 
507	 0,330713012837392 
508	 0,332705249644135 
509	 0,333741791860727 
510	 0,332588161803952 
511	 0,331233449894316 
512	 0,330361228367963 
513	 0,330511528142108 
514	 0,331049261871495 
515	 0,331545154042604 
516	 0,331305314673135 
517	 0,331130058439928 
518	 0,332233765992291 
519	 0,332645994390826 
520	 0,332371328671533 
521	 0,333535698019785 
522	 0,334199163459584 
523	 0,333104679673741 
524	 0,332830669058736 
525	 0,333180543747111 
526	 0,332730438757838 
527	 0,332299626451483 
528	 0,332244582291466 
529	 0,333035155821876 
530	 0,333583201420321 
531	 0,332665386335471 
532	 0,332173094488277 
533	 0,332400645084206 
534	 0,332824366092008 
535	 0,333026903156186 
536	 0,332760637227933 
537	 0,332288679708586 
538	 0,331999286961158 
539	 0,332552175554581 
540	 0,332801530136149 
541	 0,332486411630228 
542	 0,332099987886002 
543	 0,332399187563948 
544	 0,333990970683038 
545	 0,334618042625823 
546	 0,334432683645732 
547	 0,335435810402049 
548	 0,335635660855281 
549	 0,334387499945551 
550	 0,334315830385322 
551	 0,334953103565157 
552	 0,335091122441575 
553	 0,335227400213706 
554	 0,335362089982579 
555	 0,334975736978418 
556	 0,334956249983154 
557	 0,335933530073066 
558	 0,336086419916056 
559	 0,335604490584201 
560	 0,335846255041168 
561	 0,335904634624834 
562	 0,33560027384299 
563	 0,336033892075489 
564	 0,336550299930466 
565	 0,336169705263163 
566	 0,336445200999398 
567	 0,337438706895643 
568	 0,337820194675791 
569	 0,338491583960124 
570	 0,339928545850038 
571	 0,34017613786334 
572	 0,340055042018032 
573	 0,342035831646284 
574	 0,343927499457874 
575	 0,34496808126098 
576	 0,345580418874389 
577	 0,34620691788947 
578	 0,347306953270059 
579	 0,3484849435265 
580	 0,349435371120005 
581	 0,349520355283737 
582	 0,349650946794033 
583	 0,35036785592037 
584	 0,351336185128288 
585	 0,352395504179833 
586	 0,353490054376807 
587	 0,353080523337196 
588	 0,351387270787855 
589	 0,351510194734016 
590	 0,352228388510104 
591	 0,352298487586672 
592	 0,352532837016661 
593	 0,353021777980839 
594	 0,353775457614079 
595	 0,353945446499285 
596	 0,353263547461359 
597	 0,352925780427211 
598	 0,352981563356543 
599	 0,353292535641327 
600	 0,353465528308674 
601	 0,353333176807328 
602	 0,352748044251061 
603	 0,35249982084215 
604	 0,353083368888709 
605	 0,352595519828197 
606	 0,351377750083 
607	 0,351108916425662 
608	 0,350663246596631 
609	 0,349772825948302 
610	 0,349265332213156 
611	 0,348949894397568 
612	 0,348507545781699 
613	 0,34807844695857 
614	 0,347749810936415 
615	 0,347736601016271 
616	 0,347642423711396 
617	 0,347244902127196 
618	 0,347015571298647 
619	 0,346940930089325 
620	 0,346817848165186 
621	 0,347000207136484 
622	 0,347483503784147 
623	 0,34766760608937 
624	 0,347831495718599 
625	 0,348286835541534 
626	 0,34869888396714 
627	 0,34894131657331 
628	 0,348821493213756 
629	 0,348929243630223 
630	 0,349522061027574 
631	 0,349959201141987 
632	 0,350326355029386 
633	 0,350896985445371 
634	 0,3514643186832 
635	 0,35187518092693 
636	 0,351732832420222 
637	 0,351738331977882 
638	 0,352511574811113 
639	 0,354053478139913 
640	 0,355677844114827 
641	 0,355821289899334 
642	 0,355349739797009 
643	 0,354880297407939 
644	 0,35585209870209 
645	 0,356977548808758 
646	 0,356422152827865 
647	 0,356306678488458 
648	 0,356754183519983 
649	 0,356287606646529 
650	 0,355641716399085 
651	 0,355238049119127 
652	 0,354090415285822 
653	 0,352696240752716 
654	 0,352311997800753 
655	 0,352038504360834 
656	 0,351541760116861 
657	 0,350798797444834 
658	 0,349848624407399 
659	 0,348749623065159 
660	 0,347637577799412 
661	 0,346538799762329 
662	 0,345388386410112 
663	 0,344258656673144 
664	 0,343273163341516 
665	 0,342886269883054 
666	 0,342890796427832 
667	 0,342926346291914 
668	 0,342403054940419 
669	 0,341437079680498 
670	 0,341231141019286 
671	 0,341321937271677 
672	 0,34128350202166 
673	 0,340950834953252 
674	 0,340477819351721 
675	 0,340317118054613 
676	 0,340168691425102 
677	 0,340030332751449 
678	 0,340493290951884 
679	 0,340981154919177 
680	 0,340776425816513 
681	 0,340790598783517 
682	 0,341146046334994 
683	 0,341477395827869 
684	 0,341913844884699 
685	 0,342510900610128 
686	 0,343022609296714 
687	 0,343785832040075 
688	 0,345413816865126 
689	 0,347458373421118 
690	 0,349771931456141 
691	 0,352329800970416 
692	 0,355303543312412 
693	 0,358819827962122 
694	 0,36236591606 
695	 0,366074663722194 
696	 0,370463531141147 
697	 0,375606916630805 
698	 0,38140910101852 
699	 0,386934032595873 
700	 0,392838942055412 
701	 0,40008002319497 
702	 0,407082710934586 
703	 0,413678362080555 
704	 0,420899243077253 
705	 0,428042530596262 
706	 0,43467759200558 
707	 0,441374181095858 
708	 0,448258211552865 
709	 0,455483602410646 
710	 0,461917347421322 
711	 0,467472394576208 
712	 0,473682332338947 
713	 0,479586781342747 
714	 0,484339107038367 
715	 0,48967677960257 
716	 0,495466256443788 
717	 0,500607390740519 
718	 0,50500422911408 
719	 0,508689310085101 
720	 0,512437088974597 
721	 0,516124608069079 
722	 0,519487693685289 
723	 0,523187503010531 
724	 0,526900302899564 
725	 0,529045161170294 
726	 0,530969247011749 
727	 0,533479596439576 
728	 0,535846916388931 
729	 0,537838442361237 
730	 0,539176716416224 
731	 0,540680064246252 
732	 0,542484927039149 
733	 0,543924980698038 
734	 0,545129052922103 
735	 0,546251422263823 
736	 0,547545463508155 
737	 0,548812742579706 
738	 0,549404001107743 
739	 0,550036020244754 
740	 0,550959585825306 
741	 0,551929984629168 
742	 0,552607163732233 
743	 0,55264996799043 
744	 0,553116359207519 
745	 0,554056529358671 
746	 0,554807844884235 
747	 0,555520343150662 
748	 0,556202466200381 
749	 0,556470629978334 
750	 0,55657166849633 
751	 0,556939840981098 
752	 0,557365390823977 
753	 0,557792298143821 
754	 0,558230959027582 
755	 0,558572345290427 
756	 0,558747975851342 
757	 0,558858478660984 
758	 0,559106846694523 
759	 0,559917464328293 
760	 0,560273783164321 
761	 0,559983139874198 
762	 0,559876421424767 
763	 0,560024624816666 
764	 0,560421368050701 
765	 0,560563053430111 
766	 0,560410562767343 
767	 0,56012650246009 
768	 0,559907121924204 
769	 0,559906778875805 
770	 0,560322961751568 
771	 0,560915980398227 
772	 0,561377172817399 
773	 0,56129369431648 
774	 0,560802678894246 
775	 0,560555523078408 
776	 0,560709059389277 
777	 0,561255973138891 
778	 0,56138956864141 
779	 0,561367917983762 
780	 0,561717878174798 
781	 0,561829856462053 
782	 0,561675198981245 
783	 0,561724328850955 
784	 0,561867835735042 
785	 0,562009523897916 
786	 0,561927234725947 
787	 0,561897880923392 
788	 0,562509169982334 
789	 0,562574061041034 
790	 0,561990486902402 
791	 0,561917367104706 
792	 0,562111356032757 
793	 0,56233930274792 
794	 0,562609966786102 
795	 0,562675610109137 
796	 0,562003025744265 
797	 0,561540086852719 
798	 0,561606938713586 
799	 0,561977874818744 
800	 0,562157205545719 
801	 0,561748320968534 
802	 0,561799899822966 
803	 0,562129929408589 
804	 0,561676835189645 
805	 0,561603265673623 
806	 0,562205655389848 
807	 0,562617678071628 
808	 0,562811188798937 
809	 0,562827734909545 
810	 0,562710552629091 
811	 0,562585111027831 
812	 0,562670791450992 
813	 0,563084379348918 
814	 0,563739429119786 
815	 0,563812855289459 
816	 0,563742472180333 
817	 0,56412112247256 
818	 0,564259781104567 
819	 0,564171240468913 
820	 0,564317499230686 
821	 0,564679297706836 
822	 0,565156197154471 
823	 0,565160775888507 
824	 0,564907780258299 
825	 0,564758693556561 
826	 0,564998342691814 
827	 0,565415388857473 
828	 0,565088690355481 
829	 0,564757502222602 
830	 0,564784851005016 
831	 0,564806536624895 
832	 0,564788479869711 
833	 0,564734351969789 
834	 0,564630003389661 
835	 0,564605641801962 
836	 0,56515607296217 
837	 0,565329527176588 
838	 0,564736282631065 
839	 0,564619007880512 
840	 0,564757911759174 
841	 0,564645984563827 
842	 0,564305478033221 
843	 0,563920457937894 
844	 0,5640513587229 
845	 0,564423844609378 
846	 0,564839358503655 
847	 0,565154033046299 
848	 0,565187705729975 
849	 0,564739432067683 
850	 0,564481735679209 
851	 0,56452701144964 
852	 0,564534478150995 
853	 0,564808749327509 
854	 0,565365910300844 
855	 0,565189173867983 
856	 0,564816802820461 
857	 0,56512402829753 
858	 0,565348463897751 
859	 0,565321711626837 
860	 0,565102251316676 
861	 0,564973501785383 
862	 0,565126048172564 
863	 0,565698358926492 
864	 0,566152532417649 
865	 0,565804248211678 
866	 0,565857557867598 
867	 0,56636069570308 
868	 0,566572070238612 
869	 0,566544856226514 
870	 0,56636543145683 
871	 0,566562697170252 
872	 0,566632139625871 
873	 0,56594126868303 
874	 0,565326229006999 
875	 0,56511681956985 
876	 0,565672114421279 
877	 0,566161864493979 
878	 0,56619110378098 
879	 0,565918310562793 
880	 0,565595732670049 
881	 0,565485451824979 
882	 0,565616910131258 
883	 0,565743977056507 
884	 0,565218726092786 
885	 0,564508380996857 
886	 0,564092330158163 
887	 0,565449698859803 
888	 0,566545430587298 
889	 0,565520660972552 
890	 0,564702617274169 
891	 0,564565315425933 
892	 0,565210377239969 
893	 0,565391683641839 
894	 0,564914019788336 
895	 0,565041567139476 
896	 0,565339293941345 
897	 0,565420424649489 
898	 0,565303876230257 
899	 0,565097428040793 
900	 0,564978456442749 
901	 0,565222702465133 
902	 0,565557084024134 
903	 0,564579205404996 
904	 0,564062408592942 
905	 0,564923798825791 
906	 0,565082878374247 
907	 0,564805762779957 
908	 0,564842414813648 
909	 0,564116792331583 
910	 0,563097227279365 
911	 0,564066143184418 
912	 0,56466627377389 
913	 0,563963630008396 
914	 0,563716385659797 
915	 0,563572080936598 
916	 0,563022054605569 
917	 0,563088860238828 
918	 0,563364320616298 
919	 0,562118520702376 
920	 0,562292248688969 
921	 0,564023513975491 
922	 0,562788607449732 
923	 0,561092891871536 
924	 0,561091600493881 
925	 0,560969471278709 
926	 0,560601503199359 
927	 0,560221551353641 
928	 0,560448006389015 
929	 0,560882280517304 
930	 0,559443325136346 
931	 0,557788868688684 
932	 0,556967821640054 
933	 0,556790712698584 
934	 0,556670049247467 
935	 0,555903757192147 
936	 0,555815106432759 
937	 0,556230308020366 
938	 0,555867489525925 
939	 0,555264450896426 
940	 0,554657811646348 
941	 0,554308804230485 
942	 0,55369904973697 
943	 0,552416989840174 
944	 0,551261152534105 
945	 0,550293178482413 
946	 0,549345528481633 
947	 0,548707986489062 
948	 0,548074659799025 
949	 0,546034128537845 
950	 0,544325160734264 
951	 0,5437710304486 
952	 0,542714047009797 
953	 0,541349694233585 
954	 0,540173142196937 
955	 0,54085788896364 
956	 0,541612578665185 
957	 0,536621032471115 
958	 0,534377915540162 
959	 0,536298891728103 
960	 0,533892888187595 
961	 0,532149318396583 
962	 0,534386661640525 
963	 0,533176802751565 
964	 0,530703164718982 
965	 0,531779531813927 
966	 0,531440631497506 
967	 0,529694153687621 
968	 0,53045738376721 
969	 0,53090407111064 
970	 0,530136111829735 
971	 0,530389480055534 
972	 0,529833034736737 
973	 0,527114700906193 
974	 0,527258090925547 
975	 0,528999237445502 
976	 0,528523798321053 
977	 0,529081960275685 
978	 0,530476149703479 
979	 0,529029527928636 
980	 0,528124630528188 
981	 0,528986460053822 
982	 0,5280497944378 
983	 0,527051537239763 
984	 0,527864012828296 
985	 0,527871542336817 
986	 0,527131318916145 
987	 0,526558647676052 
988	 0,528268067860347 
989	 0,531142419285572 
990	 0,52863611230396 
991	 0,527382524948706 
992	 0,530123457843955 
993	 0,530619075032275 
994	 0,530522802998931 
995	 0,531815153845877 
996	 0,530489546411877 
997	 0,528202201240634 
998	 0,529386213137729 
999	 0,531625823887716 
1000	 0,534083134141169 
1001	 0,536805195070064 
1002	 0,537673083940465 
1003	 0,535966822029321 
1004	 0,534519877776588 
1005	 0,533706408102674 
1006	 0,533769565630111 
1007	 0,536182715703153 
1008	 0,538611955175463 
1009	 0,536580184301042 
1010	 0,536939449862135 
1011	 0,540344285833487 
1012	 0,54297743535462 
1013	 0,542209418792062 
1014	 0,538417339512761 
1015	 0,540281741750943 
1016	 0,543698336638637 
1017	 0,544598285805408 
1018	 0,542770221592144 
1019	 0,540559361507974 
1020	 0,541368393735625 
1021	 0,542649037592561 
1022	 0,543722805552459 
1023	 0,544313820244708 
1024	 0,546924309706057 
1025	 0,550409358220284 
1026	 0,545508884421018 
1027	 0,543223204306683 
1028	 0,549005128308245 
1029	 0,545408580516625 
1030	 0,54123091612452 
1031	 0,54782304787127 
1032	 0,550847986153972 
1033	 0,550054127431601 
1034	 0,550831953024228 
1035	 0,551869751581024 
1036	 0,553141137884754 
1037	 0,555579833640504 
1038	 0,556333200506986 
1039	 0,554579796836101 
1040	 0,55397229396656 
1041	 0,551902228854846 
1042	 0,547106137315011 
1043	 0,54833542593842 
1044	 0,551871577982986 
1045	 0,551304279800715 
1046	 0,558215106156069 
1047	 0,567278736436702 
1048	 0,56127205078858 
1049	 0,553265107157198 
1050	 0,549398049252611 
1051	 0,555154340183833 
1052	 0,560256892505302 
1053	 0,559762983052292 
1054	 0,560653291860115 
1055	 0,557871458554309 
1056	 0,549214418025463 
1057	 0,558446764966757 
1058	 0,570256333544794 
1059	 0,56027920627403 
1060	 0,552506294116431 
1061	 0,553439080982975 
1062	 0,565976170820803 
1063	 0,565914107948494 
1064	 0,554375583385477 
1065	 0,567639760395107 
1066	 0,567285520905572 
1067	 0,545490834970153 
1068	 0,56006879399493 
1069	 0,577752256835399 
1070	 0,573389372403711 
1071	 0,567111924929301 
1072	 0,563004502702647 
1073	 0,562607900079777 
1074	 0,558572794031686 
1075	 0,552090468934861 
