Wavelength	GRA-VIE00975.asd
325	 0,166503254462334 
326	 0,125045035058061 
327	 0,189107301684807 
328	 0,256718159686384 
329	 0,2347481242221 
330	 0,15518376822884 
331	 9,44029627613398E-02 
332	 0,124658853243438 
333	 0,218911448975125 
334	 0,212768604448021 
335	 0,201039378262821 
336	 0,217190372092754 
337	 0,255664348975905 
338	 0,252641602353909 
339	 0,167905689497624 
340	 0,114480871515352 
341	 0,104828974752734 
342	 0,136019743664192 
343	 0,151732701373195 
344	 0,13970315682059 
345	 0,123261524008796 
346	 0,101084403997529 
347	 7,60994570878346E-02 
348	 8,78583547576134E-02 
349	 0,115415419923864 
350	 8,56596124949068E-02 
351	 6,43016467023692E-02 
352	 6,76770647329589E-02 
353	 0,078319719147045 
354	 0,084943287815726 
355	 7,85666586152513E-02 
356	 8,85100367581843E-02 
357	 0,100307663806165 
358	 5,06990932864831E-02 
359	 2,37161726309323E-02 
360	 5,28725087582118E-02 
361	 7,36022396960754E-02 
362	 8,05157889858442E-02 
363	 8,03288028897481E-02 
364	 6,26096719830432E-02 
365	 3,89925981852746E-02 
366	 5,49173372098177E-02 
367	 0,083510199408293 
368	 0,101442996565855 
369	 7,61185588970246E-02 
370	 3,99790483246692E-02 
371	 5,25811437552105E-02 
372	 0,063912766022881 
373	 6,17702803876999E-02 
374	 6,10784775211846E-02 
375	 5,21658334726751E-02 
376	 2,89015189581309E-02 
377	 1,42337251230264E-02 
378	 1,72090116912782E-02 
379	 4,60501376372113E-02 
380	 7,20914368036991E-02 
381	 8,17513130953441E-02 
382	 5,50727046508211E-02 
383	 2,92574645100891E-02 
384	 4,14157138705269E-02 
385	 0,052964958668609 
386	 5,35472065402332E-02 
387	 3,61523905901271E-02 
388	 2,84478704749515E-02 
389	 3,99091076399869E-02 
390	 5,18205135001748E-02 
391	 5,60495348768964E-02 
392	 4,51659660213189E-02 
393	 0,045248270502388 
394	 5,50062545606171E-02 
395	 5,12505632583151E-02 
396	 4,52465389997668E-02 
397	 0,041362535390015 
398	 3,17425270108708E-02 
399	 2,04200892350721E-02 
400	 1,25511047820295E-02 
401	 1,47379241662762E-02 
402	 2,41432537077781E-02 
403	 2,46648000794058E-02 
404	 0,02374401491448 
405	 2,60569201000418E-02 
406	 2,16377032968564E-02 
407	 1,72405289552543E-02 
408	 2,99817229044539E-02 
409	 3,60308160699267E-02 
410	 3,12476768443311E-02 
411	 2,98302113074764E-02 
412	 3,04471564959851E-02 
413	 3,08786119111641E-02 
414	 2,58287467675061E-02 
415	 1,87030747942178E-02 
416	 2,15177474636105E-02 
417	 2,06472038970833E-02 
418	 1,34198886152057E-02 
419	 1,89024938293798E-02 
420	 2,63398331898093E-02 
421	 2,04904746589661E-02 
422	 1,49177097528123E-02 
423	 1,34155399896075E-02 
424	 1,75788696467371E-02 
425	 1,81587151448118E-02 
426	 1,12088013939866E-02 
427	 1,49816852717621E-02 
428	 2,32336739950619E-02 
429	 2,08780956108563E-02 
430	 1,99338183992156E-02 
431	 2,23582693579659E-02 
432	 2,08825946922739E-02 
433	 1,90197882210174E-02 
434	 1,99903504714901E-02 
435	 2,18237770400553E-02 
436	 2,24500426765526E-02 
437	 1,68316566094419E-02 
438	 0,015216705491272 
439	 2,03762225540743E-02 
440	 2,12154676473662E-02 
441	 1,87875856154971E-02 
442	 1,56903620573436E-02 
443	 1,38586192730968E-02 
444	 1,41493315918523E-02 
445	 0,017030239407011 
446	 1,99344796999459E-02 
447	 2,09975462589099E-02 
448	 1,90351088003155E-02 
449	 1,65494748001082E-02 
450	 1,83981513273654E-02 
451	 2,02196700370643E-02 
452	 2,03554425347509E-02 
453	 1,77407161695648E-02 
454	 1,65074288415129E-02 
455	 2,01770278825381E-02 
456	 2,14578357000319E-02 
457	 2,06974395243322E-02 
458	 2,31951587394201E-02 
459	 2,37210934968618E-02 
460	 0,020633366218509 
461	 1,83428207743052E-02 
462	 1,70261043566327E-02 
463	 1,62858930615674E-02 
464	 1,60681197239378E-02 
465	 1,63839538676683E-02 
466	 0,017605829895684 
467	 1,84422760111009E-02 
468	 1,82163360786312E-02 
469	 1,93546357256097E-02 
470	 2,04084437896737E-02 
471	 1,76476104406904E-02 
472	 1,67931553678954E-02 
473	 1,86648982902723E-02 
474	 1,74411518735999E-02 
475	 1,58596451130831E-02 
476	 1,68022366058443E-02 
477	 1,73160732674844E-02 
478	 1,69993831903983E-02 
479	 1,64764989239255E-02 
480	 0,015770004122086 
481	 1,49241603620593E-02 
482	 1,34860133280017E-02 
483	 1,31944365889114E-02 
484	 1,67157987128043E-02 
485	 1,82782518864535E-02 
486	 1,67935899635076E-02 
487	 1,41750156893063E-02 
488	 1,39472645610915E-02 
489	 1,81285325928186E-02 
490	 1,89058691431634E-02 
491	 1,62341471911436E-02 
492	 1,23723747445373E-02 
493	 1,19101919142953E-02 
494	 1,55292406731538E-02 
495	 1,62429651695016E-02 
496	 1,52627519259855E-02 
497	 1,45861135347801E-02 
498	 1,36526735785412E-02 
499	 1,26627590914076E-02 
500	 1,20398683550664E-02 
501	 1,25668621489297E-02 
502	 1,43944562840889E-02 
503	 1,50706690370688E-02 
504	 1,46405698337419E-02 
505	 0,013700815546174 
506	 0,013795698974385 
507	 0,014807865458598 
508	 1,38565437554346E-02 
509	 1,25349163625234E-02 
510	 0,012362701270269 
511	 1,19795154842258E-02 
512	 1,18227199858469E-02 
513	 1,39943985805366E-02 
514	 0,014498883807787 
515	 0,012319608748634 
516	 1,30628224984849E-02 
517	 1,52325292602389E-02 
518	 1,60612186420718E-02 
519	 1,54835100093711E-02 
520	 1,40566305112029E-02 
521	 1,39539275287388E-02 
522	 1,43577063908497E-02 
523	 0,014560800630684 
524	 1,37069746201537E-02 
525	 1,29303153527625E-02 
526	 0,015427679768081 
527	 0,016310101462326 
528	 1,44047216874116E-02 
529	 1,33991358969685E-02 
530	 1,31860994281338E-02 
531	 1,32893435025869E-02 
532	 1,37628698648993E-02 
533	 1,41859529937284E-02 
534	 1,32349572121953E-02 
535	 1,28892134249119E-02 
536	 1,41763110833438E-02 
537	 1,54118536283979E-02 
538	 1,55875984384827E-02 
539	 1,31237663510875E-02 
540	 1,24465427046133E-02 
541	 1,42607580126982E-02 
542	 0,014570692435867 
543	 1,41412179138498E-02 
544	 1,39411012675479E-02 
545	 1,42155826519206E-02 
546	 0,014899671578934 
547	 0,01580535237572 
548	 1,56350326447841E-02 
549	 1,41373086070279E-02 
550	 1,44975625349636E-02 
551	 1,56781804768908E-02 
552	 1,54584211984386E-02 
553	 1,60017908051832E-02 
554	 1,73125691241771E-02 
555	 1,71169325361038E-02 
556	 1,63159960516052E-02 
557	 0,015804710600117 
558	 1,65275282177311E-02 
559	 1,78483956853951E-02 
560	 1,77158343229461E-02 
561	 1,76448457758549E-02 
562	 1,82273076148797E-02 
563	 1,93166156013813E-02 
564	 2,00311224322478E-02 
565	 1,92529358454759E-02 
566	 1,90982353279098E-02 
567	 1,96933224955683E-02 
568	 1,93518633094826E-02 
569	 1,90298224308799E-02 
570	 1,93202932302671E-02 
571	 1,89919208529504E-02 
572	 1,85853504993388E-02 
573	 1,98425271356865E-02 
574	 2,00195372721655E-02 
575	 1,86463297139011E-02 
576	 1,89068412285538E-02 
577	 1,93123032385934E-02 
578	 1,80061942094965E-02 
579	 1,80313837804073E-02 
580	 1,90369348635938E-02 
581	 1,76429889298893E-02 
582	 1,64572060897261E-02 
583	 1,68697765043033E-02 
584	 0,017250343129802 
585	 1,73547170682981E-02 
586	 1,71224697105346E-02 
587	 1,71682300949263E-02 
588	 1,75415144269556E-02 
589	 1,75756037224525E-02 
590	 1,72950980225407E-02 
591	 0,016770256297053 
592	 1,61905842847711E-02 
593	 1,58479055826521E-02 
594	 1,63571106237519E-02 
595	 0,016956851761107 
596	 1,72742523781983E-02 
597	 1,76498461328363E-02 
598	 0,017696111114405 
599	 1,67602687918924E-02 
600	 1,68226392241403E-02 
601	 1,79237449127941E-02 
602	 1,79476877677089E-02 
603	 1,74349275277861E-02 
604	 1,68595342853544E-02 
605	 1,61842020411023E-02 
606	 1,55264510999205E-02 
607	 1,51546663029049E-02 
608	 1,45379804475249E-02 
609	 1,36335759811494E-02 
610	 1,33607050024144E-02 
611	 0,013515287259057 
612	 1,37440361038637E-02 
613	 1,33063004705617E-02 
614	 1,24437392239638E-02 
615	 1,25885440358664E-02 
616	 1,31144552437843E-02 
617	 1,35013114216776E-02 
618	 1,29296018316125E-02 
619	 1,20823706861034E-02 
620	 1,25270385151427E-02 
621	 1,31738017351728E-02 
622	 1,35224116806712E-02 
623	 1,30671772501198E-02 
624	 1,23791274827637E-02 
625	 1,20852628212796E-02 
626	 1,20081132075288E-02 
627	 1,21373214768476E-02 
628	 1,26073415105204E-02 
629	 1,27281434712404E-02 
630	 1,21812218118246E-02 
631	 1,14621287395401E-02 
632	 1,12307632846216E-02 
633	 1,24592677077204E-02 
634	 1,30887930824236E-02 
635	 1,26595082189935E-02 
636	 1,20738786818667E-02 
637	 1,17697963890048E-02 
638	 0,012070818935586 
639	 1,24032821116912E-02 
640	 1,25651793414345E-02 
641	 1,23179550275981E-02 
642	 1,22996895970917E-02 
643	 0,012647776368428 
644	 1,23764009715284E-02 
645	 0,012112310465107 
646	 1,27747052377255E-02 
647	 1,29646436064488E-02 
648	 1,26154043116447E-02 
649	 1,28618491727484E-02 
650	 1,28826404324647E-02 
651	 1,22153861676473E-02 
652	 1,19584647053399E-02 
653	 1,19984365988441E-02 
654	 1,17390890773296E-02 
655	 1,15743459241789E-02 
656	 1,16229712509066E-02 
657	 1,19184097380136E-02 
658	 1,19011241430636E-02 
659	 1,10546185741465E-02 
660	 1,10277602717671E-02 
661	 1,16621234992216E-02 
662	 1,14154739149262E-02 
663	 1,11578072065357E-02 
664	 1,13049961565393E-02 
665	 1,15682361375961E-02 
666	 1,18495740647436E-02 
667	 0,012056081280594 
668	 1,21441080948526E-02 
669	 1,21810231200894E-02 
670	 1,23794745700884E-02 
671	 1,30254752013582E-02 
672	 1,42272899408458E-02 
673	 1,45638361348268E-02 
674	 1,42537013436883E-02 
675	 1,44207084480902E-02 
676	 1,47321191009467E-02 
677	 1,50364314589718E-02 
678	 1,49207784848749E-02 
679	 1,50134244584482E-02 
680	 1,60712768939692E-02 
681	 1,62852168143403E-02 
682	 0,015767800374924 
683	 0,016305866258085 
684	 1,70395420151431E-02 
685	 0,017398569108685 
686	 1,71258116653536E-02 
687	 1,66500863685178E-02 
688	 1,67112519454367E-02 
689	 1,76635081478065E-02 
690	 1,91466989196834E-02 
691	 1,91297146794608E-02 
692	 1,88151133201761E-02 
693	 1,93470177909166E-02 
694	 2,00334022864827E-02 
695	 2,08885053304728E-02 
696	 2,21659515397513E-02 
697	 2,39509470065546E-02 
698	 2,62108466777878E-02 
699	 0,028509521325794 
700	 3,09423699013649E-02 
701	 3,36829923049062E-02 
702	 3,68030402964402E-02 
703	 4,05917470817987E-02 
704	 4,58677068801223E-02 
705	 5,15459990001093E-02 
706	 5,69418790707113E-02 
707	 6,26253594977786E-02 
708	 6,89723368059245E-02 
709	 7,64766039713923E-02 
710	 8,45677079664982E-02 
711	 9,31253950612748E-02 
712	 0,102506637332831 
713	 0,112293901172589 
714	 0,122137384429094 
715	 0,132376022568894 
716	 0,143261978577025 
717	 0,15530922453322 
718	 0,167659487712333 
719	 0,179951746432761 
720	 0,192479399487031 
721	 0,204982473235302 
722	 0,217196712795614 
723	 0,22982429740856 
724	 0,242722801665908 
725	 0,255000407681701 
726	 0,266994123818167 
727	 0,278839482590191 
728	 0,29008024922551 
729	 0,300835464851702 
730	 0,311442335147226 
731	 0,321406807716218 
732	 0,330709165755844 
733	 0,339963576793405 
734	 0,348716427290751 
735	 0,356573215061856 
736	 0,36414332102967 
737	 0,371262284786069 
738	 0,377184264808769 
739	 0,382866198711232 
740	 0,38858960168002 
741	 0,393694886218173 
742	 0,398210782525794 
743	 0,402233710159398 
744	 0,405868973092587 
745	 0,409280416972124 
746	 0,412832957509284 
747	 0,416022884685345 
748	 0,418582231020675 
749	 0,420740673675322 
750	 0,422646300468351 
751	 0,424464188130643 
752	 0,426124598641654 
753	 0,427622059440374 
754	 0,428968987435954 
755	 0,430153211625242 
756	 0,431189614197437 
757	 0,432297433220642 
758	 0,433302848301014 
759	 0,433753663378217 
760	 0,434375568027696 
761	 0,435243621016666 
762	 0,435510416121221 
763	 0,435544792381546 
764	 0,43573571865515 
765	 0,435992620219119 
766	 0,436223979690901 
767	 0,436193524474836 
768	 0,436243351962453 
769	 0,436482747441167 
770	 0,436615850588163 
771	 0,436856070692811 
772	 0,437462987918454 
773	 0,437682162315954 
774	 0,437471591548721 
775	 0,437240276404863 
776	 0,437165821697695 
777	 0,437344801127267 
778	 0,437619447977313 
779	 0,437785894463692 
780	 0,437585580854783 
781	 0,437518202119037 
782	 0,437638639814455 
783	 0,437564648770965 
784	 0,437700477000677 
785	 0,438195088387945 
786	 0,437955459429691 
787	 0,437343764426432 
788	 0,437276005057321 
789	 0,437197056429602 
790	 0,437048208836161 
791	 0,43726185606707 
792	 0,437348797715756 
793	 0,436982859055115 
794	 0,437146634248611 
795	 0,437616006917007 
796	 0,437600733593899 
797	 0,437281182832099 
798	 0,436799091926031 
799	 0,436560987933982 
800	 0,436502061600587 
801	 0,436535947954494 
802	 0,436645561382091 
803	 0,436829906199147 
804	 0,437141526560546 
805	 0,437372611035149 
806	 0,437449759977689 
807	 0,437453297657798 
808	 0,437581067596527 
809	 0,438017072423291 
810	 0,438368813088965 
811	 0,438534299997719 
812	 0,438488346040053 
813	 0,438419864630295 
814	 0,438454452104072 
815	 0,438739637004986 
816	 0,438965718533103 
817	 0,438774147581501 
818	 0,439044101733002 
819	 0,439664517535737 
820	 0,439698430776155 
821	 0,439674336082433 
822	 0,439810769554053 
823	 0,43980614953252 
824	 0,439869786529267 
825	 0,440290903321701 
826	 0,440665513510806 
827	 0,44085911948477 
828	 0,440804757834787 
829	 0,440686106256466 
830	 0,440682370494394 
831	 0,44123565511542 
832	 0,441764365860002 
833	 0,441436995692586 
834	 0,441465007957459 
835	 0,441924017260353 
836	 0,442042991705914 
837	 0,441997931905963 
838	 0,441897938437716 
839	 0,441803169149799 
840	 0,44195341591821 
841	 0,44265407089024 
842	 0,442750930229233 
843	 0,442264055364047 
844	 0,442362986262255 
845	 0,442261881729468 
846	 0,441727994424722 
847	 0,442263255230963 
848	 0,443046401439953 
849	 0,442713793819262 
850	 0,442741460635455 
851	 0,443225194936163 
852	 0,443306944235651 
853	 0,442976239162057 
854	 0,442365550087844 
855	 0,442440268088775 
856	 0,442855958598106 
857	 0,44298585962346 
858	 0,442908433544418 
859	 0,442781642084821 
860	 0,443107246115882 
861	 0,443334027580063 
862	 0,4432873896838 
863	 0,443883426328162 
864	 0,444512852958064 
865	 0,444286956650618 
866	 0,444341330579544 
867	 0,444833768404486 
868	 0,445385168620504 
869	 0,445964603755233 
870	 0,446385775471122 
871	 0,445769541958574 
872	 0,445156781656829 
873	 0,445836362074275 
874	 0,446145256943202 
875	 0,446010456321736 
876	 0,446308630938365 
877	 0,44667514530376 
878	 0,4469920224965 
879	 0,44756068855978 
880	 0,447651994050668 
881	 0,446587270593842 
882	 0,446633990350984 
883	 0,447648054540669 
884	 0,4480641341327 
885	 0,447946773346708 
886	 0,447504718820042 
887	 0,447964594278252 
888	 0,448598468056476 
889	 0,448674360366063 
890	 0,448793226815959 
891	 0,449010299926461 
892	 0,449226101011732 
893	 0,449419096566693 
894	 0,44954199130744 
895	 0,449502687533945 
896	 0,449233741918819 
897	 0,44876518986771 
898	 0,448718993093806 
899	 0,44924698609364 
900	 0,450452451595758 
901	 0,450987070029588 
902	 0,450637958058356 
903	 0,450273864680835 
904	 0,450236981852398 
905	 0,450673153256073 
906	 0,450952426162694 
907	 0,450784904059285 
908	 0,449912555590112 
909	 0,449309608042313 
910	 0,449246060828025 
911	 0,449735907242207 
912	 0,449754445784102 
913	 0,449103007422864 
914	 0,449941147096709 
915	 0,450822150715468 
916	 0,450029013611137 
917	 0,449564117558129 
918	 0,44959104190841 
919	 0,449516867512024 
920	 0,448972197206173 
921	 0,44818817878952 
922	 0,449120762489634 
923	 0,449507649709111 
924	 0,447661236214001 
925	 0,446881985993263 
926	 0,447203167313538 
927	 0,447749915517867 
928	 0,446893695077412 
929	 0,444952863288281 
930	 0,445068493024048 
931	 0,445302284355111 
932	 0,444509734436473 
933	 0,443229589182246 
934	 0,442187528340194 
935	 0,442208986216989 
936	 0,442907317071569 
937	 0,443353275033032 
938	 0,441128312066121 
939	 0,439986331170511 
940	 0,440722542304951 
941	 0,439341226531158 
942	 0,437292508428902 
943	 0,43615249706773 
944	 0,436503719826205 
945	 0,436813572700631 
946	 0,434074500435911 
947	 0,431956551238393 
948	 0,430892528533746 
949	 0,428191914655815 
950	 0,426081695137378 
951	 0,425595678627067 
952	 0,424573204528677 
953	 0,423176903299089 
954	 0,421870120945298 
955	 0,420013439902121 
956	 0,41801147065109 
957	 0,417143384023794 
958	 0,416511089661485 
959	 0,415728953636905 
960	 0,414581911610948 
961	 0,413510798008957 
962	 0,412843748136367 
963	 0,412277314411806 
964	 0,411799471038316 
965	 0,411454411701568 
966	 0,411162214240959 
967	 0,410750562258996 
968	 0,40972246143454 
969	 0,409007924408097 
970	 0,409085652827919 
971	 0,41010907783872 
972	 0,410603861706034 
973	 0,409467199373355 
974	 0,410011981533539 
975	 0,411243421850598 
976	 0,410427130028638 
977	 0,409328723346376 
978	 0,408626855947486 
979	 0,408616808614289 
980	 0,410233222393324 
981	 0,413115234225244 
982	 0,412841334272956 
983	 0,410834097319357 
984	 0,409178579275057 
985	 0,410202773082157 
986	 0,412737592819921 
987	 0,413635470384445 
988	 0,412868719277744 
989	 0,411635984748108 
990	 0,414462936309666 
991	 0,417203346348221 
992	 0,417478103933057 
993	 0,415281258275468 
994	 0,414365764272027 
995	 0,418097893445247 
996	 0,419564500408708 
997	 0,419120102038989 
998	 0,419991653196858 
999	 0,421732451987965 
1000	 0,4238268391954 
1001	 0,424912685346261 
1002	 0,42505033780453 
1003	 0,424738182024107 
1004	 0,426591789550155 
1005	 0,428741590425084 
1006	 0,429253742583067 
1007	 0,429798241832443 
1008	 0,430438733629023 
1009	 0,430784030756331 
1010	 0,432362528693878 
1011	 0,434710562347555 
1012	 0,435314736405743 
1013	 0,434297806911233 
1014	 0,432292650456007 
1015	 0,432181079226009 
1016	 0,432548798473724 
1017	 0,43257511685082 
1018	 0,437860207957368 
1019	 0,443070040462357 
1020	 0,439399503299494 
1021	 0,438175670932235 
1022	 0,441392131769551 
1023	 0,447120481763355 
1024	 0,448591229359403 
1025	 0,445264843208164 
1026	 0,446993187956689 
1027	 0,450665525001211 
1028	 0,453127402862007 
1029	 0,448959158793318 
1030	 0,444617804127648 
1031	 0,448072930235568 
1032	 0,453055944514427 
1033	 0,455764390697732 
1034	 0,45100222860507 
1035	 0,449071148831779 
1036	 0,451953778616876 
1037	 0,455674105568118 
1038	 0,4574006221339 
1039	 0,455961175743593 
1040	 0,454393529287352 
1041	 0,452390781415709 
1042	 0,450121508755 
1043	 0,451589182213757 
1044	 0,453977696881945 
1045	 0,453177919736554 
1046	 0,455631949473892 
1047	 0,459672186946372 
1048	 0,458623455112103 
1049	 0,454480443715021 
1050	 0,451355106036165 
1051	 0,461979710133305 
1052	 0,472773305178575 
1053	 0,475380077407362 
1054	 0,464512007304784 
1055	 0,458761407364791 
1056	 0,472071171612789 
1057	 0,477079332632313 
1058	 0,472946417270673 
1059	 0,464910372208823 
1060	 0,465759671312436 
1061	 0,470591527438453 
1062	 0,461467482187952 
1063	 0,46104661543664 
1064	 0,471106608375822 
1065	 0,471558348281636 
1066	 0,469668121775611 
1067	 0,469020292005767 
1068	 0,471450590871229 
1069	 0,472868348636678 
1070	 0,469839548107801 
1071	 0,461942128710345 
1072	 0,456908207097153 
1073	 0,462591371391939 
1074	 0,460815650245738 
1075	 0,457504853845249 
