Wavelength	GRA-BER00241.asd
325	 0,271326871509442 
326	 0,194691580784105 
327	 0,1760667706174 
328	 0,208597095881123 
329	 0,122566915352521 
330	 5,26745108555976E-02 
331	 0,124344226371538 
332	 0,178760747109398 
333	 0,184970470927656 
334	 0,140419670165839 
335	 9,30065890172458E-02 
336	 8,10902679725379E-02 
337	 0,120043737034435 
338	 0,127121198799191 
339	 4,61593742226153E-02 
340	 0,102661567534355 
341	 0,210583144297064 
342	 0,119156966201109 
343	 0,025930311704538 
344	 1,80205582425546E-02 
345	 8,21685654750629E-02 
346	 0,151939037704899 
347	 0,163374072322045 
348	 0,13138810277286 
349	 8,85588783519854E-02 
350	 0,118652393062735 
351	 0,157419206884061 
352	 0,166113654001489 
353	 0,11201740118507 
354	 5,98671136016649E-02 
355	 9,66358170399116E-02 
356	 0,124053932406769 
357	 0,123812755769382 
358	 9,27872590706425E-02 
359	 7,70588398702393E-02 
360	 0,094463086557746 
361	 0,104478177801317 
362	 0,107963687786094 
363	 0,11165752022595 
364	 0,110862906057414 
365	 0,106718483414337 
366	 0,106540406218899 
367	 0,101502239184743 
368	 8,90662693669613E-02 
369	 9,76154028482825E-02 
370	 0,105230742072947 
371	 6,60982422453096E-02 
372	 5,27387495438017E-02 
373	 7,98469286404819E-02 
374	 0,105494730099522 
375	 0,112333608844771 
376	 9,07629622000954E-02 
377	 9,09133936774478E-02 
378	 0,102000005075511 
379	 8,20313951076256E-02 
380	 0,067815477023032 
381	 7,16894438481879E-02 
382	 8,94716741132143E-02 
383	 0,102764566072597 
384	 9,66298559657242E-02 
385	 8,38623622783852E-02 
386	 7,45988615662856E-02 
387	 9,24778482476697E-02 
388	 9,02171014815103E-02 
389	 5,88664542459576E-02 
390	 5,69454472594592E-02 
391	 7,34391523714693E-02 
392	 8,78366546211686E-02 
393	 0,10195677331187 
394	 0,106796193621031 
395	 7,39906523535605E-02 
396	 5,57659003701314E-02 
397	 7,67213017043069E-02 
398	 0,08432968153383 
399	 7,79455517420301E-02 
400	 6,45421617126181E-02 
401	 0,077258894423438 
402	 0,108162030952388 
403	 9,92189570599676E-02 
404	 8,60547466383005E-02 
405	 0,091984671561375 
406	 8,64829338043325E-02 
407	 7,58577710857146E-02 
408	 8,05273427136174E-02 
409	 8,22347549482274E-02 
410	 7,68096660984784E-02 
411	 0,071124642553214 
412	 6,89971006150922E-02 
413	 7,33730104162845E-02 
414	 8,06630038648015E-02 
415	 8,56464236919974E-02 
416	 7,75796436126985E-02 
417	 7,10637682929558E-02 
418	 7,17886957538746E-02 
419	 7,18723041597771E-02 
420	 7,31687393484247E-02 
421	 7,88989344441777E-02 
422	 7,82911955970009E-02 
423	 7,31111759935247E-02 
424	 7,73486889985655E-02 
425	 8,29485613535902E-02 
426	 8,42183904464912E-02 
427	 7,60750227637753E-02 
428	 0,067485901739459 
429	 7,57004488375135E-02 
430	 8,21261096070474E-02 
431	 8,15781099522123E-02 
432	 7,75232258493957E-02 
433	 7,52884547815415E-02 
434	 7,88848460050876E-02 
435	 7,75199577268924E-02 
436	 7,36630307553661E-02 
437	 7,91979345552491E-02 
438	 8,28386452640137E-02 
439	 8,09026097436871E-02 
440	 8,06771661284469E-02 
441	 8,03485379688236E-02 
442	 7,68639028368682E-02 
443	 7,65124206258782E-02 
444	 7,91914166950947E-02 
445	 7,88767625757327E-02 
446	 8,01051595635498E-02 
447	 8,45366206309756E-02 
448	 8,07586637473334E-02 
449	 0,074745415087295 
450	 8,04249387549247E-02 
451	 8,37272104182654E-02 
452	 8,13796206925968E-02 
453	 7,90901390033404E-02 
454	 7,90177431075436E-02 
455	 8,26590400416221E-02 
456	 8,48987353833576E-02 
457	 0,085168784593585 
458	 8,50898964857308E-02 
459	 8,41536013587588E-02 
460	 8,26765538684849E-02 
461	 0,083325351915951 
462	 8,46490580057278E-02 
463	 0,084412370982296 
464	 8,39189304116865E-02 
465	 8,33588528741614E-02 
466	 8,18945121857794E-02 
467	 8,22711901614636E-02 
468	 8,57022137317806E-02 
469	 8,58186800239515E-02 
470	 8,36043051711043E-02 
471	 8,27604409346051E-02 
472	 8,29608583342349E-02 
473	 8,37971936537642E-02 
474	 8,31691212962208E-02 
475	 8,25018353007457E-02 
476	 8,32574676653384E-02 
477	 8,36297295928586E-02 
478	 8,32974231309279E-02 
479	 8,23620720554728E-02 
480	 8,17188460185249E-02 
481	 8,15828817675671E-02 
482	 7,97351834726891E-02 
483	 7,85718757475611E-02 
484	 8,20384651134698E-02 
485	 8,22825173746745E-02 
486	 7,86916042529305E-02 
487	 7,71044278103998E-02 
488	 0,078027687739918 
489	 8,13458406710095E-02 
490	 8,26400032571023E-02 
491	 8,19983534485338E-02 
492	 8,13456492544771E-02 
493	 8,12265632039012E-02 
494	 8,16838274349894E-02 
495	 0,081398061564937 
496	 8,00600249974864E-02 
497	 7,75046235343226E-02 
498	 7,57899233468151E-02 
499	 0,075605217361588 
500	 7,73754042811395E-02 
501	 7,90774527029075E-02 
502	 7,95039915999461E-02 
503	 7,95114406070869E-02 
504	 7,92869392945477E-02 
505	 7,88603391460406E-02 
506	 7,91772020745241E-02 
507	 8,03339606795893E-02 
508	 8,13536746845096E-02 
509	 8,22082118272411E-02 
510	 8,28744869233349E-02 
511	 8,26493260752901E-02 
512	 8,19110517322159E-02 
513	 8,17736841505557E-02 
514	 8,23943067314808E-02 
515	 8,36133208638887E-02 
516	 8,39039507588256E-02 
517	 8,36450126043973E-02 
518	 8,36275051127431E-02 
519	 8,24884570092261E-02 
520	 8,07966103526709E-02 
521	 8,18305000843206E-02 
522	 8,26208752084662E-02 
523	 8,11378894050192E-02 
524	 8,02122146965958E-02 
525	 8,01544738738702E-02 
526	 8,07161155554926E-02 
527	 8,07338804443844E-02 
528	 8,01302249420435E-02 
529	 8,12305489617338E-02 
530	 0,082213779374044 
531	 8,08902368679381E-02 
532	 8,04081537216683E-02 
533	 8,09480479868685E-02 
534	 8,05879380409955E-02 
535	 8,05380037321933E-02 
536	 0,081319609200496 
537	 8,10979926328983E-02 
538	 0,080332328470349 
539	 8,02961343940611E-02 
540	 8,03290480620029E-02 
541	 8,03613961386014E-02 
542	 8,08838854482292E-02 
543	 8,16026590662401E-02 
544	 8,21890035082025E-02 
545	 8,23697875599811E-02 
546	 8,21790313683244E-02 
547	 0,081889972119479 
548	 8,15350341237695E-02 
549	 8,12207082820983E-02 
550	 8,13163023939619E-02 
551	 8,17670020499925E-02 
552	 8,24582520771332E-02 
553	 0,082568979452632 
554	 8,19855862201741E-02 
555	 8,12271318849028E-02 
556	 8,10885041926946E-02 
557	 8,20751091574419E-02 
558	 8,19855073446659E-02 
559	 8,12811603188983E-02 
560	 8,23731502501818E-02 
561	 8,23987552734184E-02 
562	 8,07585081396194E-02 
563	 8,11452936827972E-02 
564	 8,24970478308113E-02 
565	 8,29790994922503E-02 
566	 8,37393698968344E-02 
567	 8,47177470851724E-02 
568	 8,47674027074093E-02 
569	 8,50140186583112E-02 
570	 8,61729368311605E-02 
571	 8,69450825320967E-02 
572	 8,75371249223374E-02 
573	 8,88130803674166E-02 
574	 9,04104062915147E-02 
575	 9,20874291110886E-02 
576	 9,33367584799611E-02 
577	 9,43678643780329E-02 
578	 9,54655764769162E-02 
579	 9,66417226211508E-02 
580	 9,76629467564564E-02 
581	 9,77176171245827E-02 
582	 9,80536336806117E-02 
583	 9,92625934504653E-02 
584	 9,98653078373219E-02 
585	 0,100068711537253 
586	 0,100629528515645 
587	 0,10062641560661 
588	 0,100152636724818 
589	 0,100865849752015 
590	 0,101515464317728 
591	 0,100941150300849 
592	 0,100808412370999 
593	 0,101078147965245 
594	 0,100778655711703 
595	 0,100115586131349 
596	 9,92679027719726E-02 
597	 0,098771553147667 
598	 9,86766779103218E-02 
599	 9,89750111591765E-02 
600	 9,88234894834257E-02 
601	 9,79954755091053E-02 
602	 9,65455326571257E-02 
603	 9,59181356015461E-02 
604	 9,70041810367068E-02 
605	 9,62056149002706E-02 
606	 9,41358278908237E-02 
607	 9,37946190398862E-02 
608	 0,093861836547374 
609	 9,37666680026358E-02 
610	 9,28757675411845E-02 
611	 9,19279297146761E-02 
612	 9,18923219246799E-02 
613	 0,092201291979458 
614	 9,23886795455601E-02 
615	 9,14102303045253E-02 
616	 9,05178321177162E-02 
617	 9,05099789060495E-02 
618	 0,09079324752283 
619	 9,08954137752929E-02 
620	 8,99900350265269E-02 
621	 8,97555443598198E-02 
622	 9,05198763746683E-02 
623	 9,08317787238575E-02 
624	 9,10799353638313E-02 
625	 9,17221800400869E-02 
626	 9,18691591316696E-02 
627	 9,17663805751548E-02 
628	 9,26698721487933E-02 
629	 9,36269197409008E-02 
630	 9,41608317241658E-02 
631	 9,46542668028279E-02 
632	 9,51923226631239E-02 
633	 0,095843071025667 
634	 9,64416766309276E-02 
635	 9,71032007211618E-02 
636	 9,85456909207335E-02 
637	 9,98101219023908E-02 
638	 0,100136502702662 
639	 0,100859046384852 
640	 0,101937955578208 
641	 0,102627679214031 
642	 0,103336456590079 
643	 0,104152478958603 
644	 0,104690514281476 
645	 0,105022784661227 
646	 0,105290522224256 
647	 0,105532234510663 
648	 0,105609425009294 
649	 0,104985869596458 
650	 0,104320944162405 
651	 0,104039882526212 
652	 0,103676342043807 
653	 0,103037198680338 
654	 0,101818892075668 
655	 0,100966254020397 
656	 0,100624173722171 
657	 9,98065419318024E-02 
658	 9,85126466916814E-02 
659	 9,68455732955414E-02 
660	 9,57543706310401E-02 
661	 9,48769081186193E-02 
662	 9,23663233301455E-02 
663	 9,04699448099326E-02 
664	 9,01895310083652E-02 
665	 8,97636340186023E-02 
666	 8,90730156332616E-02 
667	 0,088290073592088 
668	 8,72957240163393E-02 
669	 8,63284347939215E-02 
670	 8,63771600551207E-02 
671	 8,64915542696885E-02 
672	 0,085926449126981 
673	 8,55852439316811E-02 
674	 8,53875005944745E-02 
675	 8,46687170516592E-02 
676	 8,44381379562524E-02 
677	 8,49391265874962E-02 
678	 8,52153016234308E-02 
679	 8,54407560130238E-02 
680	 8,59119585129817E-02 
681	 8,56712957623013E-02 
682	 8,50332697287282E-02 
683	 8,56693334488838E-02 
684	 8,64894370170043E-02 
685	 8,69472766454062E-02 
686	 8,80601636749928E-02 
687	 8,98172818888202E-02 
688	 9,19538931814563E-02 
689	 0,094426000563256 
690	 9,72650636919088E-02 
691	 0,10057926780052 
692	 0,104851801269907 
693	 0,110438970352347 
694	 0,116083309622834 
695	 0,122077815537393 
696	 0,129859141195598 
697	 0,138120678346171 
698	 0,146483949572535 
699	 0,156105618443895 
700	 0,166586592139223 
701	 0,17729795681126 
702	 0,188791625994225 
703	 0,200907350207512 
704	 0,213012546356768 
705	 0,224891252367786 
706	 0,236388364960293 
707	 0,247957955174439 
708	 0,259513158448434 
709	 0,27082211910372 
710	 0,281412728329639 
711	 0,291281115183883 
712	 0,301302769821469 
713	 0,310862905358703 
714	 0,319436264548069 
715	 0,328242215694429 
716	 0,336986117654837 
717	 0,344361272766385 
718	 0,351157232058343 
719	 0,357681087786181 
720	 0,363767142876356 
721	 0,369492470992041 
722	 0,374963976980287 
723	 0,380222862801359 
724	 0,385135481923073 
725	 0,389206582024293 
726	 0,393079863158488 
727	 0,39710748909338 
728	 0,400692250599249 
729	 0,403817874078824 
730	 0,406579389489488 
731	 0,409183510425821 
732	 0,411707806822781 
733	 0,414070672760112 
734	 0,416245635940666 
735	 0,418201202013709 
736	 0,41976285010338 
737	 0,421055684715907 
738	 0,4224535275267 
739	 0,423648380465556 
740	 0,424673660235317 
741	 0,426330432008958 
742	 0,427900781720879 
743	 0,428511686422493 
744	 0,429091573913215 
745	 0,429910319131681 
746	 0,431113754262109 
747	 0,432125132178377 
748	 0,432656618799153 
749	 0,433143600727429 
750	 0,433698068390901 
751	 0,434395581214075 
752	 0,435277289521828 
753	 0,436095635087968 
754	 0,435896528581122 
755	 0,43577852145574 
756	 0,436509924255144 
757	 0,437212208681636 
758	 0,437709804716992 
759	 0,437926690932135 
760	 0,438275616507918 
761	 0,438744966612865 
762	 0,438521178157449 
763	 0,438392810253744 
764	 0,439074409896009 
765	 0,439293207116456 
766	 0,439168389925279 
767	 0,439696662694474 
768	 0,440072806909966 
769	 0,440040425452401 
770	 0,440052467824113 
771	 0,440167076142626 
772	 0,440402493645707 
773	 0,44060647709062 
774	 0,440725049128666 
775	 0,440725672697673 
776	 0,440713302200909 
777	 0,440779646611814 
778	 0,441100698538409 
779	 0,441484892200177 
780	 0,441635014209529 
781	 0,441638714901858 
782	 0,441545145028378 
783	 0,441397695269232 
784	 0,441483464510758 
785	 0,441937940730985 
786	 0,442203139331724 
787	 0,442279025757131 
788	 0,442320982519328 
789	 0,442396407432429 
790	 0,442499056952693 
791	 0,442457694127781 
792	 0,442431428221817 
793	 0,442552259921855 
794	 0,442807808577856 
795	 0,443008896601378 
796	 0,442756880294199 
797	 0,442533262642926 
798	 0,442530290155364 
799	 0,442815576585515 
800	 0,44290924526932 
801	 0,442424023923964 
802	 0,442496833314152 
803	 0,442917608746599 
804	 0,44250621486793 
805	 0,44251328581333 
806	 0,443241988550488 
807	 0,443712916783245 
808	 0,443902573635006 
809	 0,443882927869462 
810	 0,44404048635988 
811	 0,444380828269866 
812	 0,444625461571276 
813	 0,445001533832797 
814	 0,445535258961237 
815	 0,445785711758946 
816	 0,446108696294982 
817	 0,446939559933866 
818	 0,447082391560129 
819	 0,446714688791105 
820	 0,447115261463192 
821	 0,448040012415854 
822	 0,449159498075651 
823	 0,449056000106095 
824	 0,448753468672411 
825	 0,449724182387285 
826	 0,450019896872172 
827	 0,449636325466921 
828	 0,45007705782248 
829	 0,450510895087384 
830	 0,450545102533478 
831	 0,450592643475161 
832	 0,450583361271667 
833	 0,450369992013128 
834	 0,450547206889911 
835	 0,451101917626407 
836	 0,45154344425511 
837	 0,451594817545374 
838	 0,451243798808513 
839	 0,45163819880467 
840	 0,452208713256728 
841	 0,45198361624815 
842	 0,451645712508203 
843	 0,451439311399074 
844	 0,451525517832125 
845	 0,451821288494588 
846	 0,45222262344984 
847	 0,452413102683214 
848	 0,452480791432486 
849	 0,452607920753569 
850	 0,452804570752307 
851	 0,453081774053403 
852	 0,453458380686309 
853	 0,453754158310962 
854	 0,453879758748818 
855	 0,4539947288598 
856	 0,454104105176129 
857	 0,454190330670189 
858	 0,454226942822354 
859	 0,454284586546569 
860	 0,454607766820827 
861	 0,454879611059564 
862	 0,454995379098476 
863	 0,455432389115174 
864	 0,456022001920208 
865	 0,456480583276655 
866	 0,456943130413537 
867	 0,457256135639908 
868	 0,456873970558518 
869	 0,456571369116 
870	 0,456732753976739 
871	 0,4571286580562 
872	 0,457509090057836 
873	 0,457604741996156 
874	 0,457640112496612 
875	 0,457569524127792 
876	 0,457033895734734 
877	 0,45692300683586 
878	 0,457464758085055 
879	 0,457504579259716 
880	 0,457536677743742 
881	 0,458134546274846 
882	 0,458133380352416 
883	 0,457691175811031 
884	 0,457884876145563 
885	 0,457795336898014 
886	 0,457407628464779 
887	 0,458266879095095 
888	 0,459421268464811 
889	 0,459868803073796 
890	 0,459653681095216 
891	 0,45933253232973 
892	 0,460191948585581 
893	 0,460257838101143 
894	 0,459325063452251 
895	 0,459477910076186 
896	 0,460064262309638 
897	 0,460452120654749 
898	 0,460187006423857 
899	 0,459863276027225 
900	 0,460693243008491 
901	 0,461071157782173 
902	 0,460720938416868 
903	 0,460461704257825 
904	 0,460412096941991 
905	 0,460598936419342 
906	 0,460585316698298 
907	 0,460369834770618 
908	 0,460041721711206 
909	 0,460004126363885 
910	 0,460317030147357 
911	 0,46086510543841 
912	 0,461145844641925 
913	 0,460863244452224 
914	 0,459880209168931 
915	 0,459246669506011 
916	 0,460041117529157 
917	 0,460612142803739 
918	 0,460588667637571 
919	 0,459868206322945 
920	 0,459839768446211 
921	 0,460608159467847 
922	 0,459998862050724 
923	 0,459244314067959 
924	 0,459367610554077 
925	 0,459175667615309 
926	 0,458678557720787 
927	 0,458215394346644 
928	 0,457875454325248 
929	 0,457678288742226 
930	 0,45769494728769 
931	 0,456826094670602 
932	 0,45485689850865 
933	 0,455001497636084 
934	 0,45572199360678 
935	 0,454663173142884 
936	 0,454498899250429 
937	 0,455051295902501 
938	 0,454181256879068 
939	 0,453087923483484 
940	 0,452462593411213 
941	 0,453483818150136 
942	 0,453900028897953 
943	 0,451861442053154 
944	 0,450282098290435 
945	 0,449255764014115 
946	 0,44796473860389 
947	 0,447480309910511 
948	 0,447506280356902 
949	 0,445859171011442 
950	 0,444476885598982 
951	 0,444220137668754 
952	 0,443002302706218 
953	 0,441261399563251 
954	 0,439808278094852 
955	 0,439155684103975 
956	 0,438753072400682 
957	 0,436785020764685 
958	 0,435544276637328 
959	 0,435379751346298 
960	 0,433790779676312 
961	 0,433066123296692 
962	 0,434517331511521 
963	 0,433275283013277 
964	 0,431127676723737 
965	 0,431779746784744 
966	 0,431348289426646 
967	 0,429821523655304 
968	 0,430199681594387 
969	 0,430526435340337 
970	 0,429950083416613 
971	 0,4285830190516 
972	 0,427715953767294 
973	 0,428423316368117 
974	 0,429322826264098 
975	 0,430014042478725 
976	 0,430274602558651 
977	 0,43012036616061 
978	 0,429848044142231 
979	 0,430386915669114 
980	 0,430935903593873 
981	 0,431121062089695 
982	 0,431559440757883 
983	 0,43101336458532 
984	 0,428555932953352 
985	 0,428745119796656 
986	 0,430649976002593 
987	 0,430833226755885 
988	 0,430542024584751 
989	 0,43018725803282 
990	 0,429982038874198 
991	 0,430768567392465 
992	 0,432646040258953 
993	 0,433616857480575 
994	 0,433446102238802 
995	 0,432342672873793 
996	 0,433523577246667 
997	 0,435441455709737 
998	 0,433839835938173 
999	 0,433860821942524 
1000	 0,436480179269141 
1001	 0,44008154080658 
1002	 0,441382228907833 
1003	 0,439181862094439 
1004	 0,437599038849585 
1005	 0,437728566187014 
1006	 0,439917400002846 
1007	 0,439903103341721 
1008	 0,439050530018675 
1009	 0,441101229851362 
1010	 0,442759221930809 
1011	 0,443855584598466 
1012	 0,447156232797884 
1013	 0,447654527834937 
1014	 0,444756295232477 
1015	 0,447676744064833 
1016	 0,450034179011379 
1017	 0,446844734015759 
1018	 0,447155738262138 
1019	 0,449552456314779 
1020	 0,450067023541226 
1021	 0,450298806781178 
1022	 0,450618198883183 
1023	 0,451310117107151 
1024	 0,451850926034945 
1025	 0,451255449912098 
1026	 0,445323389861019 
1027	 0,444959321294683 
1028	 0,454862760573104 
1029	 0,454112191726626 
1030	 0,450446883738055 
1031	 0,454789901719403 
1032	 0,455163798837738 
1033	 0,452758817272631 
1034	 0,454579000718839 
1035	 0,454558308505298 
1036	 0,453018276842572 
1037	 0,456958672824947 
1038	 0,460408956859824 
1039	 0,460049355216434 
1040	 0,454051136275899 
1041	 0,449653029130719 
1042	 0,452291174765234 
1043	 0,453826078800952 
1044	 0,456163810544334 
1045	 0,462974973821347 
1046	 0,46399540159889 
1047	 0,460493295055709 
1048	 0,460435957956759 
1049	 0,466252345162556 
1050	 0,474159387125774 
1051	 0,466240503193232 
1052	 0,463916356858736 
1053	 0,473494052722548 
1054	 0,465413215872099 
1055	 0,453984372375767 
1056	 0,453308006173018 
1057	 0,457303711928968 
1058	 0,463693512008686 
1059	 0,470052544629372 
1060	 0,469491863314534 
1061	 0,464364559364434 
1062	 0,463056500999342 
1063	 0,464754682824369 
1064	 0,46829470510964 
1065	 0,47106059112761 
1066	 0,464074707759078 
1067	 0,450131339402423 
1068	 0,464992748385423 
1069	 0,479667468932071 
1070	 0,473574159173304 
1071	 0,471455553616694 
1072	 0,47001215422013 
1073	 0,462796105255605 
1074	 0,462126222651362 
1075	 0,463655232509445 
