Wavelength	GRA-VAN00520.asd
325	 0,198396569685806 
326	 0,223342355274548 
327	 0,291948924626406 
328	 0,348181725121879 
329	 0,182370658227751 
330	-1,31500124802396E-02 
331	 0,139821987847718 
332	 0,236953291700647 
333	 0,269549811275076 
334	 0,124875927472851 
335	 4,66349843484829E-02 
336	 0,127792549435741 
337	 0,185402534107654 
338	 0,190623339630439 
339	 0,111213405618531 
340	 9,90898543159069E-02 
341	 0,135434202639474 
342	 0,1205418042617 
343	 9,02811097831555E-02 
344	 7,54263749218198E-02 
345	 0,105888162508147 
346	 0,156265183472779 
347	 0,181113020103593 
348	 0,143999179242974 
349	 6,71603517506223E-02 
350	 0,034882900208166 
351	 5,30393454514623E-02 
352	 9,88425309545999E-02 
353	 9,19785637523441E-02 
354	 6,68088905906242E-02 
355	 6,70803347952707E-02 
356	 7,53527376907437E-02 
357	 7,98822800203782E-02 
358	 5,33544901420137E-02 
359	 5,34899861846619E-02 
360	 9,77181149157426E-02 
361	 0,102503970234452 
362	 8,57630280916666E-02 
363	 7,95129820723362E-02 
364	 7,93291718591954E-02 
365	 7,84766510469523E-02 
366	 0,048457600959229 
367	 4,69102573130269E-02 
368	 9,50668489256504E-02 
369	 7,71568569738101E-02 
370	 2,78559598722391E-02 
371	 3,10778500506428E-02 
372	 5,00715688014233E-02 
373	 0,063777454045723 
374	 4,33665231688745E-02 
375	 0,028412989448646 
376	 4,91594570330801E-02 
377	 6,14465867470075E-02 
378	 6,10744076262769E-02 
379	 5,12985945840663E-02 
380	 4,79990645982399E-02 
381	 5,53585589995956E-02 
382	 6,70434185076855E-02 
383	 7,05466004083481E-02 
384	 0,056940158637623 
385	 6,11305120814985E-02 
386	 7,06389281436936E-02 
387	 3,28561176816761E-02 
388	 1,79431335313772E-02 
389	 4,82491017159743E-02 
390	 6,13298641300653E-02 
391	 5,77880625148584E-02 
392	 4,46910952708282E-02 
393	 3,83476749219015E-02 
394	 4,04193602941888E-02 
395	 4,19628977805778E-02 
396	 4,51669810882786E-02 
397	 5,03051839326313E-02 
398	 5,43685046880206E-02 
399	 5,18463272286858E-02 
400	 3,40171579322929E-02 
401	 3,62176417767281E-02 
402	 5,55338377762006E-02 
403	 4,96680118308884E-02 
404	 3,46967410871536E-02 
405	 2,40052647128663E-02 
406	 2,65765591625575E-02 
407	 0,036322552049299 
408	 4,04278034544392E-02 
409	 0,041055778107652 
410	 3,89666489638318E-02 
411	 3,69047849388074E-02 
412	 3,46826563192676E-02 
413	 3,21841333154944E-02 
414	 3,23013364424885E-02 
415	 3,40506729310404E-02 
416	 3,41367363642789E-02 
417	 3,23216747965069E-02 
418	 2,97859431986791E-02 
419	 3,40154141364956E-02 
420	 4,00106660987334E-02 
421	 4,12382238594246E-02 
422	 4,12176137183902E-02 
423	 3,97328060190032E-02 
424	 3,27658531829888E-02 
425	 2,91970796075488E-02 
426	 3,35045628182583E-02 
427	 3,52796720252232E-02 
428	 3,45097482997071E-02 
429	 3,39356125304549E-02 
430	 0,032994039924426 
431	 3,20890398701573E-02 
432	 3,27287972767669E-02 
433	 3,51492747720936E-02 
434	 3,89795887957782E-02 
435	 3,62655902878936E-02 
436	 2,93178651986623E-02 
437	 2,69979053688703E-02 
438	 2,92789141637994E-02 
439	 3,46695356493973E-02 
440	 0,033392130813436 
441	 3,04994394070678E-02 
442	 3,34573999464786E-02 
443	 3,38205387026225E-02 
444	 3,16614603905142E-02 
445	 0,034458022276838 
446	 3,50602364627974E-02 
447	 0,030073220301954 
448	 3,06729793144277E-02 
449	 3,46861709559731E-02 
450	 3,52307162844806E-02 
451	 3,52057594053639E-02 
452	 3,56931289023071E-02 
453	 3,85875208085506E-02 
454	 3,91288082597499E-02 
455	 3,35047642205359E-02 
456	 3,46789506065414E-02 
457	 3,98635430849807E-02 
458	 3,47274635413291E-02 
459	 3,04696767175979E-02 
460	 0,031738931781278 
461	 3,51576810570436E-02 
462	 3,76945337931641E-02 
463	 3,59037136228472E-02 
464	 0,032632576618187 
465	 2,98383301224313E-02 
466	 3,05702971847019E-02 
467	 3,35570428627325E-02 
468	 3,74759509835611E-02 
469	 3,91981392492529E-02 
470	 0,038574799937269 
471	 3,62653249909173E-02 
472	 3,46393216533714E-02 
473	 3,44449639569535E-02 
474	 3,40980695555809E-02 
475	 3,39285479201762E-02 
476	 3,43757180577671E-02 
477	 3,65410783434878E-02 
478	 3,87711893883354E-02 
479	 3,59140363326656E-02 
480	 3,42326568335876E-02 
481	 3,62901337058994E-02 
482	 3,74383774235039E-02 
483	 3,69395564821904E-02 
484	 3,43891023132726E-02 
485	 3,45891345232908E-02 
486	 3,74381351768333E-02 
487	 3,72611574970215E-02 
488	 0,036081115181171 
489	 3,55403803143181E-02 
490	 3,52601372237149E-02 
491	 0,035600533148873 
492	 3,77881418226646E-02 
493	 3,81456947946212E-02 
494	 3,59871186191333E-02 
495	 3,54938172838767E-02 
496	 3,56943436874849E-02 
497	 3,51470964983049E-02 
498	 3,63624824088599E-02 
499	 3,85016401019066E-02 
500	 3,75434760125749E-02 
501	 3,59045156729746E-02 
502	 3,50628237534004E-02 
503	 3,47941787484306E-02 
504	 3,53389228720076E-02 
505	 3,72465054794504E-02 
506	 3,79980068492186E-02 
507	 3,72798163845013E-02 
508	 3,77088530548912E-02 
509	 3,75675481908819E-02 
510	 3,54365762993842E-02 
511	 3,57646513747796E-02 
512	 3,76423411292816E-02 
513	 3,62694502444308E-02 
514	 0,035888896475881 
515	 3,78997449432864E-02 
516	 3,89813903466099E-02 
517	 3,90774184572412E-02 
518	 0,038586174464894 
519	 3,86064573434511E-02 
520	 3,91637249316433E-02 
521	 3,90858977263181E-02 
522	 3,88664886922738E-02 
523	 3,89006379413822E-02 
524	 3,92103378177629E-02 
525	 3,97348844872502E-02 
526	 4,06263826064778E-02 
527	 3,99634707631027E-02 
528	 3,76226892623674E-02 
529	 3,67107509325756E-02 
530	 3,70647061116561E-02 
531	 3,81658225360494E-02 
532	 3,89035113608391E-02 
533	 3,88622853062141E-02 
534	 3,76500943168085E-02 
535	 3,72320306078156E-02 
536	 3,85495687542156E-02 
537	 3,88052559064472E-02 
538	 3,85137863117725E-02 
539	 3,93824752738728E-02 
540	 3,99391026070976E-02 
541	 3,97949810503866E-02 
542	 0,03935961627283 
543	 3,89609151135281E-02 
544	 3,89008855059817E-02 
545	 0,039112477839218 
546	 3,95017752295551E-02 
547	 0,039829670983027 
548	 4,03818664094278E-02 
549	 0,04112465715776 
550	 4,09569499950565E-02 
551	 4,02870124294632E-02 
552	 3,99284042600595E-02 
553	 3,95523407015835E-02 
554	 3,92196854135289E-02 
555	 3,93649041582337E-02 
556	 3,96890757298242E-02 
557	 3,99381151117258E-02 
558	 4,03498622329778E-02 
559	 4,07467370163766E-02 
560	 0,040604405956113 
561	 4,04520497125059E-02 
562	 4,05506402537956E-02 
563	 0,04108375393316 
564	 4,14441945823755E-02 
565	 4,08344188272064E-02 
566	 4,05247891384949E-02 
567	 4,06568794209397E-02 
568	 4,04667773871753E-02 
569	 4,01507579974659E-02 
570	 3,99261408762098E-02 
571	 0,040499836144107 
572	 4,14624752059112E-02 
573	 4,17272703867031E-02 
574	 0,041886206748563 
575	 0,042114189886848 
576	 4,21816905611281E-02 
577	 4,26828041699336E-02 
578	 4,42330904634057E-02 
579	 4,44960580205516E-02 
580	 4,35825781309839E-02 
581	 4,36730961758756E-02 
582	 4,36384867307235E-02 
583	 4,30480514932034E-02 
584	 4,35915223085907E-02 
585	 4,47531699471824E-02 
586	 4,53075441263636E-02 
587	 4,53823015705917E-02 
588	 0,045220864424486 
589	 4,59077112212991E-02 
590	 4,64877126514565E-02 
591	 4,60985625552743E-02 
592	 4,63815896635728E-02 
593	 4,70497297077857E-02 
594	 4,63223059468847E-02 
595	 4,59955563105513E-02 
596	 4,67299041325468E-02 
597	 4,69266351858361E-02 
598	 4,67202235895193E-02 
599	 4,65733658270417E-02 
600	 4,63624560015418E-02 
601	 4,61490934717875E-02 
602	 0,046203331519545 
603	 0,046309219445925 
604	 4,62536844138411E-02 
605	 4,56251272336426E-02 
606	 4,48994997172168E-02 
607	 4,54444746351285E-02 
608	 4,57877940761639E-02 
609	 4,54827324350155E-02 
610	 4,55362523592397E-02 
611	 4,54703595394882E-02 
612	 4,46120977288962E-02 
613	 4,46480112688792E-02 
614	 4,54138098179015E-02 
615	 4,49311950466082E-02 
616	 4,42320654581287E-02 
617	 4,40568732329432E-02 
618	 4,48417775121357E-02 
619	 0,045652870805879 
620	 4,44674736991207E-02 
621	 4,38854901645327E-02 
622	 4,45166278879323E-02 
623	 4,47727699780076E-02 
624	 4,47085793657416E-02 
625	 0,04449490323024 
626	 4,45951933773851E-02 
627	 4,50254574912277E-02 
628	 4,55745214609123E-02 
629	 4,57440287533281E-02 
630	 4,53448139726682E-02 
631	 4,51544032806867E-02 
632	 4,51833544319752E-02 
633	 4,52593970169664E-02 
634	 4,56378355830369E-02 
635	 4,62439439719745E-02 
636	 4,65332221187146E-02 
637	 4,66819010767709E-02 
638	 4,68562972222131E-02 
639	 4,69658810180833E-02 
640	 4,71250491070079E-02 
641	 4,76678518560859E-02 
642	 4,81003388621135E-02 
643	 4,82614858061545E-02 
644	 4,85220061873201E-02 
645	 4,89381775130415E-02 
646	 4,95397192841196E-02 
647	 4,96042563840376E-02 
648	 4,90772962930441E-02 
649	 4,83884864117657E-02 
650	 4,81263644629271E-02 
651	 0,04854533172709 
652	 4,79366869133036E-02 
653	 4,70410392435311E-02 
654	 0,047998941802902 
655	 4,82608245374218E-02 
656	 4,71776926648917E-02 
657	 0,046029324942532 
658	 4,53583364416066E-02 
659	 0,045599249042692 
660	 4,56027891994651E-02 
661	 4,52515169125623E-02 
662	 4,50738027315436E-02 
663	 0,044656034527504 
664	 4,39263876696281E-02 
665	 4,39271798067503E-02 
666	 4,39954038981082E-02 
667	 4,28870197325575E-02 
668	 4,23688673693421E-02 
669	 4,27632812767271E-02 
670	 4,31975112408958E-02 
671	 4,35734067627188E-02 
672	 4,37954667951325E-02 
673	 4,35784016117875E-02 
674	 4,32506570022091E-02 
675	 0,043747699617883 
676	 4,39668179432705E-02 
677	 4,36881910119756E-02 
678	 4,40802369012145E-02 
679	 0,044852232164561 
680	 4,55391165889237E-02 
681	 4,54844566660811E-02 
682	 4,49968536131493E-02 
683	 4,56107413419277E-02 
684	 4,62654194545318E-02 
685	 4,63762948433122E-02 
686	 4,66019711796793E-02 
687	 4,69702610583806E-02 
688	 4,73805659392927E-02 
689	 4,77396616506995E-02 
690	 4,81489524925925E-02 
691	 4,90108691458198E-02 
692	 5,05324441068323E-02 
693	 5,28178401468207E-02 
694	 5,48405394670582E-02 
695	 5,66561723953042E-02 
696	 5,89296501126998E-02 
697	 6,16181665920099E-02 
698	 6,46434265790408E-02 
699	 6,73941602548161E-02 
700	 7,05921843538966E-02 
701	 7,52086985523911E-02 
702	 7,96806243380592E-02 
703	 8,37202287825289E-02 
704	 8,78740972354583E-02 
705	 9,21937175971698E-02 
706	 0,096620826165838 
707	 0,100433888847957 
708	 0,103957056174142 
709	 0,107946721982822 
710	 0,112024520426112 
711	 0,116020284042926 
712	 0,119731533354278 
713	 0,123132514764219 
714	 0,126227385445133 
715	 0,129323672615405 
716	 0,132384430142582 
717	 0,135136427637572 
718	 0,137726330810797 
719	 0,140117631320508 
720	 0,141674684632802 
721	 0,143090256170001 
722	 0,145303622862279 
723	 0,147102720173994 
724	 0,148427184103747 
725	 0,150121406742396 
726	 0,151635017384607 
727	 0,152716358543431 
728	 0,154284159405035 
729	 0,155851016249359 
730	 0,156343418332978 
731	 0,156604090131112 
732	 0,157047463354897 
733	 0,158197352212266 
734	 0,1593060138369 
735	 0,159729924642734 
736	 0,160057368739493 
737	 0,160543706704688 
738	 0,161607323996439 
739	 0,162345401807387 
740	 0,162475103543993 
741	 0,16262669996677 
742	 0,162870544211757 
743	 0,163220673630032 
744	 0,163504633155472 
745	 0,163689840628789 
746	 0,163784037333582 
747	 0,164041360491189 
748	 0,164532125204446 
749	 0,164702667507818 
750	 0,164661133631503 
751	 0,164666554642158 
752	 0,164922105474768 
753	 0,165395965487094 
754	 0,165674707870305 
755	 0,166054041736681 
756	 0,166669431660215 
757	 0,166621656192648 
758	 0,16625892734133 
759	 0,166554077536381 
760	 0,16693794448478 
761	 0,167206689564835 
762	 0,167286424447795 
763	 0,16734854691811 
764	 0,167543485251654 
765	 0,167516476239418 
766	 0,167375394093686 
767	 0,167549471262157 
768	 0,167809573706599 
769	 0,168089949213922 
770	 0,168562038193862 
771	 0,16897488259833 
772	 0,169028776537276 
773	 0,168891990117219 
774	 0,168704686482179 
775	 0,168691643604944 
776	 0,168949902111829 
777	 0,169408812371884 
778	 0,169177604135336 
779	 0,168804516671986 
780	 0,169228234027405 
781	 0,169648623395439 
782	 0,169833150760907 
783	 0,169769079802812 
784	 0,169663183631279 
785	 0,169696892438315 
786	 0,170071872513485 
787	 0,170643901444946 
788	 0,171139949219852 
789	 0,171191617657981 
790	 0,170890766743941 
791	 0,17121733124124 
792	 0,171339382128441 
793	 0,170686956973731 
794	 0,170758790223573 
795	 0,171370862608831 
796	 0,171601637245186 
797	 0,171728917835738 
798	 0,171804199543207 
799	 0,17178481685899 
800	 0,171697900496779 
801	 0,171594846854053 
802	 0,171817409471949 
803	 0,172229873320817 
804	 0,172364904036626 
805	 0,172227116960431 
806	 0,171965803503795 
807	 0,172450832957182 
808	 0,17295099643442 
809	 0,172660619117557 
810	 0,172604062043291 
811	 0,172873588548962 
812	 0,173079395551652 
813	 0,173460096168064 
814	 0,173981484573883 
815	 0,173929021933885 
816	 0,173711498354656 
817	 0,1738776804816 
818	 0,173921089768514 
819	 0,173856778461263 
820	 0,174086806728366 
821	 0,174140167082929 
822	 0,1739069002547 
823	 0,174211857292166 
824	 0,174685804640857 
825	 0,174760877296877 
826	 0,1751926938952 
827	 0,175760108813137 
828	 0,175158974911958 
829	 0,174893555654515 
830	 0,175535319047969 
831	 0,175195989798788 
832	 0,174487584514112 
833	 0,174502337333217 
834	 0,175131839789407 
835	 0,175993107231939 
836	 0,175928626973079 
837	 0,1758271112605 
838	 0,176083592583768 
839	 0,175789359770093 
840	 0,175511344025561 
841	 0,176153986620773 
842	 0,176586644264191 
843	 0,176547546430731 
844	 0,176155019172711 
845	 0,176026828269957 
846	 0,176430462116257 
847	 0,176531546686436 
848	 0,176434694556466 
849	 0,176427868492445 
850	 0,176198540268429 
851	 0,175895573834776 
852	 0,176222613062881 
853	 0,176562722074674 
854	 0,176566661196191 
855	 0,176389830909425 
856	 0,176161179744557 
857	 0,176035032287516 
858	 0,175849984744476 
859	 0,175750287658606 
860	 0,176383255133044 
861	 0,176574148794403 
862	 0,175948070572706 
863	 0,176517620789561 
864	 0,17716411848258 
865	 0,17621748922753 
866	 0,176059303061303 
867	 0,176668244957793 
868	 0,17608704627543 
869	 0,175999787018954 
870	 0,176925410304779 
871	 0,176860549296391 
872	 0,17650827383127 
873	 0,176909255548775 
874	 0,177215972698232 
875	 0,177301965105587 
876	 0,177316471568393 
877	 0,177477495066826 
878	 0,17777856618266 
879	 0,177510596772382 
880	 0,177412971710921 
881	 0,178255351347245 
882	 0,178400753451148 
883	 0,177821038318487 
884	 0,177189865910263 
885	 0,177502331024504 
886	 0,178712045496689 
887	 0,178344665496488 
888	 0,177702012482547 
889	 0,178065971523277 
890	 0,177860803695864 
891	 0,177509797877158 
892	 0,178591939918748 
893	 0,179051588645928 
894	 0,178515146086772 
895	 0,178595120585636 
896	 0,178731088384802 
897	 0,178505711481 
898	 0,178672017072991 
899	 0,178916413775211 
900	 0,178450348223962 
901	 0,178849090582817 
902	 0,179915696574721 
903	 0,179116966902989 
904	 0,178584538395824 
905	 0,179461743445079 
906	 0,17950172139354 
907	 0,179192105175149 
908	 0,179595190020074 
909	 0,179627873144525 
910	 0,179350569769874 
911	 0,179795388312666 
912	 0,18013305691848 
913	 0,180014642397941 
914	 0,179946116910615 
915	 0,179698172672887 
916	 0,179051839992175 
917	 0,179560306360505 
918	 0,180754008774346 
919	 0,180674421140625 
920	 0,180507416475908 
921	 0,180545583484822 
922	 0,180249058692227 
923	 0,17991172624346 
924	 0,179822182028685 
925	 0,180267240353923 
926	 0,18045491982258 
927	 0,178856909012973 
928	 0,178617705215535 
929	 0,179929297039247 
930	 0,179899925995797 
931	 0,179773203865686 
932	 0,180163613548158 
933	 0,180132358926209 
934	 0,179620270343608 
935	 0,178721619094013 
936	 0,178690832950412 
937	 0,179266354794723 
938	 0,178831314659293 
939	 0,178462005290297 
940	 0,17839216278781 
941	 0,177667850212022 
942	 0,17704641885121 
943	 0,177246738770565 
944	 0,178189442498034 
945	 0,179029544817343 
946	 0,17834208788589 
947	 0,176813852026821 
948	 0,175307198146179 
949	 0,175959564097891 
950	 0,177077495022202 
951	 0,17745366041019 
952	 0,17648277404965 
953	 0,174586811273739 
954	 0,17250216040533 
955	 0,172942970381621 
956	 0,174952309527653 
957	 0,174514985317776 
958	 0,174049692244648 
959	 0,174059230868637 
960	 0,173169183394326 
961	 0,17222700835553 
962	 0,171907242115626 
963	 0,171725207372331 
964	 0,171792824758969 
965	 0,172356589624292 
966	 0,172784841410111 
967	 0,172805163921099 
968	 0,172077603786779 
969	 0,17196317374802 
970	 0,172721645041011 
971	 0,172343925506381 
972	 0,171240904925791 
973	 0,170080943314255 
974	 0,170433093207908 
975	 0,171751625880532 
976	 0,172581888669015 
977	 0,17233903880767 
978	 0,17145991834938 
979	 0,172192799521309 
980	 0,172977115203778 
981	 0,172903060589355 
982	 0,171379952858578 
983	 0,170708283578139 
984	 0,172934004595585 
985	 0,173254673996025 
986	 0,172250168378596 
987	 0,172717469614859 
988	 0,174655078565955 
989	 0,177095241020868 
990	 0,17659814128571 
991	 0,175172361500384 
992	 0,174353152575839 
993	 0,176391673833258 
994	 0,177924783452805 
995	 0,175639734517778 
996	 0,174729313284874 
997	 0,175631995082683 
998	 0,177226921055983 
999	 0,178733506348121 
1000	 0,179368205873738 
1001	 0,177447093760108 
1002	 0,176990572655711 
1003	 0,179506152291772 
1004	 0,180851218532758 
1005	 0,18054056627646 
1006	 0,178750588127572 
1007	 0,178735637652206 
1008	 0,179518099929994 
1009	 0,17828009147322 
1010	 0,178283172509881 
1011	 0,179661688990265 
1012	 0,179867540530886 
1013	 0,180530231220269 
1014	 0,18200201353544 
1015	 0,182366566770102 
1016	 0,182687717479334 
1017	 0,183700853520066 
1018	 0,182862500433937 
1019	 0,181151123805918 
1020	 0,180600604360835 
1021	 0,183086309476567 
1022	 0,186593582386859 
1023	 0,183728158492326 
1024	 0,184466424156305 
1025	 0,190066477377112 
1026	 0,190112169304631 
1027	 0,188127309445264 
1028	 0,187018848710725 
1029	 0,188473923443398 
1030	 0,189993101088662 
1031	 0,188640441210871 
1032	 0,188521642533366 
1033	 0,190336637277137 
1034	 0,194151878686096 
1035	 0,189681458985398 
1036	 0,180438257542385 
1037	 0,190163370737957 
1038	 0,19442355790604 
1039	 0,186360747101637 
1040	 0,192667604381509 
1041	 0,198769080271859 
1042	 0,192818363365484 
1043	 0,18969019310145 
1044	 0,189124789875074 
1045	 0,187960786618472 
1046	 0,185420940193651 
1047	 0,183636621841041 
1048	 0,187739157042263 
1049	 0,196928754430219 
1050	 0,205402461856266 
1051	 0,193669977473971 
1052	 0,18873868307594 
1053	 0,201381803368867 
1054	 0,204391978517478 
1055	 0,205602817359326 
1056	 0,211122528548407 
1057	 0,202695835776029 
1058	 0,191908091235812 
1059	 0,198214942544185 
1060	 0,199361055639769 
1061	 0,197368794541832 
1062	 0,207954348289461 
1063	 0,209169994028522 
1064	 0,19774350638624 
1065	 0,186147806204682 
1066	 0,182405061270932 
1067	 0,189584268637045 
1068	 0,200051469200821 
1069	 0,208484126767198 
1070	 0,210564795217938 
1071	 0,204047436270747 
1072	 0,198465511787743 
1073	 0,203772202742522 
1074	 0,189563166086222 
1075	 0,174607166595239 
