Wavelength	GRA-VIE00550.asd
325	 0,459617497312558 
326	 0,558971676412715 
327	 0,559915279724083 
328	 0,44573129322582 
329	 0,336876609339333 
330	 0,268891240675777 
331	 0,329811342542473 
332	 0,436288155468522 
333	 0,551320095895919 
334	 0,374614199573303 
335	 0,294670824179718 
336	 0,382988223151278 
337	 0,391967340445602 
338	 0,365529193212563 
339	 0,334766431687116 
340	 0,266369110833444 
341	 0,203999053585449 
342	 0,304471359243436 
343	 0,368507482549671 
344	 0,347540261563889 
345	 0,281275487328394 
346	 0,217249944574428 
347	 0,215546660521934 
348	 0,236814791546584 
349	 0,255708254351198 
350	 0,235196923074261 
351	 0,198882557447833 
352	 0,160841279873657 
353	 0,189149377055771 
354	 0,245670461819878 
355	 0,282233841519728 
356	 0,258816108399317 
357	 0,196121451114537 
358	 0,173006340936399 
359	 0,17445369374904 
360	 0,19110633608137 
361	 0,200062120685291 
362	 0,214038582901974 
363	 0,257047080104217 
364	 0,245520279544112 
365	 0,18852273799733 
366	 0,189656857430786 
367	 0,210676250785853 
368	 0,222358099533886 
369	 0,20403849651334 
370	 0,177482693205455 
371	 0,182872968309305 
372	 0,188644148265469 
373	 0,188956970089987 
374	 0,200063296691687 
375	 0,205263087197962 
376	 0,192781785157311 
377	 0,176651823614757 
378	 0,172235751581843 
379	 0,209248668586932 
380	 0,211716089101905 
381	 0,174491851178288 
382	 0,181056420100899 
383	 0,193424675816616 
384	 0,172358966589783 
385	 0,177241130578105 
386	 0,198653514609797 
387	 0,188283405187352 
388	 0,185663184705107 
389	 0,200788131243747 
390	 0,198166864205572 
391	 0,19143889303327 
392	 0,199440501101313 
393	 0,195951748889728 
394	 0,184083011918413 
395	 0,193027702335093 
396	 0,195094105054476 
397	 0,180419664090787 
398	 0,18243626940939 
399	 0,189761266292649 
400	 0,17987551104782 
401	 0,179426098373974 
402	 0,187649515806728 
403	 0,174681756522027 
404	 0,168126284656034 
405	 0,184320600403824 
406	 0,186005840649621 
407	 0,175364163944549 
408	 0,167193691032593 
409	 0,16446873468674 
410	 0,166615817014488 
411	 0,164848139873252 
412	 0,163662236309787 
413	 0,167253905071917 
414	 0,167494883096461 
415	 0,164868277045245 
416	 0,164939880594675 
417	 0,163142076794437 
418	 0,15904468597463 
419	 0,161154827738906 
420	 0,164777635120451 
421	 0,16324923530398 
422	 0,160620627107078 
423	 0,158469947540664 
424	 0,15891848943755 
425	 0,157092519195138 
426	 0,151329292255218 
427	 0,154378256731599 
428	 0,1612991604312 
429	 0,16076828148436 
430	 0,160224804310366 
431	 0,160940821566131 
432	 0,158860796258788 
433	 0,157166154508622 
434	 0,158730287995403 
435	 0,162613999631005 
436	 0,166305773724566 
437	 0,16418033611857 
438	 0,162168101673429 
439	 0,162633340811667 
440	 0,164144546339145 
441	 0,163757159819259 
442	 0,158086581153476 
443	 0,15595277669672 
444	 0,158046248486964 
445	 0,15844315739927 
446	 0,15940006173216 
447	 0,161898505865689 
448	 0,16233424669169 
449	 0,161713966307357 
450	 0,162733435262479 
451	 0,164735286243595 
452	 0,166654551932924 
453	 0,164541531781485 
454	 0,162890708411592 
455	 0,165721278078989 
456	 0,166515445333457 
457	 0,165289131954409 
458	 0,16526713767581 
459	 0,166606463536104 
460	 0,168955325064567 
461	 0,169338486132253 
462	 0,168206836196653 
463	 0,166588306688612 
464	 0,165930600170457 
465	 0,166764342020063 
466	 0,169615831886899 
467	 0,170800887589198 
468	 0,168283939499707 
469	 0,167198058337593 
470	 0,167395007346612 
471	 0,166933187686137 
472	 0,166678268689633 
473	 0,166872547778496 
474	 0,16745221654222 
475	 0,168292158003626 
476	 0,169229174680558 
477	 0,169761113971088 
478	 0,16920213782575 
479	 0,165694279821485 
480	 0,16345708362994 
481	 0,164295517916253 
482	 0,16510380057951 
483	 0,165662281393909 
484	 0,166155638643609 
485	 0,167292624865253 
486	 0,168485745452192 
487	 0,166695913092232 
488	 0,165494274377309 
489	 0,167248856189861 
490	 0,166593765540416 
491	 0,163979532832032 
492	 0,161946530163121 
493	 0,162310977191948 
494	 0,164894471101026 
495	 0,164363768912236 
496	 0,162953111099306 
497	 0,163595436965709 
498	 0,164290118750188 
499	 0,164417560385903 
500	 0,16308244672025 
501	 0,163511088527389 
502	 0,166981721676125 
503	 0,167774337876604 
504	 0,167075514807942 
505	 0,168308929718071 
506	 0,169412113380507 
507	 0,169684361639834 
508	 0,168578375470177 
509	 0,168009836067967 
510	 0,169571491490622 
511	 0,169967620766485 
512	 0,169523686975867 
513	 0,170795325893216 
514	 0,172022273641206 
515	 0,172478736409271 
516	 0,172606184646992 
517	 0,1729907005703 
518	 0,174384221687305 
519	 0,175331446413774 
520	 0,175381254981359 
521	 0,174327056693491 
522	 0,1738943886603 
523	 0,175094249567183 
524	 0,174420481444433 
525	 0,17287105021399 
526	 0,174057657650696 
527	 0,174808104911647 
528	 0,174109126707729 
529	 0,172631016435929 
530	 0,171742291992137 
531	 0,172869272290089 
532	 0,17368245838445 
533	 0,173560682215108 
534	 0,172440131675558 
535	 0,171414019653989 
536	 0,171261513017365 
537	 0,172551592333709 
538	 0,173835356812589 
539	 0,172309120365607 
540	 0,171437190111324 
541	 0,17219464539122 
542	 0,173688041328875 
543	 0,174418788929741 
544	 0,173096855847711 
545	 0,172425144690105 
546	 0,172895878314301 
547	 0,174336922271056 
548	 0,174990937863763 
549	 0,174142960425996 
550	 0,173730072724367 
551	 0,173876601941187 
552	 0,174429387910612 
553	 0,174476893077281 
554	 0,173886524455068 
555	 0,173468591237019 
556	 0,172753179727137 
557	 0,171492599926918 
558	 0,171972946051371 
559	 0,17325049749066 
560	 0,171900772737447 
561	 0,170797482474351 
562	 0,17095576017363 
563	 0,171024502691101 
564	 0,17094998155919 
565	 0,170817623169617 
566	 0,170843738893314 
567	 0,171106537613992 
568	 0,171609651626367 
569	 0,172248635121238 
570	 0,172953632410041 
571	 0,173787066609718 
572	 0,17485961780136 
573	 0,17647906415818 
574	 0,177630854089948 
575	 0,178193548797335 
576	 0,179707313151161 
577	 0,181203009179499 
578	 0,181544399699639 
579	 0,183577963311369 
580	 0,18678072091904 
581	 0,18750568943253 
582	 0,18807032129125 
583	 0,189776307610264 
584	 0,191849810969092 
585	 0,193808870842812 
586	 0,195007017661495 
587	 0,196006588334527 
588	 0,197042267497002 
589	 0,198301504992251 
590	 0,199453773333943 
591	 0,200196766160662 
592	 0,201053442211809 
593	 0,201815659337204 
594	 0,201535998936142 
595	 0,201583779694613 
596	 0,202495951553427 
597	 0,203189063487397 
598	 0,203374996563922 
599	 0,202806836140841 
600	 0,202487796022911 
601	 0,202612283137924 
602	 0,202694588341068 
603	 0,2024464401938 
604	 0,201669703291044 
605	 0,200814761801102 
606	 0,19991700238537 
607	 0,198788723060746 
608	 0,197805905186184 
609	 0,197051442838298 
610	 0,195959059756355 
611	 0,195064555564265 
612	 0,195066025595964 
613	 0,194601565018232 
614	 0,193693065761904 
615	 0,193670189986763 
616	 0,193516515977177 
617	 0,19265161466672 
618	 0,192010824274029 
619	 0,191769226924394 
620	 0,191999022516067 
621	 0,192245625816405 
622	 0,192340310419622 
623	 0,192415528791037 
624	 0,192464963635312 
625	 0,192486140641668 
626	 0,192727693031771 
627	 0,193122346801239 
628	 0,193294998182976 
629	 0,193587765484722 
630	 0,19410984340633 
631	 0,194252403241833 
632	 0,194434854944171 
633	 0,195440774418959 
634	 0,196400305513197 
635	 0,197188932918817 
636	 0,19841901595463 
637	 0,199713159616566 
638	 0,200743370006793 
639	 0,201744894285284 
640	 0,20281096243875 
641	 0,204110514107323 
642	 0,205225993758371 
643	 0,206021343589763 
644	 0,206876826627778 
645	 0,207752623488441 
646	 0,208555930281833 
647	 0,208490963633687 
648	 0,207718380360795 
649	 0,207546781846351 
650	 0,207252248366776 
651	 0,206332018641416 
652	 0,204883623561068 
653	 0,203270238822196 
654	 0,202209203890967 
655	 0,200709501961075 
656	 0,198644552910104 
657	 0,197122311847846 
658	 0,19560745900989 
659	 0,193489454578416 
660	 0,190986184685375 
661	 0,188385633179026 
662	 0,186312881580529 
663	 0,184265438150428 
664	 0,18211731457656 
665	 0,180846174019339 
666	 0,17983127183607 
667	 0,177900580155525 
668	 0,176914472015927 
669	 0,176959923522555 
670	 0,176141920727879 
671	 0,175563996717561 
672	 0,176021790312973 
673	 0,175613871105815 
674	 0,174711184405773 
675	 0,17504678021483 
676	 0,175260070885986 
677	 0,174944217220824 
678	 0,174730689571284 
679	 0,174708921466351 
680	 0,174921388295229 
681	 0,175299933842415 
682	 0,175976787095283 
683	 0,177394446201736 
684	 0,179008199344065 
685	 0,180598432071525 
686	 0,183161366450988 
687	 0,186434789213586 
688	 0,189608408807913 
689	 0,194187173773168 
690	 0,2002383385863 
691	 0,20574447471198 
692	 0,212306345189266 
693	 0,221317237981338 
694	 0,230635472567804 
695	 0,240277389774893 
696	 0,251408334547669 
697	 0,263500424603426 
698	 0,276148413263823 
699	 0,288579341440706 
700	 0,30106424319045 
701	 0,314045972468666 
702	 0,326757148037147 
703	 0,339030167425039 
704	 0,351198492367777 
705	 0,362645225253445 
706	 0,373016903986452 
707	 0,38300780472001 
708	 0,392646461615133 
709	 0,401766395301413 
710	 0,410154868248768 
711	 0,417853868124538 
712	 0,425367402932515 
713	 0,432347288867162 
714	 0,438486415663329 
715	 0,444018987807901 
716	 0,449241862293578 
717	 0,454808400615935 
718	 0,459839016000052 
719	 0,463994072017076 
720	 0,467609433525589 
721	 0,470979692763451 
722	 0,47444696157971 
723	 0,477798230459699 
724	 0,480864440235744 
725	 0,483321171281899 
726	 0,485456108804618 
727	 0,487484316215746 
728	 0,489590332705295 
729	 0,491531642764654 
730	 0,492794485102027 
731	 0,494172057431366 
732	 0,495826442062758 
733	 0,497269228114024 
734	 0,498612964537459 
735	 0,499947348248839 
736	 0,500953283573712 
737	 0,501748687612967 
738	 0,502750195076424 
739	 0,503721458423724 
740	 0,50460163448969 
741	 0,505569677063573 
742	 0,506402929006394 
743	 0,506840235082316 
744	 0,507214743813215 
745	 0,507649933247343 
746	 0,508218981412377 
747	 0,508866456609494 
748	 0,50953790531374 
749	 0,510102104330281 
750	 0,510611343590073 
751	 0,511165319852348 
752	 0,51186877996087 
753	 0,512642551633827 
754	 0,513111360235716 
755	 0,513377602256484 
756	 0,513563316987688 
757	 0,514020223381867 
758	 0,514604928764476 
759	 0,514874082322497 
760	 0,515396381960699 
761	 0,516191581090771 
762	 0,516500142183412 
763	 0,516579429803064 
764	 0,516716992852845 
765	 0,516908151429108 
766	 0,517200115652011 
767	 0,517719792557468 
768	 0,518076734562174 
769	 0,518153595736076 
770	 0,518294646063956 
771	 0,51857502420567 
772	 0,519037532034403 
773	 0,519367471232806 
774	 0,519586143341104 
775	 0,520040222679429 
776	 0,520376777518016 
777	 0,520432546265124 
778	 0,520411978742785 
779	 0,520546105242967 
780	 0,52112704112484 
781	 0,521542511013762 
782	 0,521687990302576 
783	 0,521832748726297 
784	 0,522109615221728 
785	 0,522556976551664 
786	 0,522685950488827 
787	 0,522636244301828 
788	 0,522764736262469 
789	 0,523131635177714 
790	 0,523636973944178 
791	 0,523758927742064 
792	 0,523852370352752 
793	 0,524179054425489 
794	 0,524225244265621 
795	 0,52414851483979 
796	 0,524453960587127 
797	 0,524792941684674 
798	 0,525055074367828 
799	 0,525319821172479 
800	 0,525517200301943 
801	 0,525580092607407 
802	 0,525466333827204 
803	 0,525415674276208 
804	 0,526075278373125 
805	 0,526536649022168 
806	 0,52656274792308 
807	 0,526880709834165 
808	 0,527374089440486 
809	 0,527860985502906 
810	 0,528318905172406 
811	 0,528777391439 
812	 0,529402457110175 
813	 0,529756462407072 
814	 0,529770363781443 
815	 0,530259701833331 
816	 0,530825575196703 
817	 0,530926738189536 
818	 0,531265562923748 
819	 0,531814259020442 
820	 0,531982602824739 
821	 0,532282656764699 
822	 0,532876067421949 
823	 0,533167312635325 
824	 0,533289259563473 
825	 0,533488861993032 
826	 0,533799426581011 
827	 0,534076811586513 
828	 0,533719452179819 
829	 0,533878362385036 
830	 0,534963581156082 
831	 0,535340338918168 
832	 0,535309201183954 
833	 0,535530087313899 
834	 0,535899637052853 
835	 0,536213360509114 
836	 0,535788164930458 
837	 0,535618572357793 
838	 0,536169845566131 
839	 0,53653899552804 
840	 0,536716821208824 
841	 0,536843621969925 
842	 0,5367808312905 
843	 0,536760396147171 
844	 0,537734183746707 
845	 0,538051725758144 
846	 0,537105538576579 
847	 0,537560986681427 
848	 0,538547374202599 
849	 0,538429160549674 
850	 0,538573632133404 
851	 0,539223605647698 
852	 0,540154862150666 
853	 0,540599294486387 
854	 0,54022786052937 
855	 0,540036133674405 
856	 0,540045824630908 
857	 0,54011300872131 
858	 0,540399283455612 
859	 0,540814585049628 
860	 0,541037697372617 
861	 0,540865385260841 
862	 0,540464702731443 
863	 0,541610250972678 
864	 0,543199671590373 
865	 0,543570179039288 
866	 0,543537974268753 
867	 0,543422519431706 
868	 0,543628236137491 
869	 0,543722611348209 
870	 0,543662436749995 
871	 0,544535105086811 
872	 0,545365139571984 
873	 0,544915335227322 
874	 0,544646749058873 
875	 0,544912440824253 
876	 0,54580578235964 
877	 0,546214708665528 
878	 0,545921460113981 
879	 0,546893272831704 
880	 0,547651953556985 
881	 0,546601136871778 
882	 0,546866377983362 
883	 0,548171814764177 
884	 0,54813613871252 
885	 0,547777047156392 
886	 0,547589832479114 
887	 0,548291201282161 
888	 0,549100884961843 
889	 0,549289025935137 
890	 0,549845492144868 
891	 0,550616938733272 
892	 0,550892929231987 
893	 0,551239983156355 
894	 0,551640401173588 
895	 0,551180922609062 
896	 0,550794080792574 
897	 0,551203997399937 
898	 0,551691141603676 
899	 0,552303459345827 
900	 0,553366856596312 
901	 0,553637552965533 
902	 0,553245445154485 
903	 0,554155802742398 
904	 0,554944745699481 
905	 0,554783971458088 
906	 0,55466690991588 
907	 0,554608921591573 
908	 0,554459949071012 
909	 0,554607039253086 
910	 0,555002656270847 
911	 0,555207267733132 
912	 0,555310441107876 
913	 0,555436613927571 
914	 0,556061309806463 
915	 0,55688361812168 
916	 0,557486450877552 
917	 0,557309492116581 
918	 0,556683142137811 
919	 0,556761313072231 
920	 0,55648812578046 
921	 0,555944161087882 
922	 0,557333929295944 
923	 0,558128665641636 
924	 0,556481163249126 
925	 0,556512874284668 
926	 0,557770933717115 
927	 0,558274330592324 
928	 0,557682886690489 
929	 0,556512722335784 
930	 0,557228602872965 
931	 0,557828164232016 
932	 0,557241303844722 
933	 0,556821509726183 
934	 0,556821397506849 
935	 0,557348860218246 
936	 0,558027468022659 
937	 0,558265247809429 
938	 0,556492791309827 
939	 0,556338606868299 
940	 0,558279250979057 
941	 0,556868005336052 
942	 0,55505345508559 
943	 0,55562327189001 
944	 0,556684084433692 
945	 0,557003075020979 
946	 0,55485214975774 
947	 0,553938663286867 
948	 0,554606410324036 
949	 0,553852113554305 
950	 0,552608305310176 
951	 0,551458525200473 
952	 0,550346871454786 
953	 0,550018280114033 
954	 0,551207644530536 
955	 0,550873390264882 
956	 0,549097875086979 
957	 0,547609781167398 
958	 0,548094755916985 
959	 0,550252810126906 
960	 0,549461798243048 
961	 0,548478449455672 
962	 0,549230725573689 
963	 0,548183762846597 
964	 0,546820841286519 
965	 0,548048726834914 
966	 0,54920091742755 
967	 0,549539740969509 
968	 0,548891750501666 
969	 0,548749199686859 
970	 0,549685907095655 
971	 0,55096637581076 
972	 0,551166894354814 
973	 0,549351878308487 
974	 0,549329596925336 
975	 0,550365929420055 
976	 0,549947612921325 
977	 0,550138091084759 
978	 0,550780648799143 
979	 0,549422550353609 
980	 0,548312943079969 
981	 0,548584566297025 
982	 0,549614262670741 
983	 0,550588015278036 
984	 0,550778003935261 
985	 0,551156792321543 
986	 0,551744815250949 
987	 0,55218921505628 
988	 0,553376439943824 
989	 0,555125691941227 
990	 0,555945775859109 
991	 0,556345948963257 
992	 0,556577836211517 
993	 0,556220999174247 
994	 0,55688433534495 
995	 0,559838336360139 
996	 0,559550538124388 
997	 0,557857021660464 
998	 0,560233841054615 
999	 0,563665188643419 
1000	 0,566181081848446 
1001	 0,5643420682191 
1002	 0,562075584462313 
1003	 0,562003945075912 
1004	 0,566008207200091 
1005	 0,569225585322851 
1006	 0,567142099102546 
1007	 0,565001513064414 
1008	 0,56468999307373 
1009	 0,567680456185128 
1010	 0,57175505155394 
1011	 0,575144939637241 
1012	 0,575370767664456 
1013	 0,57242756784826 
1014	 0,5683084816572 
1015	 0,572555002765102 
1016	 0,577418538098408 
1017	 0,576145053515975 
1018	 0,574887929216723 
1019	 0,574472819271554 
1020	 0,574859348259664 
1021	 0,576973824896866 
1022	 0,580508487287668 
1023	 0,584572757513988 
1024	 0,585764265475494 
1025	 0,583538135987153 
1026	 0,581356867386619 
1027	 0,581627058943274 
1028	 0,585296517870629 
1029	 0,587112648740829 
1030	 0,589501786516629 
1031	 0,595074223289645 
1032	 0,591076270557166 
1033	 0,581465830278741 
1034	 0,57924649283118 
1035	 0,582207256036529 
1036	 0,588674884931141 
1037	 0,595337167320978 
1038	 0,596854119510396 
1039	 0,592232721033232 
1040	 0,591486222630799 
1041	 0,591693243276699 
1042	 0,5903092015483 
1043	 0,590377840619646 
1044	 0,591682129179202 
1045	 0,593412290665805 
1046	 0,594490833177193 
1047	 0,59468483925261 
1048	 0,594035551174042 
1049	 0,597766699708427 
1050	 0,604087798101301 
1051	 0,598478429640441 
1052	 0,598977829703743 
1053	 0,609853575448197 
1054	 0,601810253434812 
1055	 0,590635711898799 
1056	 0,592257180281226 
1057	 0,605753034740733 
1058	 0,617108650415075 
1059	 0,607573278581588 
1060	 0,598210300635999 
1061	 0,592231216608765 
1062	 0,584074282047663 
1063	 0,593020506552865 
1064	 0,61439306676651 
1065	 0,607451338931261 
1066	 0,605347015136912 
1067	 0,617560028364664 
1068	 0,612025431849339 
1069	 0,603421385808029 
1070	 0,603598283853067 
1071	 0,600159785005234 
1072	 0,601087034141972 
1073	 0,615404430206907 
1074	 0,611788588325191 
1075	 0,604641413535877 
