Wavelength	GRA-VIE-00083.asd
325	 0,130843749793215 
326	-2,86819143047165E-02 
327	 1,27173668074938E-02 
328	 0,17208154242908 
329	 0,256151009107896 
330	 0,291226890388753 
331	 0,23020094807118 
332	 0,26390462095594 
333	 0,347550777533045 
334	 0,290565499027463 
335	 0,265783141345083 
336	 0,291555815466728 
337	 0,298751735425016 
338	 0,264217816673612 
339	 0,1913155471159 
340	 0,240464902265935 
341	 0,324895492018745 
342	 0,25560576685819 
343	 0,184527557938331 
344	 0,165645082110437 
345	 0,138651337249293 
346	 0,141658398853121 
347	 0,203212389709338 
348	 0,242563417206987 
349	 0,249080720058735 
350	 0,23911765187773 
351	 0,226134496388909 
352	 0,211909903282342 
353	 0,181868478184747 
354	 0,169624422044558 
355	 0,210331138585592 
356	 0,214890480875443 
357	 0,192196883204669 
358	 0,205917008214077 
359	 0,231515695294783 
360	 0,251087313110446 
361	 0,240172880137699 
362	 0,215280279697713 
363	 0,201084228798351 
364	 0,198586310290466 
365	 0,207367434078007 
366	 0,221200858400893 
367	 0,232870644236862 
368	 0,238736319251835 
369	 0,252595962289119 
370	 0,263494017720224 
371	 0,24510249138611 
372	 0,250057625738346 
373	 0,280460145174141 
374	 0,281278529818739 
375	 0,265146959586839 
376	 0,24697949857692 
377	 0,259297174510388 
378	 0,291753677128471 
379	 0,319464107279307 
380	 0,339854604327681 
381	 0,350070938066591 
382	 0,351241364211446 
383	 0,355239831319487 
384	 0,371881569617734 
385	 0,383113260322189 
386	 0,389766178769931 
387	 0,398824244520063 
388	 0,411537881473009 
389	 0,427708826752508 
390	 0,43887168129119 
391	 0,447932529745233 
392	 0,459223662977707 
393	 0,467539454913049 
394	 0,47258869759714 
395	 0,47575231008723 
396	 0,481683796523517 
397	 0,491255605202806 
398	 0,494650713331392 
399	 0,493777105731045 
400	 0,492308195855084 
401	 0,499120046541636 
402	 0,511365887748784 
403	 0,509876868591722 
404	 0,505764585431496 
405	 0,507072995867865 
406	 0,512492672843951 
407	 0,516414659411773 
408	 0,506654553925963 
409	 0,506649042905271 
410	 0,519393304819226 
411	 0,523688223321196 
412	 0,525007129344499 
413	 0,52912382248996 
414	 0,529112902320495 
415	 0,525726016020753 
416	 0,522901697733618 
417	 0,52402242072809 
418	 0,529569422497639 
419	 0,533396775534716 
420	 0,53419199122864 
421	 0,531275666981952 
422	 0,52853974003574 
423	 0,527007612866491 
424	 0,526174528430667 
425	 0,525971948139971 
426	 0,526541615416154 
427	 0,529659388779887 
428	 0,533773769752785 
429	 0,536189234131029 
430	 0,536492978573917 
431	 0,534648717065442 
432	 0,530864407133194 
433	 0,528632338951088 
434	 0,530848090907687 
435	 0,533623525536808 
436	 0,534969989721892 
437	 0,531069902005078 
438	 0,530720683835936 
439	 0,5363751143903 
440	 0,539636075046686 
441	 0,539519201958995 
442	 0,535926029449828 
443	 0,533690215181601 
444	 0,533860657078987 
445	 0,535077930657036 
446	 0,535315324242327 
447	 0,533873228694172 
448	 0,536789801117088 
449	 0,541307263420671 
450	 0,540961673265989 
451	 0,539723757709059 
452	 0,538872682881823 
453	 0,538171693748313 
454	 0,538461894115648 
455	 0,540385120696399 
456	 0,541817082295669 
457	 0,542353131100387 
458	 0,542291026733738 
459	 0,541689577974171 
460	 0,541001307754475 
461	 0,5421025633926 
462	 0,544466647981996 
463	 0,547133416689952 
464	 0,549236797279839 
465	 0,550089801845709 
466	 0,548353990023751 
467	 0,546980182991702 
468	 0,547925120393652 
469	 0,54939776358218 
470	 0,551497396448898 
471	 0,555555082870584 
472	 0,5554568760162 
473	 0,550843642989806 
474	 0,55007626462568 
475	 0,551356939769699 
476	 0,552393469122039 
477	 0,55213442761347 
478	 0,551381603405465 
479	 0,55330986322379 
480	 0,554614973061674 
481	 0,553862287040583 
482	 0,552640519710255 
483	 0,552474135724719 
484	 0,555372309019112 
485	 0,555907506553024 
486	 0,553614300321487 
487	 0,552370417017243 
488	 0,553472247733456 
489	 0,557380720669125 
490	 0,559051480599933 
491	 0,55818472577574 
492	 0,55588274465603 
493	 0,554987726274386 
494	 0,556295440815153 
495	 0,557327516240774 
496	 0,557203510650661 
497	 0,555249210531799 
498	 0,554262873214784 
499	 0,554838850193348 
500	 0,556546665847146 
501	 0,558213511096434 
502	 0,559120019624949 
503	 0,559807965665597 
504	 0,560390546773137 
505	 0,560942517781683 
506	 0,561276584508956 
507	 0,561460975532703 
508	 0,562008853456079 
509	 0,562448066650882 
510	 0,562386275604743 
511	 0,56277069897814 
512	 0,563431535809792 
513	 0,563449397686039 
514	 0,563528863671069 
515	 0,563824054346699 
516	 0,563132942565395 
517	 0,562690547542326 
518	 0,564329879318461 
519	 0,566063711973042 
520	 0,566886906779464 
521	 0,565298501858906 
522	 0,563915293217431 
523	 0,564592559481465 
524	 0,565725595785524 
525	 0,566292810981309 
526	 0,564438507195456 
527	 0,563514292306112 
528	 0,564378250066475 
529	 0,564592902966649 
530	 0,56437219746315 
531	 0,564183401732949 
532	 0,564653244883098 
533	 0,565559554903125 
534	 0,565821185044713 
535	 0,56554623040604 
536	 0,564929812450093 
537	 0,565120427330714 
538	 0,565512850481528 
539	 0,56463174361835 
540	 0,564267819469426 
541	 0,564813554988669 
542	 0,565283918806356 
543	 0,565665179261114 
544	 0,565999863141808 
545	 0,566495235951054 
546	 0,566946151931509 
547	 0,566641689447977 
548	 0,566366115423204 
549	 0,56657477004969 
550	 0,567515731860403 
551	 0,568322750110993 
552	 0,567600430167983 
553	 0,567549618022221 
554	 0,568346409741874 
555	 0,567879096569505 
556	 0,567582572234215 
557	 0,568613053066204 
558	 0,569598714501189 
559	 0,570033413323527 
560	 0,569211650568678 
561	 0,568848398044574 
562	 0,569570545480888 
563	 0,570317065112161 
564	 0,570782460669059 
565	 0,570713124356071 
566	 0,570537782435813 
567	 0,570691877164141 
568	 0,572341569714231 
569	 0,573344342024804 
570	 0,572437466797379 
571	 0,572963479280609 
572	 0,574532365721263 
573	 0,575201872283739 
574	 0,575396676542287 
575	 0,57544238441736 
576	 0,576644967095672 
577	 0,577629895698591 
578	 0,576809189611428 
579	 0,576553959223472 
580	 0,57719323836495 
581	 0,57788768097933 
582	 0,578603554115434 
583	 0,579290614738375 
584	 0,579992027471335 
585	 0,580684198057113 
586	 0,581310812200357 
587	 0,582005931346438 
588	 0,582786061653015 
589	 0,58360507704186 
590	 0,584047226390408 
591	 0,583788728290211 
592	 0,58386763169102 
593	 0,584310198792525 
594	 0,584573146100871 
595	 0,584703048015596 
596	 0,584806452285576 
597	 0,585632664087869 
598	 0,586338769719041 
599	 0,585547060311409 
600	 0,585426304655703 
601	 0,586146261014476 
602	 0,585787733507534 
603	 0,585461990890272 
604	 0,585967769415772 
605	 0,58558095850665 
606	 0,584676283380203 
607	 0,58494572851406 
608	 0,584851994192792 
609	 0,584001381657438 
610	 0,583562145148114 
611	 0,583496757809079 
612	 0,583627386071617 
613	 0,583571210227148 
614	 0,583364206031514 
615	 0,583474329262224 
616	 0,583833829546687 
617	 0,584326379234584 
618	 0,584419073851971 
619	 0,584059461370527 
620	 0,58318704349082 
621	 0,583262972159979 
622	 0,584397995454427 
623	 0,584450893318064 
624	 0,584086646113362 
625	 0,584139605180132 
626	 0,585041134074462 
627	 0,586229403598001 
628	 0,585831162051918 
629	 0,585084612551751 
630	 0,584771368801307 
631	 0,585529805699029 
632	 0,586596262427191 
633	 0,58657980217346 
634	 0,587225370626043 
635	 0,5885147990661 
636	 0,58820482089226 
637	 0,587928196147277 
638	 0,589046306680253 
639	 0,589799836441602 
640	 0,590168811536144 
641	 0,590998923049572 
642	 0,591598306626564 
643	 0,591695557470526 
644	 0,591405525946437 
645	 0,591269416889203 
646	 0,591955805977571 
647	 0,592125084767506 
648	 0,591719066421313 
649	 0,591941991459779 
650	 0,59164347560044 
651	 0,590230064321663 
652	 0,589687990172437 
653	 0,589796482156443 
654	 0,589475927486093 
655	 0,589195613584552 
656	 0,588987713661815 
657	 0,588391639162739 
658	 0,587767921639958 
659	 0,587500924499611 
660	 0,587055395967537 
661	 0,586506982285892 
662	 0,586424317040302 
663	 0,586257180331843 
664	 0,585760812903206 
665	 0,58534912717137 
666	 0,58497929700448 
667	 0,584467849948037 
668	 0,584689468639478 
669	 0,585474758489643 
670	 0,585226574374538 
671	 0,584552474797597 
672	 0,584040181939259 
673	 0,584156480968156 
674	 0,584762653097873 
675	 0,585356380357758 
676	 0,585721139347093 
677	 0,585781279130356 
678	 0,585838846937078 
679	 0,585977491768309 
680	 0,586257823718786 
681	 0,586620531049966 
682	 0,586964874854371 
683	 0,58690770893328 
684	 0,58739232214211 
685	 0,588905408964152 
686	 0,590535399995501 
687	 0,591871745094196 
688	 0,592359632292597 
689	 0,593794496010711 
690	 0,59653533020216 
691	 0,5992724363456 
692	 0,602430501920374 
693	 0,606366130228032 
694	 0,610033876719472 
695	 0,613546547019931 
696	 0,617677639382902 
697	 0,622340568446512 
698	 0,627434097361786 
699	 0,632637461762091 
700	 0,637462805974184 
701	 0,641339551791215 
702	 0,646205533341587 
703	 0,651958113175129 
704	 0,656585669004309 
705	 0,66062332248716 
706	 0,664437619262066 
707	 0,668135689595074 
708	 0,671842933038131 
709	 0,675811231982007 
710	 0,678794074345328 
711	 0,680766974794393 
712	 0,68350381465011 
713	 0,686511552009588 
714	 0,689225253918143 
715	 0,691379577567735 
716	 0,693063096811425 
717	 0,694606744639839 
718	 0,696340350813006 
719	 0,698356795555409 
720	 0,700195526116721 
721	 0,70171424766394 
722	 0,702798960129578 
723	 0,703814375567138 
724	 0,70487992367446 
725	 0,706032316942172 
726	 0,7069922993348 
727	 0,707647551258774 
728	 0,708679275635566 
729	 0,709682121655556 
730	 0,70973880876332 
731	 0,710087050256682 
732	 0,710939595963426 
733	 0,711436467977238 
734	 0,711771438917556 
735	 0,71213885945798 
736	 0,712489316757297 
737	 0,712721914911257 
738	 0,712525853986536 
739	 0,71261236378537 
740	 0,713207607287044 
741	 0,713876120541013 
742	 0,714307939483383 
743	 0,714207395071673 
744	 0,714100114191175 
745	 0,714197878122341 
746	 0,714719517567421 
747	 0,715181609066068 
748	 0,715278690397966 
749	 0,714903267092306 
750	 0,714551255686308 
751	 0,714989921347881 
752	 0,715217709979927 
753	 0,715094315459839 
754	 0,715265654301022 
755	 0,715274774048274 
756	 0,714889082080073 
757	 0,715292939725292 
758	 0,716033027803759 
759	 0,715806640751655 
760	 0,715730337205035 
761	 0,715944487522744 
762	 0,715305920175205 
763	 0,714776290068832 
764	 0,715247198549529 
765	 0,715474074039196 
766	 0,71532218873328 
767	 0,715083011089406 
768	 0,714903312375213 
769	 0,714881009990214 
770	 0,715088565626257 
771	 0,715181006602382 
772	 0,714766127937043 
773	 0,714438988281495 
774	 0,71432931401376 
775	 0,71432755613576 
776	 0,714517775785821 
777	 0,714845079381789 
778	 0,714668557718744 
779	 0,714388963878889 
780	 0,714696894096509 
781	 0,714795894051458 
782	 0,714518680570505 
783	 0,714012370481235 
784	 0,713792347762744 
785	 0,714139078521274 
786	 0,714289729760055 
787	 0,714291696602973 
788	 0,71445187562938 
789	 0,71448401008868 
790	 0,714273465404638 
791	 0,713713721150066 
792	 0,713162094450987 
793	 0,712949674106001 
794	 0,713366826799663 
795	 0,71397205695552 
796	 0,713738058355278 
797	 0,713515136458975 
798	 0,713510019711312 
799	 0,713231937209959 
800	 0,713140795530719 
801	 0,713609490942099 
802	 0,713369981356008 
803	 0,712693254883634 
804	 0,712932023928276 
805	 0,712906812751558 
806	 0,712416069849546 
807	 0,712769739306142 
808	 0,713286594891314 
809	 0,713172211909956 
810	 0,713228788700014 
811	 0,713463563923228 
812	 0,713466509198099 
813	 0,713300884959796 
814	 0,713063047291331 
815	 0,713165801063215 
816	 0,713410436545855 
817	 0,713510016806811 
818	 0,713248865357311 
819	 0,712877198144271 
820	 0,71333678264858 
821	 0,713566394207416 
822	 0,713158280320459 
823	 0,712998495856193 
824	 0,713182268864865 
825	 0,713696289931772 
826	 0,713409325304863 
827	 0,712545882626951 
828	 0,71275333193368 
829	 0,712930217122658 
830	 0,712642620944241 
831	 0,713029332693545 
832	 0,713554485284521 
833	 0,713347409059293 
834	 0,713361935061439 
835	 0,713552313129882 
836	 0,71292326368113 
837	 0,712598452639802 
838	 0,713016438872211 
839	 0,712612679602337 
840	 0,711969963786816 
841	 0,712136124551222 
842	 0,712387635390743 
843	 0,712495397460915 
844	 0,712334258993058 
845	 0,712147912667408 
846	 0,71207886435383 
847	 0,71210063670107 
848	 0,711967574763625 
849	 0,711346494313416 
850	 0,71150371320179 
851	 0,712257505588053 
852	 0,711901395199116 
853	 0,711471859361048 
854	 0,711563988954469 
855	 0,712184986010154 
856	 0,712651433941378 
857	 0,712057575066898 
858	 0,71168358839314 
859	 0,711804184306299 
860	 0,712264525677453 
861	 0,712241316292222 
862	 0,711557714536865 
863	 0,712342083317662 
864	 0,713011461859081 
865	 0,711306628689812 
866	 0,710903872013608 
867	 0,711945275763663 
868	 0,712078881123979 
869	 0,712061699309244 
870	 0,712157745801478 
871	 0,711974884266843 
872	 0,711691728072064 
873	 0,711569206493624 
874	 0,712161405875063 
875	 0,712930576417602 
876	 0,71195184233122 
877	 0,711270301094641 
878	 0,711541942644905 
879	 0,711067803934609 
880	 0,710562209053838 
881	 0,710878546521758 
882	 0,71099853015305 
883	 0,71095191954901 
884	 0,711457461267897 
885	 0,711520602853531 
886	 0,710920597413469 
887	 0,710498336399113 
888	 0,710372037948166 
889	 0,710568904079253 
890	 0,710517750480661 
891	 0,7104968005628 
892	 0,711488352799223 
893	 0,711387915048836 
894	 0,709999635725261 
895	 0,709718172961334 
896	 0,709925322159401 
897	 0,710029194642887 
898	 0,709768725808616 
899	 0,709493449559392 
900	 0,709931674082918 
901	 0,710124227706842 
902	 0,709889052859676 
903	 0,709567096381367 
904	 0,709817898166793 
905	 0,710787883001335 
906	 0,710299890656643 
907	 0,709372009832677 
908	 0,709807222570282 
909	 0,710365420543212 
910	 0,710669405105424 
911	 0,710588364406997 
912	 0,710162867984576 
913	 0,709503353252509 
914	 0,709006145879017 
915	 0,708750080710737 
916	 0,708760715807229 
917	 0,708857538450537 
918	 0,708974434138401 
919	 0,709118542324991 
920	 0,709008394815629 
921	 0,708654918143348 
922	 0,708549034720646 
923	 0,708852058550276 
924	 0,709548300158709 
925	 0,709423108924273 
926	 0,708654756659156 
927	 0,707886818418995 
928	 0,70831377049882 
929	 0,709471915137107 
930	 0,708282500477167 
931	 0,706972261306799 
932	 0,706827727216388 
933	 0,706776603004404 
934	 0,70696002256032 
935	 0,7076483653302 
936	 0,707655060244712 
937	 0,707097386341388 
938	 0,707119467101326 
939	 0,707181005345319 
940	 0,70702544404182 
941	 0,706407944462435 
942	 0,705609072879541 
943	 0,704976205511008 
944	 0,705186914095429 
945	 0,705821704018697 
946	 0,705935702396277 
947	 0,705312141912004 
948	 0,704257912063431 
949	 0,704114915678453 
950	 0,704425044336719 
951	 0,704662402226172 
952	 0,70333529845622 
953	 0,701618842220725 
954	 0,701087724297268 
955	 0,701054566640036 
956	 0,701053934666109 
957	 0,700174575507131 
958	 0,699822606156825 
959	 0,700325914988996 
960	 0,700915779860864 
961	 0,700666080804329 
962	 0,699155449504062 
963	 0,698858948326463 
964	 0,69910877263699 
965	 0,698343422220625 
966	 0,698616574921403 
967	 0,699467337690772 
968	 0,697506249006262 
969	 0,698138922237182 
970	 0,70224155378297 
971	 0,701381497986265 
972	 0,698967334913242 
973	 0,69862262448832 
974	 0,698899623341888 
975	 0,699042168379662 
976	 0,698029014726096 
977	 0,697456020913894 
978	 0,697683143180814 
979	 0,698362017078281 
980	 0,698539210810628 
981	 0,697683756190463 
982	 0,695769877243014 
983	 0,694953417590308 
984	 0,697036139666322 
985	 0,69724037502868 
986	 0,696036549595536 
987	 0,696098362911318 
988	 0,696973409757771 
989	 0,698472707129593 
990	 0,700495231199233 
991	 0,700476964705624 
992	 0,697969407283788 
993	 0,69898333550249 
994	 0,70080228874489 
995	 0,700220532804961 
996	 0,699260254558896 
997	 0,698899362822227 
998	 0,700328851831418 
999	 0,700891637403669 
1000	 0,700401151398172 
1001	 0,701394309535859 
1002	 0,701237272474328 
1003	 0,699413427942682 
1004	 0,701028797006465 
1005	 0,702673014036361 
1006	 0,700990472967821 
1007	 0,701049637539687 
1008	 0,701338914691543 
1009	 0,697674463980354 
1010	 0,697486250675443 
1011	 0,701224610980191 
1012	 0,703647180888729 
1013	 0,704850903190474 
1014	 0,704214504022147 
1015	 0,69875709107081 
1016	 0,696968029472521 
1017	 0,704500181479773 
1018	 0,704619621966237 
1019	 0,701212554363085 
1020	 0,703600547978676 
1021	 0,702681780253979 
1022	 0,699045239969706 
1023	 0,699863881333322 
1024	 0,702367254729965 
1025	 0,704508577826886 
1026	 0,701645764514569 
1027	 0,698865664230405 
1028	 0,699653780364048 
1029	 0,701876889861168 
1030	 0,70501842791665 
1031	 0,708323344408892 
1032	 0,706609082194492 
1033	 0,702341480851296 
1034	 0,702237036483214 
1035	 0,702288024243486 
1036	 0,703190378148272 
1037	 0,711774779312356 
1038	 0,715130227877352 
1039	 0,7091446608989 
1040	 0,70909228007115 
1041	 0,708344978027585 
1042	 0,702319156331939 
1043	 0,705599859215089 
1044	 0,70973769368409 
1045	 0,701624563744772 
1046	 0,701382373889821 
1047	 0,709339660976981 
1048	 0,715730653156142 
1049	 0,712508756832825 
1050	 0,702648298019276 
1051	 0,707343548969475 
1052	 0,711204631455817 
1053	 0,706685272112773 
1054	 0,697062890857669 
1055	 0,695162310093789 
1056	 0,709478683591257 
1057	 0,716017444063417 
1058	 0,713344953285916 
1059	 0,705414218439137 
1060	 0,696870726896263 
1061	 0,693636846318144 
1062	 0,704437232725975 
1063	 0,715736881486004 
1064	 0,719310882727736 
1065	 0,70446614215891 
1066	 0,693578756118089 
1067	 0,696025573558733 
1068	 0,700642511443746 
1069	 0,702930322106343 
1070	 0,700401025702336 
1071	 0,699741289656071 
1072	 0,699331529524113 
1073	 0,696529676337108 
1074	 0,693651996483174 
1075	 0,694917902027491 
