Wavelength	GRA-VIE-00086.asd
325	 0,509422788060057 
326	 0,346687959729031 
327	 0,317322448745971 
328	 0,417028122313644 
329	 0,515371408446571 
330	 0,556382940917578 
331	 0,427282830204809 
332	 0,489123514869904 
333	 0,640688819798401 
334	 0,507563928692518 
335	 0,376118802383527 
336	 0,296211565864145 
337	 0,334511318798869 
338	 0,404869917247127 
339	 0,408344926973428 
340	 0,302830338312036 
341	 0,187105519669667 
342	 0,235882829849484 
343	 0,279506708648909 
344	 0,259411289942338 
345	 0,233657918038456 
346	 0,22538653704881 
347	 0,246087235897985 
348	 0,288877203723278 
349	 0,324384745890475 
350	 0,281270764800012 
351	 0,247974855480057 
352	 0,238022372719995 
353	 0,168695286784789 
354	 0,128872216844143 
355	 0,221617539023471 
356	 0,263705429605504 
357	 0,253562827070479 
358	 0,272843135727067 
359	 0,272126990993589 
360	 0,233133573045679 
361	 0,205738082177962 
362	 0,193931589348873 
363	 0,194358754012148 
364	 0,200122797777033 
365	 0,211635473869472 
366	 0,244524453313455 
367	 0,254240238705217 
368	 0,223449166198121 
369	 0,22526738347114 
370	 0,247980105726056 
371	 0,25486816063334 
372	 0,261106536028018 
373	 0,268919481600999 
374	 0,274249176420767 
375	 0,270986768706628 
376	 0,25786237512615 
377	 0,270673453530024 
378	 0,296658798266726 
379	 0,30258667741475 
380	 0,313918061103359 
381	 0,333134115254026 
382	 0,337060316117559 
383	 0,329890561212346 
384	 0,319375163268606 
385	 0,32450934546917 
386	 0,343771105926451 
387	 0,36647171751922 
388	 0,372849692723269 
389	 0,362917511902263 
390	 0,383803941507213 
391	 0,414653004188898 
392	 0,426378563703792 
393	 0,417549245361738 
394	 0,400860769683218 
395	 0,411604841198522 
396	 0,429404362078995 
397	 0,440521012400852 
398	 0,438330235869696 
399	 0,431781772046483 
400	 0,434530950766849 
401	 0,437201061554324 
402	 0,437730953125688 
403	 0,437128963589827 
404	 0,436463797857229 
405	 0,436870829179685 
406	 0,44217248987906 
407	 0,448843180451049 
408	 0,449718085840296 
409	 0,446561105431021 
410	 0,441760483100224 
411	 0,442160505214746 
412	 0,446841788403402 
413	 0,454196136053607 
414	 0,457129667733671 
415	 0,455502415509055 
416	 0,452276903021843 
417	 0,451464185568734 
418	 0,453676808092459 
419	 0,450878412713078 
420	 0,446558000604514 
421	 0,445842319236825 
422	 0,447797683913929 
423	 0,449938771556175 
424	 0,444315417532967 
425	 0,441682826662802 
426	 0,447611353386261 
427	 0,451547335522758 
428	 0,452082463411428 
429	 0,449202869450761 
430	 0,450479342547716 
431	 0,455343542244951 
432	 0,450469888598218 
433	 0,445109903022585 
434	 0,447705152156124 
435	 0,449985932783704 
436	 0,450901282216476 
437	 0,451185214709486 
438	 0,453659199371305 
439	 0,458231525966598 
440	 0,457157885202648 
441	 0,453108598446039 
442	 0,450213386664026 
443	 0,451685205704054 
444	 0,456047443488452 
445	 0,455519675434276 
446	 0,454030796801465 
447	 0,454127266905541 
448	 0,455389016462232 
449	 0,457238633049437 
450	 0,458782634725804 
451	 0,459328092095383 
452	 0,45898255857828 
453	 0,459082621640845 
454	 0,460790160484928 
455	 0,464815752987675 
456	 0,466059362081307 
457	 0,464982633080402 
458	 0,46584326921659 
459	 0,465759021856432 
460	 0,463789426598713 
461	 0,461097261500799 
462	 0,460408294854541 
463	 0,465096179990084 
464	 0,467032180161697 
465	 0,465854409097606 
466	 0,468501924387192 
467	 0,470339172990992 
468	 0,468561346117514 
469	 0,46690727383552 
470	 0,466505377183433 
471	 0,468688965689289 
472	 0,468474072261262 
473	 0,46555644503696 
474	 0,467186359107913 
475	 0,468874060042656 
476	 0,466117852445236 
477	 0,46589814297594 
478	 0,46823802103131 
479	 0,469510114852083 
480	 0,46942704346609 
481	 0,467974122941754 
482	 0,466643916067655 
483	 0,466475303999067 
484	 0,468770582578232 
485	 0,468238425860908 
486	 0,465199415249867 
487	 0,466774362151122 
488	 0,468819386324775 
489	 0,468261417790567 
490	 0,467808802188638 
491	 0,468093996892633 
492	 0,469916867468889 
493	 0,469964591232261 
494	 0,467655862305552 
495	 0,466969438992741 
496	 0,466998795649047 
497	 0,46638125204826 
498	 0,46638792086287 
499	 0,467131025364329 
500	 0,468278560968985 
501	 0,468894508742023 
502	 0,468559173477919 
503	 0,468555373487166 
504	 0,469170913294795 
505	 0,470648087024098 
506	 0,471562813708725 
507	 0,471475584167033 
508	 0,470520215799401 
509	 0,47024083736962 
510	 0,471857109055402 
511	 0,472485600234365 
512	 0,472158625771047 
513	 0,472705667926347 
514	 0,472134174654019 
515	 0,470129584029329 
516	 0,470252593243533 
517	 0,471302871997537 
518	 0,471134583246829 
519	 0,470856977092511 
520	 0,47067193404118 
521	 0,470210274204942 
522	 0,47042639669488 
523	 0,471785117992002 
524	 0,471449035711583 
525	 0,470269744865766 
526	 0,47130011734114 
527	 0,471744935620552 
528	 0,471015652797922 
529	 0,471379590272631 
530	 0,471931117598062 
531	 0,471474187914469 
532	 0,47148242650354 
533	 0,471998862392284 
534	 0,472168794682706 
535	 0,471942756653555 
536	 0,471361060802167 
537	 0,471069653236439 
538	 0,471017149130947 
539	 0,470901809221958 
540	 0,470957344315352 
541	 0,471254763637044 
542	 0,471814554242362 
543	 0,472322513868889 
544	 0,472510850899517 
545	 0,473297434251756 
546	 0,47430317237239 
547	 0,474032145984248 
548	 0,473334088640787 
549	 0,472784015777886 
550	 0,473204836994087 
551	 0,473913870951646 
552	 0,473698597728987 
553	 0,473648017764867 
554	 0,473980296435447 
555	 0,474229147665803 
556	 0,474717512528477 
557	 0,475616160880313 
558	 0,475447961275392 
559	 0,474703378778687 
560	 0,475302722532894 
561	 0,475772678204252 
562	 0,475626282809746 
563	 0,475583390524357 
564	 0,475892264424838 
565	 0,476786912005562 
566	 0,477221822850753 
567	 0,477210496366522 
568	 0,477879454471719 
569	 0,478540121379579 
570	 0,478737795174621 
571	 0,479012445643918 
572	 0,479445685578526 
573	 0,479981180726246 
574	 0,480833478389029 
575	 0,481985219450248 
576	 0,483054971455056 
577	 0,483674115409788 
578	 0,483503364226345 
579	 0,483684873064976 
580	 0,484417411423719 
581	 0,485386799307918 
582	 0,486208859449389 
583	 0,486681024006945 
584	 0,48724928196584 
585	 0,487953203764355 
586	 0,488725183939979 
587	 0,489754537735362 
588	 0,490975601293996 
589	 0,4920164814637 
590	 0,492384352341715 
591	 0,491739346002073 
592	 0,491856501421135 
593	 0,492538177916513 
594	 0,49214395782991 
595	 0,491863648103615 
596	 0,492167954721155 
597	 0,49231605916782 
598	 0,492330758024005 
599	 0,492385002100592 
600	 0,492008571264884 
601	 0,491263540088159 
602	 0,490663361336427 
603	 0,491068048498031 
604	 0,492837534697843 
605	 0,491910990274732 
606	 0,489505305438361 
607	 0,490367932777565 
608	 0,49111788755686 
609	 0,490661256587772 
610	 0,490275027138023 
611	 0,489920787793051 
612	 0,489435062251574 
613	 0,488877814258302 
614	 0,488465966862499 
615	 0,48884231266705 
616	 0,489258638477276 
617	 0,48921695180932 
618	 0,488999501961661 
619	 0,488660392301406 
620	 0,488142035635462 
621	 0,488204876934457 
622	 0,488926129613457 
623	 0,489277993463183 
624	 0,489515724047475 
625	 0,489955442897481 
626	 0,490242750457984 
627	 0,490324063505534 
628	 0,490256053481363 
629	 0,49014503459067 
630	 0,490155608833237 
631	 0,490910381267921 
632	 0,491906144436438 
633	 0,492203717678057 
634	 0,492910257484345 
635	 0,494005489879972 
636	 0,494073332906787 
637	 0,494084649558895 
638	 0,494815859626276 
639	 0,494581358943283 
640	 0,494106011508823 
641	 0,495997740502851 
642	 0,49791933959713 
643	 0,498750242688372 
644	 0,498084353638304 
645	 0,497343635970346 
646	 0,498396256603403 
647	 0,498742808434149 
648	 0,498054474168462 
649	 0,497506813300093 
650	 0,497122036734502 
651	 0,496840978657871 
652	 0,495785786521567 
653	 0,4945266876727 
654	 0,494448521659969 
655	 0,49462042368376 
656	 0,494599644108986 
657	 0,493951543858598 
658	 0,492981858722466 
659	 0,492055186522441 
660	 0,491318781511592 
661	 0,490778889130747 
662	 0,490360458713408 
663	 0,489623008228974 
664	 0,488503581095289 
665	 0,488302557077203 
666	 0,488480743512203 
667	 0,487962279564522 
668	 0,487580899131799 
669	 0,487474015052633 
670	 0,487285671904977 
671	 0,486992569806895 
672	 0,486605006166297 
673	 0,486349705072649 
674	 0,486333102293309 
675	 0,486694160850745 
676	 0,487174490959683 
677	 0,487612318684698 
678	 0,487795218814133 
679	 0,487980761273622 
680	 0,488490581775704 
681	 0,489175853587135 
682	 0,489853106246523 
683	 0,489920283496617 
684	 0,490643592453234 
685	 0,492641316714985 
686	 0,494305165935851 
687	 0,495779203512375 
688	 0,497701139055495 
689	 0,499969832584929 
690	 0,50267100906146 
691	 0,506077320979284 
692	 0,510094169453429 
693	 0,514597185941582 
694	 0,519276920187318 
695	 0,524281081181554 
696	 0,530304332691459 
697	 0,536118895744457 
698	 0,541329306877381 
699	 0,547131574763546 
700	 0,553113180115108 
701	 0,558588772779561 
702	 0,564499763875914 
703	 0,570816896148797 
704	 0,576777221351645 
705	 0,58206602188977 
706	 0,5865438590762 
707	 0,590963254453262 
708	 0,595355627100796 
709	 0,599574589868716 
710	 0,603219280667123 
711	 0,606384827643121 
712	 0,610169063506352 
713	 0,613693977848011 
714	 0,616161345867386 
715	 0,618837253656206 
716	 0,621648262356281 
717	 0,623787192326384 
718	 0,625500713088485 
719	 0,626990884946566 
720	 0,628836327988936 
721	 0,630801194773799 
722	 0,632504699802772 
723	 0,633896695230517 
724	 0,635040737421691 
725	 0,636244277327073 
726	 0,637252048809574 
727	 0,637962628883298 
728	 0,638877534054 
729	 0,639912666355991 
730	 0,64081371436963 
731	 0,641395668344999 
732	 0,641728721009049 
733	 0,642434553329069 
734	 0,643054571918566 
735	 0,643207241181755 
736	 0,643569197315775 
737	 0,64399540843554 
738	 0,643754453593368 
739	 0,643713969660936 
740	 0,644200889011445 
741	 0,644995475527389 
742	 0,645703253709605 
743	 0,645900072253137 
744	 0,645809121767727 
745	 0,645658887673202 
746	 0,645944720656115 
747	 0,646245109232105 
748	 0,646318544124789 
749	 0,646162166824434 
750	 0,646054990853755 
751	 0,646424464649724 
752	 0,646624747607462 
753	 0,64654799206509 
754	 0,646536293765625 
755	 0,646509916536286 
756	 0,646452797706261 
757	 0,646836812469416 
758	 0,647301383330052 
759	 0,64696722765821 
760	 0,646703013709046 
761	 0,646736839454736 
762	 0,646670017267763 
763	 0,646641096825016 
764	 0,646764556584959 
765	 0,64649475592877 
766	 0,646005289190693 
767	 0,645966438655058 
768	 0,64622149734181 
769	 0,646581053542816 
770	 0,646344340573807 
771	 0,645819412384786 
772	 0,645449715007711 
773	 0,645346768768865 
774	 0,645479178944268 
775	 0,64564713082649 
776	 0,645731975983507 
777	 0,645643926741528 
778	 0,645275172518892 
779	 0,645053977004772 
780	 0,645610426404083 
781	 0,645753683938188 
782	 0,645355309261483 
783	 0,645168394495931 
784	 0,645217748972533 
785	 0,645485641328036 
786	 0,645669617216409 
787	 0,645644169330364 
788	 0,645269959712759 
789	 0,645075599455391 
790	 0,64512663319594 
791	 0,64491633987234 
792	 0,644649008975289 
793	 0,644526601913564 
794	 0,644798654740879 
795	 0,645170627720365 
796	 0,644934331356484 
797	 0,644668355474399 
798	 0,644548226827325 
799	 0,64439203881764 
800	 0,644345709913145 
801	 0,644507476931992 
802	 0,644162937786418 
803	 0,643622067604882 
804	 0,644070958080731 
805	 0,644210097990077 
806	 0,643772404152734 
807	 0,644076409879741 
808	 0,644607692071611 
809	 0,644722432263275 
810	 0,644593879495447 
811	 0,644377754877449 
812	 0,644440782351197 
813	 0,644352649464943 
814	 0,644067117433173 
815	 0,644453026755719 
816	 0,644892518634882 
817	 0,644591623627303 
818	 0,644386563808704 
819	 0,644446994501937 
820	 0,644728355472676 
821	 0,644719405486294 
822	 0,644326239411024 
823	 0,644766220028998 
824	 0,645258877391957 
825	 0,644676574613238 
826	 0,644167631434554 
827	 0,644025184063775 
828	 0,64420601410423 
829	 0,644506571499455 
830	 0,64477335861545 
831	 0,644989738040928 
832	 0,644799855203024 
833	 0,643755405292646 
834	 0,643778001370231 
835	 0,644733065293921 
836	 0,64450278565473 
837	 0,644092709946716 
838	 0,644012415334916 
839	 0,643813137009876 
840	 0,643765420758917 
841	 0,64429328572804 
842	 0,644129814499764 
843	 0,643331053980644 
844	 0,643130472917152 
845	 0,643423357412414 
846	 0,644017001685305 
847	 0,643973234449522 
848	 0,643482749920323 
849	 0,642981465223248 
850	 0,643153801284933 
851	 0,643830003062642 
852	 0,643838054887859 
853	 0,643575060380864 
854	 0,643324449982317 
855	 0,643500956324941 
856	 0,643786306296701 
857	 0,643681340611487 
858	 0,643623457884541 
859	 0,643597832691559 
860	 0,643215447976867 
861	 0,642808267397186 
862	 0,642606321176423 
863	 0,642830693499681 
864	 0,643177911782375 
865	 0,643224298397266 
866	 0,642752050078178 
867	 0,642044212816558 
868	 0,642033114883981 
869	 0,642490065083532 
870	 0,643133874428443 
871	 0,642942537333778 
872	 0,642607746343524 
873	 0,643041985096205 
874	 0,64294383239775 
875	 0,642385603743197 
876	 0,642373197700106 
877	 0,642536433191158 
878	 0,642663367323067 
879	 0,642384915242309 
880	 0,642172910537725 
881	 0,642533810951989 
882	 0,642855115218578 
883	 0,642853398949095 
884	 0,642075060815553 
885	 0,641630890226394 
886	 0,641852956603284 
887	 0,642028262458089 
888	 0,642023370219776 
889	 0,641794578064973 
890	 0,641923515956715 
891	 0,642349964559927 
892	 0,642716037758004 
893	 0,642978680531995 
894	 0,643026876461765 
895	 0,642636549546262 
896	 0,641878253881698 
897	 0,64100020705174 
898	 0,64167881836411 
899	 0,642913916304796 
900	 0,642485282959101 
901	 0,641994927077107 
902	 0,641791057363391 
903	 0,641250522479934 
904	 0,641533320883348 
905	 0,643022521807913 
906	 0,643002702572024 
907	 0,642049731048775 
908	 0,641481408555966 
909	 0,641603156861401 
910	 0,642076509767791 
911	 0,64150199031557 
912	 0,640727491306376 
913	 0,640229895708949 
914	 0,640218426689683 
915	 0,640336125627448 
916	 0,640161345714112 
917	 0,639819798147952 
918	 0,63946730186497 
919	 0,63944776011379 
920	 0,639306114022376 
921	 0,639054737881726 
922	 0,63955613328647 
923	 0,6399875547817 
924	 0,639719703517884 
925	 0,640042456391198 
926	 0,640305794251238 
927	 0,638942755567475 
928	 0,638771230417284 
929	 0,639965574648406 
930	 0,640086475863144 
931	 0,639657402029604 
932	 0,639023531782714 
933	 0,63828328009401 
934	 0,637972866589945 
935	 0,638675279143096 
936	 0,639140834887778 
937	 0,639151865155804 
938	 0,639049425073461 
939	 0,638702052471606 
940	 0,638177881495575 
941	 0,637984536677509 
942	 0,637729647869262 
943	 0,637069838324473 
944	 0,636338192882751 
945	 0,635966947360243 
946	 0,636708207073718 
947	 0,635897465023276 
948	 0,633788694307154 
949	 0,634350022565858 
950	 0,634766761438931 
951	 0,633651673671058 
952	 0,633361227505429 
953	 0,633167644442475 
954	 0,631987029928262 
955	 0,631593755637542 
956	 0,631659249559931 
957	 0,630299126976846 
958	 0,629357291537497 
959	 0,629429536752649 
960	 0,630199548060904 
961	 0,630438698185564 
962	 0,629321760048333 
963	 0,628161899391423 
964	 0,627326269059163 
965	 0,627024806034344 
966	 0,628267650736884 
967	 0,630019411328709 
968	 0,628089460013434 
969	 0,62822833076538 
970	 0,63163401946375 
971	 0,630691127218095 
972	 0,628245074812734 
973	 0,627380263731115 
974	 0,627093182015253 
975	 0,626976880003791 
976	 0,626465359878121 
977	 0,626814443657753 
978	 0,627844617110486 
979	 0,627753837533399 
980	 0,62788180519009 
981	 0,628394814325149 
982	 0,626088174515823 
983	 0,624191072899039 
984	 0,625879253582105 
985	 0,626334851300701 
986	 0,625860160721856 
987	 0,626866623491744 
988	 0,626389828941478 
989	 0,624954661988693 
990	 0,627361316165761 
991	 0,630483301172879 
992	 0,632183119490941 
993	 0,630993090296486 
994	 0,628690204967368 
995	 0,627400763824979 
996	 0,628714235830872 
997	 0,630779166755245 
998	 0,629329663136986 
999	 0,629848650990059 
1000	 0,632597864636335 
1001	 0,632860464517833 
1002	 0,632109184721956 
1003	 0,631467225607007 
1004	 0,632920571138497 
1005	 0,634194102283658 
1006	 0,633162306157888 
1007	 0,633763690540342 
1008	 0,633847878891023 
1009	 0,628414421240873 
1010	 0,629686828286317 
1011	 0,63627741497789 
1012	 0,632151338659347 
1013	 0,62895408055602 
1014	 0,630726785317058 
1015	 0,629976031275695 
1016	 0,630827329803662 
1017	 0,636079051474672 
1018	 0,636628531561706 
1019	 0,634380425554416 
1020	 0,634179926165695 
1021	 0,635282109589495 
1022	 0,636837063667632 
1023	 0,636520739924838 
1024	 0,637572158189864 
1025	 0,639884149165137 
1026	 0,637600932042472 
1027	 0,637062276757371 
1028	 0,641735162884652 
1029	 0,644442977516841 
1030	 0,643870530695608 
1031	 0,640133731194283 
1032	 0,643686617249077 
1033	 0,649002553404063 
1034	 0,64116769719989 
1035	 0,637025966033154 
1036	 0,6409275684517 
1037	 0,651272274209368 
1038	 0,653071668528604 
1039	 0,64239075608603 
1040	 0,641710396317425 
1041	 0,64527778684133 
1042	 0,646871108448024 
1043	 0,644290594393097 
1044	 0,640538064237763 
1045	 0,64008407685413 
1046	 0,639857262098192 
1047	 0,64170433706072 
1048	 0,652204452471768 
1049	 0,648271434591211 
1050	 0,633346370891851 
1051	 0,647297510410584 
1052	 0,657841809687774 
1053	 0,650842452065226 
1054	 0,64653956604684 
1055	 0,642524143041586 
1056	 0,636766139362025 
1057	 0,638490923740114 
1058	 0,645271897519515 
1059	 0,651502546466044 
1060	 0,645433896845312 
1061	 0,634962250262458 
1062	 0,642502923285252 
1063	 0,658804830520033 
1064	 0,672725401204237 
1065	 0,656767617478073 
1066	 0,640928520971639 
1067	 0,64049452552415 
1068	 0,655504168487112 
1069	 0,664671801591011 
1070	 0,65448250060293 
1071	 0,653031984920549 
1072	 0,65484074594615 
1073	 0,650067286010057 
1074	 0,651548325175055 
1075	 0,656863600314948 
