Wavelength	GRA-BER00073.asd
325	 0,156595688032102 
326	 0,252252466491681 
327	 0,318071082583755 
328	 0,302132323860105 
329	 0,330908351601725 
330	 0,336430782295822 
331	 0,261402541949985 
332	 0,236315841486313 
333	 0,23667212328953 
334	 0,165003535035274 
335	 6,52707770434589E-02 
336	 2,34205159237096E-03 
337	 7,22382192587176E-02 
338	 0,140248765905066 
339	 0,116816222605574 
340	 0,138140880296786 
341	 0,171353462436724 
342	 9,20419821604999E-02 
343	 5,19152359728962E-02 
344	 9,49729853606211E-02 
345	 0,128711922351816 
346	 0,148666821878983 
347	 0,152141123372444 
348	 0,120962113079886 
349	 0,070372199407392 
350	 4,72791707599225E-02 
351	 6,04118726768423E-02 
352	 9,79909406230697E-02 
353	 0,097981422006015 
354	 9,45673825845776E-02 
355	 0,129866445640159 
356	 0,12030404901609 
357	 0,076598880125909 
358	 6,99290721532341E-02 
359	 8,36604615702773E-02 
360	 0,104777365737096 
361	 0,108637084812981 
362	 0,1062702805607 
363	 0,117230629746698 
364	 0,106981881581424 
365	 0,083903067825636 
366	 0,101791962732057 
367	 0,121590806054397 
368	 0,117463428633361 
369	 0,102191024552116 
370	 8,42270762518907E-02 
371	 7,11464082557512E-02 
372	 0,080042804645126 
373	 0,106179894320033 
374	 0,115700571472369 
375	 0,106520002894443 
376	 8,00028491592485E-02 
377	 7,77670288994431E-02 
378	 9,56881842951849E-02 
379	 0,113348868523126 
380	 0,109837714177566 
381	 8,27052772332455E-02 
382	 6,27572921939286E-02 
383	 6,55405734201481E-02 
384	 9,85289475768178E-02 
385	 9,74460853081891E-02 
386	 7,07480199728279E-02 
387	 7,78575003939365E-02 
388	 7,26033151421684E-02 
389	 4,70421850645357E-02 
390	 0,059244455842403 
391	 8,38970380044256E-02 
392	 8,50338948882356E-02 
393	 9,49767552011203E-02 
394	 0,107169786928562 
395	 8,38559648202796E-02 
396	 6,32247699412544E-02 
397	 6,52812396753241E-02 
398	 6,41456379625546E-02 
399	 6,16279733994697E-02 
400	 6,44355272773419E-02 
401	 7,34582382947831E-02 
402	 8,30322226227149E-02 
403	 7,34180363630433E-02 
404	 6,67318365510964E-02 
405	 7,63063760096806E-02 
406	 7,32561043265037E-02 
407	 6,44540974431653E-02 
408	 7,13941216570866E-02 
409	 7,68437414484464E-02 
410	 7,52317010919155E-02 
411	 6,68151198763444E-02 
412	 5,88469913718964E-02 
413	 5,81611125565337E-02 
414	 6,55241555791378E-02 
415	 7,49035749836774E-02 
416	 7,26203361014909E-02 
417	 6,78223559978644E-02 
418	 6,47473516081648E-02 
419	 6,40180972384399E-02 
420	 6,36970224426036E-02 
421	 6,12326045835521E-02 
422	 6,04545255613877E-02 
423	 6,19485914272458E-02 
424	 6,47153708667592E-02 
425	 6,76479309759148E-02 
426	 6,95024177935696E-02 
427	 6,60662898441115E-02 
428	 6,12491960381867E-02 
429	 6,27218562829834E-02 
430	 6,58213043728783E-02 
431	 6,79065269308077E-02 
432	 6,42844124517812E-02 
433	 5,95119708879931E-02 
434	 0,057789747260528 
435	 5,68611469125213E-02 
436	 5,69274760322166E-02 
437	 5,99084787693026E-02 
438	 6,07832146403251E-02 
439	 5,87106376614993E-02 
440	 6,20964000176161E-02 
441	 0,066622307255782 
442	 6,61479059639563E-02 
443	 6,51178820941484E-02 
444	 6,41806723729744E-02 
445	 6,13311238165315E-02 
446	 6,03441375092235E-02 
447	 6,30563417680057E-02 
448	 6,33886778344463E-02 
449	 6,20975265415615E-02 
450	 6,21774549973653E-02 
451	 6,25505467805119E-02 
452	 6,29584402931634E-02 
453	 6,37291616100455E-02 
454	 6,32692463360975E-02 
455	 6,04190185434234E-02 
456	 6,09279226074426E-02 
457	 6,36257618764715E-02 
458	 6,25693470578211E-02 
459	 6,08665694971847E-02 
460	 6,00084869023338E-02 
461	 6,10807895499772E-02 
462	 6,20028579907788E-02 
463	 5,98893490084689E-02 
464	 0,061171790014084 
465	 0,064738277180521 
466	 6,08384308324869E-02 
467	 0,056920031824615 
468	 5,80856344292815E-02 
469	 6,22045802315409E-02 
470	 0,066364583782276 
471	 6,56888738366871E-02 
472	 6,42870759979747E-02 
473	 6,33948413858789E-02 
474	 6,18893432281289E-02 
475	 6,10708350342023E-02 
476	 6,21631921296785E-02 
477	 6,34919785454993E-02 
478	 6,36591333008932E-02 
479	 5,93292930826432E-02 
480	 0,057881195751174 
481	 0,061737430761795 
482	 6,12679813891937E-02 
483	 5,89527048425346E-02 
484	 0,059981008498977 
485	 6,05437594410118E-02 
486	 0,060034560270632 
487	 0,059844016545578 
488	 6,02018708239614E-02 
489	 0,061190880475378 
490	 6,19140198399581E-02 
491	 6,24722738425223E-02 
492	 6,36937907582123E-02 
493	 6,38135868234874E-02 
494	 6,25529612676922E-02 
495	 6,21422736034157E-02 
496	 6,15595425858511E-02 
497	 5,95095818808164E-02 
498	 5,82845411135228E-02 
499	 5,84205152547124E-02 
500	 5,98658757119389E-02 
501	 6,11263014023465E-02 
502	 6,14332318235551E-02 
503	 6,24235952603487E-02 
504	 6,35206843332431E-02 
505	 6,34252865847083E-02 
506	 6,27261926390347E-02 
507	 6,20483755525207E-02 
508	 6,32757257174132E-02 
509	 6,41484674685064E-02 
510	 6,26933631850666E-02 
511	 6,15013986854073E-02 
512	 6,11235492670671E-02 
513	 6,15491659392481E-02 
514	 6,24195100523427E-02 
515	 6,32221575703396E-02 
516	 6,20565096134645E-02 
517	 6,07689563427122E-02 
518	 6,21454705007002E-02 
519	 6,28451940265593E-02 
520	 6,24884439194058E-02 
521	 0,063247580610313 
522	 6,32318144459293E-02 
523	 6,13620907721837E-02 
524	 6,16163305127628E-02 
525	 6,32121737263401E-02 
526	 6,29978740539252E-02 
527	 6,25121109856954E-02 
528	 6,23918061165609E-02 
529	 6,33697815589836E-02 
530	 6,43031847829461E-02 
531	 6,38713991185156E-02 
532	 6,35579626591643E-02 
533	 6,36380471141913E-02 
534	 6,38357004303052E-02 
535	 6,39009726827571E-02 
536	 6,37643847481743E-02 
537	 6,43188530431028E-02 
538	 6,49111550150183E-02 
539	 0,064069240746581 
540	 6,37656843123287E-02 
541	 0,06442863837453 
542	 6,49119279513301E-02 
543	 6,53154383495946E-02 
544	 6,57727893249529E-02 
545	 6,58158387146789E-02 
546	 6,57599140745634E-02 
547	 6,68596977506938E-02 
548	 6,73187969129247E-02 
549	 6,65098794009481E-02 
550	 6,67722854711818E-02 
551	 6,74102195605094E-02 
552	 6,68821697847203E-02 
553	 6,71069404022117E-02 
554	 0,068166827764697 
555	 0,068107815285229 
556	 6,80405477591792E-02 
557	 6,88838555323266E-02 
558	 6,97172697532353E-02 
559	 7,03348637299618E-02 
560	 7,07724795182803E-02 
561	 7,04843060532034E-02 
562	 6,96356029252819E-02 
563	 0,070601120102296 
564	 7,18444453737654E-02 
565	 7,10840046949606E-02 
566	 7,12676781004497E-02 
567	 7,25569462003255E-02 
568	 0,072877006779338 
569	 7,25532695590228E-02 
570	 7,18857543643081E-02 
571	 7,14259438699127E-02 
572	 7,13341053411468E-02 
573	 7,17842140062685E-02 
574	 7,17006870671326E-02 
575	 7,09283298591212E-02 
576	 7,09409435695283E-02 
577	 7,12904580931891E-02 
578	 7,13602083047693E-02 
579	 7,16262048954174E-02 
580	 7,19472849181236E-02 
581	 7,16256069235977E-02 
582	 7,11945045046511E-02 
583	 7,09843238858042E-02 
584	 7,09170740919608E-02 
585	 7,10313444605073E-02 
586	 7,14867844584896E-02 
587	 7,09948859318909E-02 
588	 6,97440973835046E-02 
589	 7,05083896748575E-02 
590	 7,12058195435521E-02 
591	 6,99342018316157E-02 
592	 0,069998126797769 
593	 7,12186694552266E-02 
594	 7,13775135974109E-02 
595	 7,11458771814068E-02 
596	 7,07934976279016E-02 
597	 7,01202093388564E-02 
598	 6,99370004710044E-02 
599	 7,14751145543305E-02 
600	 7,21529113591188E-02 
601	 7,14777380000139E-02 
602	 7,05705247686994E-02 
603	 7,03902153658106E-02 
604	 7,14756817652786E-02 
605	 0,070899278073074 
606	 6,93174455136572E-02 
607	 6,96955721694508E-02 
608	 6,96372838515703E-02 
609	 6,84841759339497E-02 
610	 0,067751689492461 
611	 6,74113308190886E-02 
612	 6,72607249227288E-02 
613	 6,74947614392557E-02 
614	 6,78617450676241E-02 
615	 6,74556182609738E-02 
616	 6,71222846139392E-02 
617	 6,73145504890741E-02 
618	 6,69464995869879E-02 
619	 6,61304089795843E-02 
620	 6,53090223577462E-02 
621	 6,50053286255901E-02 
622	 6,53282784584256E-02 
623	 6,57655854494819E-02 
624	 0,065882583766619 
625	 6,53135694652361E-02 
626	 6,51676511454531E-02 
627	 6,54706376696459E-02 
628	 6,55694971890018E-02 
629	 6,54929744328136E-02 
630	 6,52655637075677E-02 
631	 6,50947992783762E-02 
632	 6,49929120123069E-02 
633	 6,49228193157926E-02 
634	 6,49282776416917E-02 
635	 6,50295824371459E-02 
636	 6,53216807263955E-02 
637	 0,065351836905972 
638	 0,06484146441963 
639	 6,54509006784632E-02 
640	 6,66514213471917E-02 
641	 6,63224962772674E-02 
642	 6,60445673709254E-02 
643	 6,63366824102671E-02 
644	 6,63499723861664E-02 
645	 6,61475408176283E-02 
646	 6,59015004087234E-02 
647	 6,62384813024466E-02 
648	 6,68233613140643E-02 
649	 6,58531740473529E-02 
650	 0,065167263056698 
651	 6,58355597351157E-02 
652	 0,065539080196123 
653	 6,45610810294902E-02 
654	 6,41166025457929E-02 
655	 6,42117820796433E-02 
656	 6,46202895086425E-02 
657	 6,40156545278104E-02 
658	 6,33728140798063E-02 
659	 6,37389947456352E-02 
660	 6,38191739142287E-02 
661	 6,33459947064225E-02 
662	 6,22589470418808E-02 
663	 6,17384751411929E-02 
664	 6,22849051451787E-02 
665	 6,25286656390804E-02 
666	 0,06269299576695 
667	 6,34090684675891E-02 
668	 6,38081069402095E-02 
669	 6,38318793120574E-02 
670	 6,43240565907486E-02 
671	 6,47256376022664E-02 
672	 6,46388720958956E-02 
673	 6,50514520186459E-02 
674	 6,57650409287684E-02 
675	 6,58146649344265E-02 
676	 6,62522504912379E-02 
677	 6,72878766806223E-02 
678	 6,78062551512481E-02 
679	 6,81582268607081E-02 
680	 0,068861865005214 
681	 6,92544618484087E-02 
682	 6,93783117418606E-02 
683	 6,98854302314885E-02 
684	 7,02776063339734E-02 
685	 7,03159544153983E-02 
686	 7,06230543094029E-02 
687	 7,09792735806417E-02 
688	 7,07838160626265E-02 
689	 7,12878150035328E-02 
690	 7,25709350959594E-02 
691	 7,30775389481324E-02 
692	 7,38594732042053E-02 
693	 7,58275384295407E-02 
694	 0,077293406344617 
695	 7,85132866866097E-02 
696	 8,09198009252891E-02 
697	 8,38219845857607E-02 
698	 8,69324777517812E-02 
699	 0,090197114525787 
700	 9,37764239926812E-02 
701	 9,78910918354333E-02 
702	 0,102231770764343 
703	 0,106763658507088 
704	 0,111705375135812 
705	 0,116916229504046 
706	 0,122267154577662 
707	 0,127617576849176 
708	 0,133168052220862 
709	 0,139377763107289 
710	 0,145250415690663 
711	 0,150711553568195 
712	 0,156990749905271 
713	 0,163445925155505 
714	 0,16950551260718 
715	 0,176393294301554 
716	 0,183776914838837 
717	 0,190351794724153 
718	 0,196411125162959 
719	 0,202206864733744 
720	 0,208710598873843 
721	 0,21534418566462 
722	 0,221261169264053 
723	 0,227314332838497 
724	 0,233420703650831 
725	 0,238666301978886 
726	 0,243676777994389 
727	 0,248791105537596 
728	 0,253439423297319 
729	 0,257834163952318 
730	 0,262510295813013 
731	 0,266484629362217 
732	 0,269722972198371 
733	 0,273424466037351 
734	 0,276976426232138 
735	 0,279839735757849 
736	 0,282609325799167 
737	 0,285281699823339 
738	 0,287591397752965 
739	 0,289591611871538 
740	 0,291383816358957 
741	 0,29342165739211 
742	 0,295196185335137 
743	 0,296103649796309 
744	 0,296957634544473 
745	 0,297927021837771 
746	 0,298819613885665 
747	 0,299930339339585 
748	 0,301299690669931 
749	 0,302090963516484 
750	 0,302475869644638 
751	 0,302864842690381 
752	 0,30359323994691 
753	 0,304439917464361 
754	 0,304111725761296 
755	 0,303843748038651 
756	 0,304467853200344 
757	 0,304652685747705 
758	 0,304559969221034 
759	 0,304958270455687 
760	 0,305198988704016 
761	 0,305113701472729 
762	 0,304899819753519 
763	 0,304909873348273 
764	 0,305412649724407 
765	 0,305442657175342 
766	 0,305181463448323 
767	 0,305679551364964 
768	 0,305818022756832 
769	 0,305314882231929 
770	 0,305224189748736 
771	 0,305507940000531 
772	 0,305995643718948 
773	 0,306070380472425 
774	 0,305750729279998 
775	 0,305560417901167 
776	 0,30557249195024 
777	 0,305801253956646 
778	 0,305907710618229 
779	 0,306021862527296 
780	 0,306405337813167 
781	 0,306342668937091 
782	 0,305929816339176 
783	 0,306220840811564 
784	 0,306562616827072 
785	 0,306530939651872 
786	 0,306416673637738 
787	 0,306382476443509 
788	 0,306647237349995 
789	 0,306899837075744 
790	 0,306987416676391 
791	 0,30671794906751 
792	 0,306558255492904 
793	 0,306843008648265 
794	 0,306905099328023 
795	 0,306792400200908 
796	 0,306855480080752 
797	 0,306867567575237 
798	 0,306873890480827 
799	 0,307508716992292 
800	 0,307767447667123 
801	 0,306813816828269 
802	 0,306896029477558 
803	 0,307689690874041 
804	 0,307153593547821 
805	 0,307127182045195 
806	 0,307994773272143 
807	 0,308055925896793 
808	 0,307834827415013 
809	 0,307997836384713 
810	 0,307926158901038 
811	 0,307691793698028 
812	 0,307774369894655 
813	 0,308084870020871 
814	 0,308524429127891 
815	 0,308692882012408 
816	 0,308851993126809 
817	 0,309340927103908 
818	 0,309517136775523 
819	 0,309392227335326 
820	 0,309469837700149 
821	 0,309454916257624 
822	 0,309270516717325 
823	 0,309250933721908 
824	 0,309489070639209 
825	 0,310042788078897 
826	 0,310244140514047 
827	 0,309997156564051 
828	 0,309503109705499 
829	 0,309463719844574 
830	 0,310065490317196 
831	 0,309766413830468 
832	 0,309152317730235 
833	 0,309239726628552 
834	 0,309510073071937 
835	 0,309705327478876 
836	 0,309394410674944 
837	 0,309084348868684 
838	 0,309106772345918 
839	 0,309657651374663 
840	 0,310124764982763 
841	 0,309645550204479 
842	 0,309118808864754 
843	 0,30876719181706 
844	 0,308388329460284 
845	 0,308504321187549 
846	 0,309233717371005 
847	 0,309318599036531 
848	 0,309050864899837 
849	 0,309056952768776 
850	 0,308831632934246 
851	 0,308539273959809 
852	 0,309143387506563 
853	 0,309397989434824 
854	 0,308770004671831 
855	 0,308686202243083 
856	 0,30882602158184 
857	 0,308540450015323 
858	 0,308225354095708 
859	 0,308005769249762 
860	 0,307912969546309 
861	 0,308109478421465 
862	 0,308549532622959 
863	 0,308368012629336 
864	 0,308061030092698 
865	 0,308381957955505 
866	 0,308777290317658 
867	 0,309048506706127 
868	 0,308977308809605 
869	 0,309113832540965 
870	 0,309619762583174 
871	 0,309708455791813 
872	 0,309670613550295 
873	 0,309924330906385 
874	 0,309758963611104 
875	 0,309320666746206 
876	 0,309373173547789 
877	 0,30990830046837 
878	 0,310750681842347 
879	 0,310957499754536 
880	 0,310712711206453 
881	 0,310326568100056 
882	 0,309984396151477 
883	 0,309845855571413 
884	 0,310145941019891 
885	 0,310525992858537 
886	 0,310822156383936 
887	 0,311045462138945 
888	 0,311106145201448 
889	 0,310985360214738 
890	 0,311534220512176 
891	 0,312322253049693 
892	 0,312116239003866 
893	 0,311512294083784 
894	 0,311001823405279 
895	 0,311845404355128 
896	 0,312452122076417 
897	 0,311689111198372 
898	 0,311525624521157 
899	 0,311944037534764 
900	 0,312383571489902 
901	 0,312333776262066 
902	 0,311833115152299 
903	 0,311688742740622 
904	 0,31177856649609 
905	 0,311966746038841 
906	 0,31186921993431 
907	 0,311601655488975 
908	 0,311407485790988 
909	 0,311242604965089 
910	 0,311181057475034 
911	 0,311469761621348 
912	 0,311671112558611 
913	 0,311601162420165 
914	 0,311599391956301 
915	 0,311563278305251 
916	 0,311332664552899 
917	 0,310496492326113 
918	 0,309524131970437 
919	 0,309732091901734 
920	 0,310143181988832 
921	 0,310425899647525 
922	 0,310817166733329 
923	 0,310949338510233 
924	 0,310533924742589 
925	 0,309861105258425 
926	 0,30915590574319 
927	 0,30869679266682 
928	 0,308331704940788 
929	 0,307977169893818 
930	 0,30739977204665 
931	 0,307319271532996 
932	 0,307900129082157 
933	 0,307347304744472 
934	 0,305990528457483 
935	 0,304558389839509 
936	 0,304396008371069 
937	 0,305037317393478 
938	 0,30412851650263 
939	 0,303691627682088 
940	 0,304141957423417 
941	 0,3035128486209 
942	 0,30286840549484 
943	 0,303089472428496 
944	 0,302225568980663 
945	 0,300672632497363 
946	 0,299745497802014 
947	 0,298963940342846 
948	 0,298274950145145 
949	 0,297857184473809 
950	 0,29756703886697 
951	 0,297169939944876 
952	 0,295932421329512 
953	 0,294156046530491 
954	 0,292368232883044 
955	 0,291987796420361 
956	 0,29229335451561 
957	 0,29059570129563 
958	 0,289287729200434 
959	 0,288630832472136 
960	 0,285559991392444 
961	 0,284175512637671 
962	 0,286946948327132 
963	 0,286373458557799 
964	 0,284381254341117 
965	 0,285489730108665 
966	 0,285389268593225 
967	 0,284123394380232 
968	 0,285307261416905 
969	 0,285281811791384 
970	 0,283192502939149 
971	 0,283324637548532 
972	 0,284030214243058 
973	 0,283627144413486 
974	 0,283535449041497 
975	 0,283473890102837 
976	 0,282527899434708 
977	 0,283027239740653 
978	 0,284473328496759 
979	 0,282796324830537 
980	 0,281540102985186 
981	 0,282301948125093 
982	 0,283182439351552 
983	 0,283774112004594 
984	 0,283860965307313 
985	 0,284494643209597 
986	 0,284811749851821 
987	 0,282711255827214 
988	 0,282436943881695 
989	 0,284156410306696 
990	 0,283598579198164 
991	 0,283239396604163 
992	 0,28420004214458 
993	 0,285121113749161 
994	 0,285332736134623 
995	 0,28437496073242 
996	 0,28385061899625 
997	 0,283533902501926 
998	 0,282237565452907 
999	 0,283380725866926 
1000	 0,286980161754952 
1001	 0,290239722784566 
1002	 0,289683182202676 
1003	 0,284841754215768 
1004	 0,284217047448051 
1005	 0,2861415616097 
1006	 0,288148346587855 
1007	 0,289553151857132 
1008	 0,291192539534841 
1009	 0,294984972471497 
1010	 0,293188644494559 
1011	 0,287892208197663 
1012	 0,29337693279203 
1013	 0,296732786475098 
1014	 0,293634509650267 
1015	 0,292864279701105 
1016	 0,293647345318378 
1017	 0,294741975801469 
1018	 0,294601179595389 
1019	 0,293592471024066 
1020	 0,292694472572026 
1021	 0,294783289772287 
1022	 0,298729935953911 
1023	 0,29942826334572 
1024	 0,301252582825817 
1025	 0,303978391011813 
1026	 0,300052910673522 
1027	 0,296778385213084 
1028	 0,298424224449153 
1029	 0,297633142612869 
1030	 0,296133248643467 
1031	 0,296704924913394 
1032	 0,298071630681572 
1033	 0,29934085278529 
1034	 0,299175436819163 
1035	 0,30044754823768 
1036	 0,30413784354428 
1037	 0,311120778745505 
1038	 0,314718790521834 
1039	 0,312292107905825 
1040	 0,308622211062406 
1041	 0,304586817001383 
1042	 0,301398888993796 
1043	 0,303411319430368 
1044	 0,308312413021954 
1045	 0,312004165064588 
1046	 0,315175705445757 
1047	 0,315725331397761 
1048	 0,308753568293204 
1049	 0,3064819782623 
1050	 0,310666210422682 
1051	 0,311784909442133 
1052	 0,3103394694919 
1053	 0,307914303810497 
1054	 0,313073624313328 
1055	 0,313775936092419 
1056	 0,301755098663698 
1057	 0,305121858305754 
1058	 0,313911505983688 
1059	 0,309315763761733 
1060	 0,303332121266612 
1061	 0,301606466756804 
1062	 0,310672983714037 
1063	 0,318442558226062 
1064	 0,320645201944896 
1065	 0,319729951706692 
1066	 0,310900859011367 
1067	 0,298582257295488 
1068	 0,312350726242385 
1069	 0,332213785571244 
1070	 0,340248542771091 
1071	 0,327284337550231 
1072	 0,310641865903566 
1073	 0,310350176650106 
1074	 0,29962292111382 
1075	 0,288461250459683 
