Wavelength	GRA-VAN00528.asd
325	 0,371503631120438 
326	 0,334067507496977 
327	 0,204398936709255 
328	 0,130123095033973 
329	-7,84200701631159E-02 
330	-0,194275730094018 
331	 9,36101201894951E-02 
332	 0,234258711025214 
333	 0,269422160597757 
334	 9,25286226721046E-02 
335	-3,87329655085593E-02 
336	 1,56326281940068E-02 
337	 0,110937930447934 
338	 0,168806083594073 
339	 0,118174470182356 
340	 7,34373687117979E-02 
341	 6,78378872131524E-02 
342	 8,14899617196748E-02 
343	 0,109291715011036 
344	 0,124985144253797 
345	 8,47249083381359E-02 
346	 3,13891756465709E-02 
347	 2,70953657974763E-02 
348	 3,02725258695911E-02 
349	 2,61457121532425E-02 
350	-1,32530675081962E-02 
351	-1,05040532456582E-03 
352	 6,49896818000266E-02 
353	 6,17304837452909E-02 
354	 2,98638855848024E-02 
355	 2,18456794521752E-02 
356	 4,24751318944673E-02 
357	 6,55939602893602E-02 
358	 1,42249455477086E-02 
359	-1,20966520523481E-02 
360	 3,33775360711404E-02 
361	 8,94474749774773E-02 
362	 0,108331074855006 
363	 2,79878644197613E-02 
364	 8,33952711198538E-03 
365	 5,71359071364372E-02 
366	 3,50805133224129E-02 
367	 2,39519825284003E-02 
368	 6,48821972415947E-02 
369	 7,33923534582447E-02 
370	 5,60045096796839E-02 
371	 3,92231832699974E-02 
372	 4,25710356790547E-02 
373	 6,07890105123348E-02 
374	 4,56150055507468E-02 
375	 3,11103889668212E-02 
376	 0,043620832789167 
377	 4,40116215050192E-02 
378	 3,72010969699329E-02 
379	 4,65144589239955E-02 
380	 5,79398112709183E-02 
381	 6,74121020019499E-02 
382	 7,61305042063283E-02 
383	 7,79828051445557E-02 
384	 6,81044190281594E-02 
385	 5,07315266238355E-02 
386	 3,35770320127872E-02 
387	 2,62588565029541E-02 
388	 2,95464880427461E-02 
389	 4,02669666543537E-02 
390	 3,74848103666941E-02 
391	 3,31561659299221E-02 
392	 4,25042423551153E-02 
393	 4,63824734653167E-02 
394	 4,23548430630396E-02 
395	 3,45336885139253E-02 
396	 3,36940213469062E-02 
397	 4,40250674326585E-02 
398	 5,41635973406601E-02 
399	 5,73558554619242E-02 
400	 4,59258587411377E-02 
401	 4,12511864895347E-02 
402	 4,51099362425037E-02 
403	 4,21094797707996E-02 
404	 3,08878074539441E-02 
405	 1,36170959756058E-02 
406	 0,02031210051073 
407	 3,76580893725324E-02 
408	 3,33986245992127E-02 
409	 3,08447782202368E-02 
410	 3,42287074747261E-02 
411	 3,01658357687937E-02 
412	 2,66602363012264E-02 
413	 3,11147824663524E-02 
414	 3,15505563455745E-02 
415	 2,78895557484864E-02 
416	 2,47371118384108E-02 
417	 2,45398682798015E-02 
418	 2,80703583659527E-02 
419	 3,15471284999214E-02 
420	 0,036276555587497 
421	 4,46583123993721E-02 
422	 4,42957691978622E-02 
423	 3,61873734280068E-02 
424	 3,31632271782599E-02 
425	 3,18876895616523E-02 
426	 3,07464769203343E-02 
427	 3,42273966908303E-02 
428	 3,83969505140808E-02 
429	 3,56247035504411E-02 
430	 3,29090879828344E-02 
431	 3,21155157059724E-02 
432	 3,11757966828412E-02 
433	 3,22987978308422E-02 
434	 3,67934451574136E-02 
435	 3,42604182027664E-02 
436	 2,71867571092249E-02 
437	 2,64164279510471E-02 
438	 2,85780550026937E-02 
439	 3,14861650802407E-02 
440	 2,95701088914103E-02 
441	 2,75451019049685E-02 
442	 3,19262096732323E-02 
443	 0,033743938861666 
444	 3,22322435077405E-02 
445	 3,24313820295255E-02 
446	 3,25822781437023E-02 
447	 3,16316415556049E-02 
448	 2,95945565055345E-02 
449	 2,87668596396377E-02 
450	 3,35482996268166E-02 
451	 3,66350134364587E-02 
452	 3,59405911384869E-02 
453	 3,40243942307021E-02 
454	 0,031234388786414 
455	 2,81694818786077E-02 
456	 0,031077548207909 
457	 0,036641503151202 
458	 3,31414837542826E-02 
459	 2,97454668857856E-02 
460	 3,02020868125302E-02 
461	 3,11294095931254E-02 
462	 3,22030696020212E-02 
463	 3,34504088937956E-02 
464	 3,13449675817077E-02 
465	 2,77371365389996E-02 
466	 3,18746837017779E-02 
467	 3,68703575560216E-02 
468	 3,80971573631445E-02 
469	 3,81263469062759E-02 
470	 3,67241287321285E-02 
471	 3,21722521267334E-02 
472	 3,16188281489527E-02 
473	 3,56982343599509E-02 
474	 3,48939358306805E-02 
475	 3,32871514249871E-02 
476	 0,035284854775966 
477	 3,71580825921669E-02 
478	 3,76489110592235E-02 
479	 3,53708483127962E-02 
480	 3,34601776315996E-02 
481	 3,34868402885213E-02 
482	 0,034235420190141 
483	 3,52086612774892E-02 
484	 3,60126046876465E-02 
485	 3,45400933978854E-02 
486	 3,17288866668386E-02 
487	 3,31700000416571E-02 
488	 3,49886532414118E-02 
489	 0,034385183160614 
490	 3,49804108029993E-02 
491	 3,66063151039692E-02 
492	 3,78447388368954E-02 
493	 3,79823512518518E-02 
494	 3,70147181837209E-02 
495	 3,68799288561426E-02 
496	 3,67074343854255E-02 
497	 3,53767261201979E-02 
498	 3,48368774864224E-02 
499	 3,55626870777851E-02 
500	 0,037957906011059 
501	 3,85232066336275E-02 
502	 3,58107418459336E-02 
503	 3,54044781768812E-02 
504	 3,67862502091466E-02 
505	 3,77527623842392E-02 
506	 3,86793046795377E-02 
507	 3,93841180274201E-02 
508	 3,92850713312097E-02 
509	 0,038392206602103 
510	 3,68578109565604E-02 
511	 3,66686362842999E-02 
512	 3,72238420901151E-02 
513	 3,55840206465659E-02 
514	 3,54650460124406E-02 
515	 3,79808575352662E-02 
516	 3,93796488614467E-02 
517	 3,96172829383095E-02 
518	 0,039200845740932 
519	 3,91845306555061E-02 
520	 3,95885024718507E-02 
521	 3,93084775265757E-02 
522	 3,85252286283311E-02 
523	 3,75216331152329E-02 
524	 3,75613718494611E-02 
525	 3,83729226882613E-02 
526	 3,89602955870202E-02 
527	 3,92948552663211E-02 
528	 3,92585460939331E-02 
529	 3,86494792577082E-02 
530	 3,79410599081335E-02 
531	 3,76735426668751E-02 
532	 3,85075703867156E-02 
533	 3,95808178637106E-02 
534	 0,037524626828031 
535	 0,036503883190275 
536	 3,86294140455656E-02 
537	 3,93617546157428E-02 
538	 0,039187478644147 
539	 4,02476497845546E-02 
540	 0,040574315052797 
541	 3,98710918771285E-02 
542	 3,96717308398997E-02 
543	 0,03938653604547 
544	 3,84339982621735E-02 
545	 3,82993617919705E-02 
546	 3,89478191610447E-02 
547	 3,93828458234503E-02 
548	 4,00108265274502E-02 
549	 4,08365682397686E-02 
550	 4,07628658261089E-02 
551	 4,02486898650115E-02 
552	 4,01993423262805E-02 
553	 3,98740874791526E-02 
554	 3,93167580681235E-02 
555	 0,039384573251912 
556	 3,97966642015683E-02 
557	 4,02848655474236E-02 
558	 4,08555711054448E-02 
559	 4,12409963932367E-02 
560	 4,07845930862005E-02 
561	 4,05321559691176E-02 
562	 4,07717842594915E-02 
563	 0,040323932553072 
564	 3,98199374232876E-02 
565	 4,02043853091591E-02 
566	 4,05642775720562E-02 
567	 4,07130016698994E-02 
568	 4,09330647266832E-02 
569	 4,09652554739092E-02 
570	 4,06863252509758E-02 
571	 4,07387514239164E-02 
572	 4,10390664451916E-02 
573	 4,11573284416205E-02 
574	 4,13929996044197E-02 
575	 0,041819069486822 
576	 4,22684662599615E-02 
577	 4,28041442036538E-02 
578	 4,34947396892542E-02 
579	 4,37924795870649E-02 
580	 4,38566571530786E-02 
581	 4,46880252142426E-02 
582	 4,50428261761495E-02 
583	 4,44598974657905E-02 
584	 4,53223300756933E-02 
585	 4,67036349502544E-02 
586	 4,64553697067593E-02 
587	 4,60513343748968E-02 
588	 4,59620218974614E-02 
589	 4,62083758939957E-02 
590	 4,63694337459699E-02 
591	 0,046091829459778 
592	 4,62984985804921E-02 
593	 0,04687696401741 
594	 4,70571933038354E-02 
595	 4,70240088658076E-02 
596	 4,68688878200063E-02 
597	 0,046700202061611 
598	 4,66443190429732E-02 
599	 4,68746428152535E-02 
600	 4,66497373039122E-02 
601	 0,046073412142522 
602	 4,63838859004821E-02 
603	 4,69424454329321E-02 
604	 4,71483196875127E-02 
605	 4,63913242741222E-02 
606	 4,51717957965959E-02 
607	 4,48227293930004E-02 
608	 4,52588838830051E-02 
609	 0,046170941002891 
610	 4,58594159382571E-02 
611	 4,50326694020973E-02 
612	 4,47480609321429E-02 
613	 4,49121962046479E-02 
614	 4,53274187929472E-02 
615	 4,53961774698535E-02 
616	 4,51573264659877E-02 
617	 0,044765343605049 
618	 4,54254652118029E-02 
619	 4,63898303854287E-02 
620	 4,58748081807383E-02 
621	 4,51342453402513E-02 
622	 4,47267311883535E-02 
623	 4,52174278832178E-02 
624	 4,56931831200809E-02 
625	 4,52269075170533E-02 
626	 4,52543735529617E-02 
627	 4,57229206981857E-02 
628	 4,55463351797084E-02 
629	 4,54415899791229E-02 
630	 4,56749229916271E-02 
631	 4,52980615808042E-02 
632	 0,045007037513758 
633	 0,04612279032232 
634	 4,65780590792925E-02 
635	 4,62086111568715E-02 
636	 4,70547109041459E-02 
637	 4,80398786293218E-02 
638	 4,82059707716033E-02 
639	 4,80061948124868E-02 
640	 4,76587173365754E-02 
641	 4,73912184757415E-02 
642	 4,76305108832817E-02 
643	 0,048407420447739 
644	 4,85867163250238E-02 
645	 4,88189690936681E-02 
646	 0,050087483530359 
647	 5,01659358767936E-02 
648	 4,89614983259508E-02 
649	 4,81093995844097E-02 
650	 4,78751011249289E-02 
651	 4,83519986032563E-02 
652	 4,85415573606149E-02 
653	 4,83370104090285E-02 
654	 4,78608197267328E-02 
655	 4,75780122467119E-02 
656	 4,74494523459328E-02 
657	 4,62884900377276E-02 
658	 0,04527102580381 
659	 4,56249867606574E-02 
660	 4,56888422651535E-02 
661	 4,52590425229595E-02 
662	 4,48456358499515E-02 
663	 4,44774949905206E-02 
664	 4,41873507274762E-02 
665	 4,39845464180912E-02 
666	 0,043669158390253 
667	 4,29149899157165E-02 
668	 4,25292281363937E-02 
669	 4,26463363011466E-02 
670	 4,28001701346939E-02 
671	 4,28259681798745E-02 
672	 0,042639805125165 
673	 4,28863377155788E-02 
674	 4,32495760443074E-02 
675	 4,26401155936296E-02 
676	 4,23018169790204E-02 
677	 4,26078422145755E-02 
678	 4,27493236315187E-02 
679	 4,30141090811716E-02 
680	 4,38021187115697E-02 
681	 4,38179076298967E-02 
682	 4,32813913550177E-02 
683	 4,38743988274266E-02 
684	 4,47462430423011E-02 
685	 4,53297891914999E-02 
686	 4,53151821295122E-02 
687	 4,52433504158031E-02 
688	 4,61626955215656E-02 
689	 4,68644233855549E-02 
690	 4,72258808680897E-02 
691	 4,82609084890843E-02 
692	 4,99473944124556E-02 
693	 0,052172937559857 
694	 5,40368268187331E-02 
695	 5,57873701885089E-02 
696	 5,85412110851579E-02 
697	 6,15530293124035E-02 
698	 6,45533166084791E-02 
699	 6,78270329902319E-02 
700	 7,14084655579628E-02 
701	 7,53006020016817E-02 
702	 7,95225684020143E-02 
703	 8,39248309072653E-02 
704	 8,80282886551841E-02 
705	 9,24684684000081E-02 
706	 9,74709383116743E-02 
707	 0,101428812626209 
708	 0,104881892479526 
709	 0,109275468239299 
710	 0,113288512490427 
711	 0,116656339676987 
712	 0,120119817978034 
713	 0,123426719747529 
714	 0,126327710987988 
715	 0,129094156976671 
716	 0,131844372957404 
717	 0,134800735471584 
718	 0,137271008769289 
719	 0,13903749598565 
720	 0,140707941302965 
721	 0,142448268693716 
722	 0,144385973111448 
723	 0,145930583455421 
724	 0,147167158970952 
725	 0,148928130503935 
726	 0,150448907485068 
727	 0,151316603961622 
728	 0,15226108199412 
729	 0,153340828652859 
730	 0,154509620054431 
731	 0,155172162308546 
732	 0,155353182374827 
733	 0,155975636392229 
734	 0,156899540871665 
735	 0,157920090593587 
736	 0,15838835236195 
737	 0,158541567588169 
738	 0,159311577898354 
739	 0,159976923786061 
740	 0,160278391047919 
741	 0,160370606953337 
742	 0,160471536236819 
743	 0,160812943704409 
744	 0,161178106213078 
745	 0,161530235714315 
746	 0,161923119807524 
747	 0,16229014646856 
748	 0,162615317244831 
749	 0,16309523006285 
750	 0,163536036880366 
751	 0,163622462311394 
752	 0,163422805720705 
753	 0,163218909474849 
754	 0,163939098379986 
755	 0,164690741178201 
756	 0,164822323184694 
757	 0,164818502864134 
758	 0,164835274719903 
759	 0,165001729919773 
760	 0,165445264575073 
761	 0,166032038586718 
762	 0,165961218769359 
763	 0,165764098326701 
764	 0,165979094014192 
765	 0,166439536758406 
766	 0,166888214810604 
767	 0,16673590515929 
768	 0,166591984824849 
769	 0,166725188003074 
770	 0,167098423546231 
771	 0,167525865513261 
772	 0,167789561013045 
773	 0,167859744020867 
774	 0,167794421553287 
775	 0,167771720213579 
776	 0,167857352217785 
777	 0,16806518142015 
778	 0,168168883330196 
779	 0,168266012675466 
780	 0,168540416264419 
781	 0,168697801323294 
782	 0,16871869395381 
783	 0,168832243245348 
784	 0,168949437163635 
785	 0,169038366045025 
786	 0,169333666428283 
787	 0,169721228591075 
788	 0,169952138054387 
789	 0,170069437949686 
790	 0,170116515856626 
791	 0,170272367621964 
792	 0,170281354710738 
793	 0,169988669249653 
794	 0,170006336300506 
795	 0,170323372115519 
796	 0,170717792651223 
797	 0,17086996209709 
798	 0,170757288796891 
799	 0,170953680918722 
800	 0,171134246919094 
801	 0,170988765416596 
802	 0,170890120835598 
803	 0,170952096905925 
804	 0,171315662672718 
805	 0,171438990272423 
806	 0,171261541829834 
807	 0,171744043387412 
808	 0,172144781583178 
809	 0,171663595399808 
810	 0,171696729087485 
811	 0,172309014504676 
812	 0,172873442225736 
813	 0,173257273570766 
814	 0,173330808492673 
815	 0,172895803369233 
816	 0,172630565763486 
817	 0,173308028261532 
818	 0,173464351414876 
819	 0,173082634805711 
820	 0,173171316625008 
821	 0,173245182061965 
822	 0,173148909628788 
823	 0,173323511279479 
824	 0,173622908047565 
825	 0,173810832274382 
826	 0,174429180128487 
827	 0,175168410002942 
828	 0,174693125525671 
829	 0,174162776089344 
830	 0,174153915689615 
831	 0,174065044708919 
832	 0,1739340877792 
833	 0,173887038277499 
834	 0,174451361260383 
835	 0,175369289098454 
836	 0,175377098600772 
837	 0,175452318163577 
838	 0,175966309567366 
839	 0,175574630840524 
840	 0,174938152457856 
841	 0,175168128990694 
842	 0,175456434620685 
843	 0,175555032557304 
844	 0,175305034974727 
845	 0,175241322396921 
846	 0,175583288150182 
847	 0,175551203909993 
848	 0,175467152142078 
849	 0,175897959621745 
850	 0,176048439869323 
851	 0,176003266926905 
852	 0,176828246371613 
853	 0,177136381574972 
854	 0,176353817549059 
855	 0,176143747911945 
856	 0,176248601213517 
857	 0,176055298950126 
858	 0,176015861398136 
859	 0,17618943071592 
860	 0,176498521073036 
861	 0,176443782715103 
862	 0,175978598496919 
863	 0,176762445069518 
864	 0,177540918029923 
865	 0,176520630690845 
866	 0,17586393232574 
867	 0,17592455251849 
868	 0,176014608996418 
869	 0,176535410103675 
870	 0,177460189250948 
871	 0,177697317797853 
872	 0,177335106306219 
873	 0,176655556373177 
874	 0,17684170955214 
875	 0,177539040887111 
876	 0,176830965229792 
877	 0,176374993828 
878	 0,176843181869634 
879	 0,177810672458995 
880	 0,178411587185899 
881	 0,177835200597045 
882	 0,177845949411719 
883	 0,178292480629486 
884	 0,177660520887055 
885	 0,177694083714786 
886	 0,178707593048314 
887	 0,178867253804514 
888	 0,178859028370713 
889	 0,179349276004133 
890	 0,17907242439251 
891	 0,178500104535397 
892	 0,179166917210415 
893	 0,179484894516695 
894	 0,179123768799695 
895	 0,179102956557461 
896	 0,179030170043205 
897	 0,178652552450483 
898	 0,178769405583916 
899	 0,179206830184802 
900	 0,179440911516524 
901	 0,17966923760934 
902	 0,179854529601605 
903	 0,179711769053547 
904	 0,179616286760894 
905	 0,179804156841971 
906	 0,180109942197682 
907	 0,180372619184754 
908	 0,180401303996147 
909	 0,180502703517199 
910	 0,180643016465386 
911	 0,180494978516941 
912	 0,180222679776557 
913	 0,179874450616106 
914	 0,179129399837046 
915	 0,178739452565063 
916	 0,179503627533869 
917	 0,180461133619471 
918	 0,181099734483201 
919	 0,180728635169221 
920	 0,180388289810658 
921	 0,18034455494129 
922	 0,179851295636728 
923	 0,179443148329796 
924	 0,179558859281102 
925	 0,179736892565954 
926	 0,179789747334073 
927	 0,179513825542442 
928	 0,179651439383549 
929	 0,180030678713698 
930	 0,179124770812425 
931	 0,178613131766863 
932	 0,179281354616376 
933	 0,179149998914085 
934	 0,178856915992802 
935	 0,179446334571769 
936	 0,179157734316625 
937	 0,17818789120899 
938	 0,178244631557374 
939	 0,178058410902029 
940	 0,177455638501372 
941	 0,178001259117471 
942	 0,178735021622337 
943	 0,178750184540204 
944	 0,178671955867546 
945	 0,178465330315988 
946	 0,177921685284754 
947	 0,176839249815112 
948	 0,175670497606079 
949	 0,176194338132556 
950	 0,176623459737525 
951	 0,175957225966101 
952	 0,175099342302146 
953	 0,17404101729218 
954	 0,172740390763314 
955	 0,173123781186344 
956	 0,174204537983538 
957	 0,172288796413805 
958	 0,17117427543844 
959	 0,171850418312231 
960	 0,172513449076253 
961	 0,172505803321685 
962	 0,171547980647286 
963	 0,171505557729316 
964	 0,171834374156511 
965	 0,171307640766709 
966	 0,169735522222725 
967	 0,168261466639685 
968	 0,170561401025643 
969	 0,172451302234856 
970	 0,17220505258626 
971	 0,171427673795257 
972	 0,170709894970316 
973	 0,17047420279464 
974	 0,169982281621289 
975	 0,169499348458354 
976	 0,169641806344723 
977	 0,171037668820359 
978	 0,173012260427015 
979	 0,172706507089275 
980	 0,172556569631447 
981	 0,17332265120663 
982	 0,17183166935958 
983	 0,170182177542221 
984	 0,170631438625615 
985	 0,170908293111014 
986	 0,1708063185516 
987	 0,170611816583249 
988	 0,172451754779394 
989	 0,175704858505832 
990	 0,176014941623599 
991	 0,17523419205692 
992	 0,174498485913904 
993	 0,174350470209279 
994	 0,174065456742238 
995	 0,172994452835268 
996	 0,173454502593968 
997	 0,175323192746039 
998	 0,177552569655003 
999	 0,17874535710893 
1000	 0,178260730627581 
1001	 0,175456116916023 
1002	 0,174351436183675 
1003	 0,176567097372473 
1004	 0,178175424010676 
1005	 0,179157670020125 
1006	 0,179761716178285 
1007	 0,179490208082954 
1008	 0,178268156449468 
1009	 0,176074064285094 
1010	 0,174977774527609 
1011	 0,175559213620322 
1012	 0,177304566873257 
1013	 0,179957772739635 
1014	 0,182851035660501 
1015	 0,183821233867014 
1016	 0,184351590195479 
1017	 0,185579831310319 
1018	 0,18510280700565 
1019	 0,182797900912944 
1020	 0,17918828319572 
1021	 0,179861915804572 
1022	 0,183894535043154 
1023	 0,184501319968757 
1024	 0,187089048109309 
1025	 0,191307241232217 
1026	 0,188061011462538 
1027	 0,185099155424243 
1028	 0,187318856516013 
1029	 0,189208201694491 
1030	 0,189534003753001 
1031	 0,187730409335728 
1032	 0,186462213043617 
1033	 0,187235932818006 
1034	 0,192065391300395 
1035	 0,189904549743908 
1036	 0,182533579310972 
1037	 0,188672408363227 
1038	 0,190659030641493 
1039	 0,183574369049217 
1040	 0,1858440435673 
1041	 0,191826499600929 
1042	 0,195183761410344 
1043	 0,190979723914338 
1044	 0,184917450648986 
1045	 0,185838931825474 
1046	 0,18766420972079 
1047	 0,189903097625298 
1048	 0,194396040405904 
1049	 0,197859734612596 
1050	 0,197991566877436 
1051	 0,189906762662883 
1052	 0,188898079151041 
1053	 0,199417673162447 
1054	 0,197198268932214 
1055	 0,194096801420218 
1056	 0,199484482489733 
1057	 0,19052716510964 
1058	 0,181635108343368 
1059	 0,196269049317858 
1060	 0,200011425682252 
1061	 0,194742460866199 
1062	 0,202205376701614 
1063	 0,197360181916581 
1064	 0,182232838424485 
1065	 0,193435057227998 
1066	 0,199519661805861 
1067	 0,189594439695322 
1068	 0,189008156812059 
1069	 0,190222700263161 
1070	 0,18750766094105 
1071	 0,187699658522381 
1072	 0,18839410813919 
1073	 0,185959526122003 
1074	 0,182380078307661 
1075	 0,181563783051199 
