Wavelength	MORB100442.asd
325	 0,387792708326575 
326	 0,279704942721165 
327	 0,146646925770645 
328	 9,66619125743261E-02 
329	 0,184461803139041 
330	 0,226809444277312 
331	 0,107743702253104 
332	 7,56583845510046E-02 
333	 0,129099736708616 
334	 0,165637742547807 
335	 0,124484792008821 
336	 1,63521043246703E-02 
337	 3,18330513254371E-02 
338	 9,45759135807752E-02 
339	 0,120470814865604 
340	 0,089842716142635 
341	 5,68414094958786E-02 
342	 0,148929988617569 
343	 0,177853119358947 
344	 0,10744882482073 
345	 6,76924040692406E-02 
346	 8,24415192762246E-02 
347	 0,152542512514584 
348	 0,11819035659537 
349	 1,53350575736376E-02 
350	 4,45259562672036E-02 
351	 7,75258137216768E-02 
352	 8,00997984204091E-02 
353	 0,100287416281379 
354	 0,107432992336743 
355	 6,90326020816426E-02 
356	 0,065394925805129 
357	 8,93296520607236E-02 
358	 6,54580202650437E-02 
359	 4,20671599825713E-02 
360	 4,35199105423371E-02 
361	 7,82571595607115E-02 
362	 0,112039315077656 
363	 0,105532970338394 
364	 8,01433276474312E-02 
365	 4,96839010046557E-02 
366	 0,070280620374142 
367	 8,60360533617197E-02 
368	 6,72782936202069E-02 
369	 4,41666820874121E-02 
370	 0,03147201613816 
371	 4,99805037631416E-02 
372	 6,62309355593111E-02 
373	 6,73283533837486E-02 
374	 4,41715255437447E-02 
375	 3,00763696925419E-02 
376	 4,69951719169276E-02 
377	 4,93042336279125E-02 
378	 4,33438694702636E-02 
379	 5,98957147364374E-02 
380	 6,50458103207263E-02 
381	 5,31984223331773E-02 
382	 0,053541579647369 
383	 4,77347335785282E-02 
384	 1,97956770396358E-02 
385	 0,033409812296579 
386	 6,96037951058723E-02 
387	 5,69494189113791E-02 
388	 4,35372508320746E-02 
389	 4,47262057714794E-02 
390	 3,28597318417705E-02 
391	 1,82021302397652E-02 
392	 1,58327983604956E-02 
393	 1,94226775341448E-02 
394	 2,57912313627476E-02 
395	 3,05179721607044E-02 
396	 3,50244454597617E-02 
397	 3,96010091736196E-02 
398	 4,19124073862798E-02 
399	 4,19257221332614E-02 
400	 3,98363290025044E-02 
401	 3,99569177720572E-02 
402	 4,06508555184399E-02 
403	 3,00564147785239E-02 
404	 2,53361955220533E-02 
405	 3,65625565970869E-02 
406	 0,036965354412207 
407	 2,87401827182027E-02 
408	 2,34811914476545E-02 
409	 2,45045257484095E-02 
410	 3,14576270356185E-02 
411	 3,82021780676242E-02 
412	 3,97697333980972E-02 
413	 3,25674118937413E-02 
414	 2,85420212240108E-02 
415	 0,028262189792828 
416	 0,026830402968488 
417	 2,53569737841097E-02 
418	 2,38199045758135E-02 
419	 0,019410430284526 
420	 1,62651119794895E-02 
421	 1,98724612383468E-02 
422	 2,19821458414741E-02 
423	 2,07326288140732E-02 
424	 1,54087581848526E-02 
425	 1,67689899380493E-02 
426	 2,87874488570022E-02 
427	 2,82436491245596E-02 
428	 2,16390818010321E-02 
429	 0,02602360003415 
430	 2,78735858415833E-02 
431	 2,46411873609573E-02 
432	 2,20234536004058E-02 
433	 0,022308755897245 
434	 2,66460424827383E-02 
435	 2,53398416107204E-02 
436	 0,02047623495739 
437	 2,24326612009311E-02 
438	 0,022623368748277 
439	 1,89156851683879E-02 
440	 1,95737124898601E-02 
441	 2,22647191097016E-02 
442	 2,31205110555144E-02 
443	 0,022257134726618 
444	 0,02057026633787 
445	 2,11343595016058E-02 
446	 2,20949891134154E-02 
447	 2,22424079454781E-02 
448	 2,17061123045411E-02 
449	 2,13018181602768E-02 
450	 2,26891814150642E-02 
451	 2,17526407841409E-02 
452	 1,89149769497457E-02 
453	 2,26866368134558E-02 
454	 2,53116850032172E-02 
455	 1,99216229370466E-02 
456	 1,79525986224468E-02 
457	 2,06969777971877E-02 
458	 2,60215367683235E-02 
459	 0,028218991844167 
460	 2,51351578094147E-02 
461	 2,14633096497974E-02 
462	 1,94677904670724E-02 
463	 2,13352687178149E-02 
464	 0,02432358232134 
465	 2,62786843662056E-02 
466	 2,26164045928391E-02 
467	 2,00066965471419E-02 
468	 2,24132738506916E-02 
469	 2,25333441239339E-02 
470	 2,11041558516377E-02 
471	 2,15785328834916E-02 
472	 2,31223072686374E-02 
473	 2,46704854377628E-02 
474	 2,24080019439746E-02 
475	 1,97604259059594E-02 
476	 0,020197736966243 
477	 2,00918218714056E-02 
478	 1,92429329307982E-02 
479	 0,018715615310543 
480	 2,04493048418421E-02 
481	 2,44395061750924E-02 
482	 2,46744975941127E-02 
483	 0,022312879410158 
484	 1,99969626137369E-02 
485	 1,81836240414488E-02 
486	 1,77901699669635E-02 
487	 2,11060828585997E-02 
488	 2,43570201624335E-02 
489	 2,46245322877917E-02 
490	 2,30205482832381E-02 
491	 2,05500586659335E-02 
492	 1,89257990516274E-02 
493	 1,75134840642877E-02 
494	 1,65614549294805E-02 
495	 1,80986189631457E-02 
496	 1,98930267824516E-02 
497	 1,93559825661699E-02 
498	 1,96348105024301E-02 
499	 2,07653072668239E-02 
500	 2,05921937531215E-02 
501	 2,06552887786579E-02 
502	 2,15712947299206E-02 
503	 2,08648423909396E-02 
504	 1,97057481299232E-02 
505	 2,06431799254861E-02 
506	 2,13150828935738E-02 
507	 2,10735163128921E-02 
508	 0,020382771765314 
509	 1,98750020519339E-02 
510	 0,020078762548525 
511	 2,03980445216564E-02 
512	 2,07004097020907E-02 
513	 2,11357626174535E-02 
514	 2,08784710925765E-02 
515	 1,97674011526745E-02 
516	 1,92484827754823E-02 
517	 1,91289680853863E-02 
518	 1,88842928302963E-02 
519	 1,95118496918976E-02 
520	 2,07560024020975E-02 
521	 0,021083384141241 
522	 2,03672154815478E-02 
523	 1,87529072948395E-02 
524	 1,84705033155617E-02 
525	 1,92095865350571E-02 
526	 1,94249553912194E-02 
527	 1,96854959271187E-02 
528	 1,99487946952024E-02 
529	 1,92127267896058E-02 
530	 1,85336924612455E-02 
531	 1,91564192036524E-02 
532	 1,97360897727544E-02 
533	 1,98254836329432E-02 
534	 1,90285666809343E-02 
535	 1,85221414701009E-02 
536	 1,89266204500352E-02 
537	 1,90586446375147E-02 
538	 1,89463919066552E-02 
539	 1,89707562495494E-02 
540	 0,018782199797526 
541	 1,84662224660189E-02 
542	 1,88372150373609E-02 
543	 1,94047671945792E-02 
544	 1,96409842673256E-02 
545	 1,91855479069691E-02 
546	 1,86201572034033E-02 
547	 1,99613684420237E-02 
548	 2,03662222077737E-02 
549	 1,88155804629708E-02 
550	 1,86566112655165E-02 
551	 1,94127112948636E-02 
552	 1,97635907164659E-02 
553	 1,96372909727122E-02 
554	 1,92224086197818E-02 
555	 1,96591291853266E-02 
556	 1,97499086970048E-02 
557	 1,86088845729322E-02 
558	 1,83363270649434E-02 
559	 1,87987036877377E-02 
560	 1,85703065110903E-02 
561	 0,018943084800936 
562	 2,00541128820884E-02 
563	 1,96623730335048E-02 
564	 1,86397904017892E-02 
565	 1,83902436907954E-02 
566	 1,83465411145171E-02 
567	 1,84638273771348E-02 
568	 1,89095280196235E-02 
569	 1,97470601726886E-02 
570	 2,08786565752107E-02 
571	 2,09746985446844E-02 
572	 0,020534793025606 
573	 2,11087060537412E-02 
574	 0,021625382703533 
575	 2,17650461816999E-02 
576	 2,19415713405028E-02 
577	 2,18079284340256E-02 
578	 2,09922736942669E-02 
579	 2,12949343131602E-02 
580	 2,25163440131013E-02 
581	 2,27064657854118E-02 
582	 2,26962262868909E-02 
583	 2,27880602608313E-02 
584	 2,13974670009956E-02 
585	 2,01309933272571E-02 
586	 2,22230363423212E-02 
587	 2,31375009224967E-02 
588	 2,21326311052587E-02 
589	 2,27307130045587E-02 
590	 2,34053497391716E-02 
591	 2,26818586671456E-02 
592	 0,022456358485361 
593	 2,27005704137159E-02 
594	 2,22313586533012E-02 
595	 2,20460907550945E-02 
596	 2,24612733065232E-02 
597	 2,23658014688871E-02 
598	 2,19211788907889E-02 
599	 2,15520151402301E-02 
600	 2,09819156960664E-02 
601	 2,04858563299525E-02 
602	 2,12698983640417E-02 
603	 2,22775966416959E-02 
604	 2,25955878890615E-02 
605	 2,20336507550661E-02 
606	 0,021218707929791 
607	 2,18147772893386E-02 
608	 2,21272024535321E-02 
609	 0,021615644075944 
610	 0,021209757815266 
611	 2,07682973970336E-02 
612	 2,00270499591533E-02 
613	 1,97964820163819E-02 
614	 2,00142844938789E-02 
615	 1,97612172481761E-02 
616	 1,94969627474412E-02 
617	 1,95465634821585E-02 
618	 2,01001042248318E-02 
619	 2,06472871755812E-02 
620	 2,01050479306476E-02 
621	 1,99617203321821E-02 
622	 2,05022751853913E-02 
623	 2,04551083479862E-02 
624	 2,04668560736478E-02 
625	 2,12168560806374E-02 
626	 2,10713472102191E-02 
627	 2,02451970457369E-02 
628	 2,03521901829034E-02 
629	 2,07206361753217E-02 
630	 2,09909695208729E-02 
631	 2,10586591073791E-02 
632	 2,11239915345686E-02 
633	 2,15490269185641E-02 
634	 2,18489806263033E-02 
635	 2,19675665293289E-02 
636	 2,23336802931651E-02 
637	 2,25837791795822E-02 
638	 2,24751290989225E-02 
639	 2,32110843372623E-02 
640	 2,43212561024786E-02 
641	 2,40595279993285E-02 
642	 2,38057488049085E-02 
643	 2,40680111823698E-02 
644	 2,43492826303779E-02 
645	 2,44699447979309E-02 
646	 2,42514264721669E-02 
647	 2,45137834477733E-02 
648	 2,52415703481707E-02 
649	 2,56780893706132E-02 
650	 2,57345050178854E-02 
651	 2,54185228156416E-02 
652	 2,54325071402972E-02 
653	 2,56384342877831E-02 
654	 2,55327896000591E-02 
655	 2,52819631928473E-02 
656	 0,02496966403362 
657	 2,47711365398158E-02 
658	 2,45770466041475E-02 
659	 2,42544300303709E-02 
660	 2,35635031829325E-02 
661	 2,28262834376312E-02 
662	 2,31284346123784E-02 
663	 0,023288240251682 
664	 2,27180273034747E-02 
665	 2,18332533298971E-02 
666	 2,12398924909125E-02 
667	 2,18026478073162E-02 
668	 2,19939323197054E-02 
669	 2,15933492391886E-02 
670	 0,021669103424629 
671	 2,17545785205416E-02 
672	 2,14920485663481E-02 
673	 2,14663433160791E-02 
674	 2,16157986764186E-02 
675	 2,16396452551224E-02 
676	 2,11644669035802E-02 
677	 2,02824990284584E-02 
678	 2,03592319255801E-02 
679	 2,08343331081031E-02 
680	 2,09088252812335E-02 
681	 2,08046216509204E-02 
682	 0,020688422990694 
683	 0,020968111870002 
684	 2,12753480081791E-02 
685	 0,02140182929383 
686	 2,15694126664994E-02 
687	 2,17746316493331E-02 
688	 0,021933721297361 
689	 2,24045920620493E-02 
690	 0,023184439611299 
691	 2,36955315914388E-02 
692	 2,43631311267613E-02 
693	 2,55884185777222E-02 
694	 2,72925400224481E-02 
695	 2,91794984210849E-02 
696	 3,04223056314194E-02 
697	 3,23867915615734E-02 
698	 3,55099256962137E-02 
699	 3,84636992922591E-02 
700	 4,18359275711599E-02 
701	 4,65205586148552E-02 
702	 5,10923701010847E-02 
703	 5,53933252471368E-02 
704	 6,01185630322043E-02 
705	 0,06550940802495 
706	 7,15873115611824E-02 
707	 7,72137155607808E-02 
708	 8,25790516241729E-02 
709	 8,83694757292415E-02 
710	 9,42002481497638E-02 
711	 9,99527167830903E-02 
712	 0,105681226253932 
713	 0,111223019162758 
714	 0,116453310177266 
715	 0,121836644508888 
716	 0,127222722607836 
717	 0,132006396278036 
718	 0,136576406317304 
719	 0,141107094245871 
720	 0,145687000154945 
721	 0,149986766209112 
722	 0,153588703460353 
723	 0,157157735540036 
724	 0,160703585770499 
725	 0,163632003698673 
726	 0,166429683309476 
727	 0,169359253310036 
728	 0,171932920303726 
729	 0,174148194261813 
730	 0,176116599803449 
731	 0,177977997687979 
732	 0,179767333707506 
733	 0,181306219721338 
734	 0,182902148387024 
735	 0,184784797808875 
736	 0,186266995054399 
737	 0,187404312457995 
738	 0,1886382287268 
739	 0,189919347272606 
740	 0,191170313387908 
741	 0,192010242837272 
742	 0,192619544882923 
743	 0,193246549696601 
744	 0,193939612299793 
745	 0,194745492846077 
746	 0,195807355790459 
747	 0,196495773818833 
748	 0,196551707679271 
749	 0,1967948445472 
750	 0,197253162765135 
751	 0,197801603245602 
752	 0,198342421583166 
753	 0,198784162439953 
754	 0,19894279753709 
755	 0,199141182888798 
756	 0,199607316078127 
757	 0,200105683601231 
758	 0,200556298666066 
759	 0,200889016950375 
760	 0,201141550590397 
761	 0,201342700267305 
762	 0,201553534601357 
763	 0,201773212129297 
764	 0,201995800630576 
765	 0,202202252493036 
766	 0,20237558401823 
767	 0,202426538316516 
768	 0,202783207529262 
769	 0,203472452842721 
770	 0,203588064462882 
771	 0,203480170164065 
772	 0,203650270063672 
773	 0,203898454631564 
774	 0,204172949926553 
775	 0,204463070365933 
776	 0,204596349917678 
777	 0,20452471729033 
778	 0,204607527030904 
779	 0,204771350900884 
780	 0,204848834694214 
781	 0,204746297751375 
782	 0,204601660324928 
783	 0,205047349547956 
784	 0,205288944803525 
785	 0,204882213643199 
786	 0,204829712473319 
787	 0,204990778388614 
788	 0,204859336246211 
789	 0,204682665157401 
790	 0,204522067556813 
791	 0,20433931890533 
792	 0,204144661706061 
793	 0,203981310833332 
794	 0,204278126868355 
795	 0,204581710708368 
796	 0,203737725830202 
797	 0,20325310581382 
798	 0,203473767848864 
799	 0,203339373101493 
800	 0,203265208216969 
801	 0,203623575142442 
802	 0,203342461272976 
803	 0,202760496977656 
804	 0,203235173508931 
805	 0,203800788917471 
806	 0,204162803075456 
807	 0,204802949645658 
808	 0,205280626531348 
809	 0,205125497776829 
810	 0,204934632657754 
811	 0,204837061331556 
812	 0,204740093006958 
813	 0,204917901315597 
814	 0,205358391256979 
815	 0,205215453646878 
816	 0,205101929547959 
817	 0,205799419682671 
818	 0,206117385625831 
819	 0,206047824164891 
820	 0,206412026887393 
821	 0,206805730113156 
822	 0,20706067621644 
823	 0,207388467776557 
824	 0,207605752791344 
825	 0,207468625909794 
826	 0,207409247917524 
827	 0,207615592121326 
828	 0,208342903234054 
829	 0,208809117669322 
830	 0,208695296544091 
831	 0,208939331635997 
832	 0,209338207614954 
833	 0,209481463559083 
834	 0,209442651795087 
835	 0,209350948601582 
836	 0,209589425212985 
837	 0,209752424005592 
838	 0,209653365415731 
839	 0,209600954160518 
840	 0,209784524012792 
841	 0,210406687455805 
842	 0,210650541934844 
843	 0,210438747962098 
844	 0,210282069794605 
845	 0,210169775376846 
846	 0,210114486347687 
847	 0,210167681024758 
848	 0,210083678406116 
849	 0,209522233974025 
850	 0,20952942448807 
851	 0,20998379729719 
852	 0,209574887859965 
853	 0,20907283268412 
854	 0,208916728229355 
855	 0,208986460967417 
856	 0,209209696558028 
857	 0,209496330196054 
858	 0,209609630859277 
859	 0,20947070544098 
860	 0,20907816034738 
861	 0,208598506855733 
862	 0,208231541814264 
863	 0,208610035067177 
864	 0,20883704785069 
865	 0,207719526736957 
866	 0,207921222260374 
867	 0,209321700674881 
868	 0,209677126636111 
869	 0,209303386765279 
870	 0,208507772794144 
871	 0,208324976842567 
872	 0,208837610963132 
873	 0,209948954582119 
874	 0,210337272679844 
875	 0,210105987506949 
876	 0,210503278823334 
877	 0,21094241642123 
878	 0,211270865474956 
879	 0,211979702066591 
880	 0,212674822056908 
881	 0,212909944880102 
882	 0,213004985616963 
883	 0,213036797671272 
884	 0,212985471250801 
885	 0,213087258007819 
886	 0,213441618664017 
887	 0,214031738864166 
888	 0,214521546407069 
889	 0,214607184015734 
890	 0,214483670528534 
891	 0,214399260335303 
892	 0,214786290226114 
893	 0,215250386350703 
894	 0,215619888503872 
895	 0,215814017047252 
896	 0,215870757770525 
897	 0,215830025906263 
898	 0,215686634808071 
899	 0,215587411749355 
900	 0,21578600922146 
901	 0,215729313612891 
902	 0,215543654701597 
903	 0,216388949794273 
904	 0,216905337483106 
905	 0,21639488986803 
906	 0,216496885477447 
907	 0,216978095887416 
908	 0,217220163128955 
909	 0,216905863720462 
910	 0,216179588735754 
911	 0,215716367507658 
912	 0,215698336100394 
913	 0,216101154642151 
914	 0,21612010954265 
915	 0,215980479711883 
916	 0,216003513073739 
917	 0,215752143430944 
918	 0,215469132091854 
919	 0,215978154765136 
920	 0,216516575562258 
921	 0,216539172839889 
922	 0,214917145345543 
923	 0,213625588137413 
924	 0,214135947527509 
925	 0,213470750408435 
926	 0,212272493359744 
927	 0,212532444880979 
928	 0,213121417683933 
929	 0,213366440585898 
930	 0,212023932681935 
931	 0,210958478219538 
932	 0,211010783060824 
933	 0,209546761827111 
934	 0,208033640569045 
935	 0,208613862995428 
936	 0,208437904913665 
937	 0,207306249862572 
938	 0,206524593909299 
939	 0,205807841250728 
940	 0,205088087975575 
941	 0,204464237207309 
942	 0,203396565449597 
943	 0,201538576313782 
944	 0,200406063035806 
945	 0,199812748304479 
946	 0,198925328548198 
947	 0,198001068395785 
948	 0,196941451143421 
949	 0,195166166418663 
950	 0,19385840727137 
951	 0,193565542086391 
952	 0,193005257048011 
953	 0,192197042092286 
954	 0,191296806787889 
955	 0,189144852451797 
956	 0,186475140665946 
957	 0,185726873137283 
958	 0,18477719114537 
959	 0,183339101831459 
960	 0,183635511849479 
961	 0,183508548351468 
962	 0,181531510187069 
963	 0,180620296390337 
964	 0,180653141210451 
965	 0,180771001042969 
966	 0,181074799894024 
967	 0,181264733763631 
968	 0,180668001820559 
969	 0,179223154806026 
970	 0,177322512934828 
971	 0,176866349053425 
972	 0,177262779182665 
973	 0,177801210432933 
974	 0,178249242705241 
975	 0,178836288583406 
976	 0,180169077944631 
977	 0,179913800316528 
978	 0,178221397602608 
979	 0,177726305194938 
980	 0,178743976879178 
981	 0,18067673839373 
982	 0,178891758652222 
983	 0,176892510644248 
984	 0,178378908965377 
985	 0,179360896219688 
986	 0,179423947902816 
987	 0,179256635712253 
988	 0,178133589373858 
989	 0,176767591222627 
990	 0,178056393134361 
991	 0,18016146475416 
992	 0,181816679107746 
993	 0,182046318340978 
994	 0,181954343958616 
995	 0,182703758633048 
996	 0,182564493127128 
997	 0,182387925146147 
998	 0,184393936418868 
999	 0,185375538260486 
1000	 0,184858470578426 
1001	 0,184720269438331 
1002	 0,184381408621307 
1003	 0,184222339558954 
1004	 0,187917489310724 
1005	 0,191076730523796 
1006	 0,189618688856843 
1007	 0,189352839207349 
1008	 0,19124162590843 
1009	 0,195144018559084 
1010	 0,195027640488412 
1011	 0,191587105552187 
1012	 0,193238680108234 
1013	 0,192747997953958 
1014	 0,188881412145428 
1015	 0,192385940281692 
1016	 0,196340266672405 
1017	 0,194940264789114 
1018	 0,194364291515934 
1019	 0,194891119896422 
1020	 0,195601117537626 
1021	 0,198592599826662 
1022	 0,201834414180529 
1023	 0,198411096358321 
1024	 0,195606796293503 
1025	 0,195923855291137 
1026	 0,198137838617475 
1027	 0,197152354510137 
1028	 0,191634513868249 
1029	 0,196905942384518 
1030	 0,203965605418885 
1031	 0,201299051264468 
1032	 0,204220870206017 
1033	 0,211042775444821 
1034	 0,212828854556895 
1035	 0,212602206255998 
1036	 0,211793302846986 
1037	 0,212465730890693 
1038	 0,21473956084113 
1039	 0,217712698260643 
1040	 0,216524579424797 
1041	 0,214312545419128 
1042	 0,214043070609581 
1043	 0,215715593857577 
1044	 0,217180307307146 
1045	 0,215784799164283 
1046	 0,219254608103891 
1047	 0,223701374913456 
1048	 0,215516371518119 
1049	 0,217722599242963 
1050	 0,228788836697337 
1051	 0,214762901698705 
1052	 0,203605679576785 
1053	 0,208924261315918 
1054	 0,217249294938982 
1055	 0,222319293720392 
1056	 0,220195681979495 
1057	 0,223418191043308 
1058	 0,226346146248963 
1059	 0,219473219031206 
1060	 0,2200809118481 
1061	 0,226249162824404 
1062	 0,225405975127413 
1063	 0,219865010705332 
1064	 0,216088830261356 
1065	 0,235175822836272 
1066	 0,246369363077356 
1067	 0,237553104415949 
1068	 0,217430310584101 
1069	 0,213247953145832 
1070	 0,238358479389526 
1071	 0,23302668277282 
1072	 0,214772149955121 
1073	 0,210984439721432 
1074	 0,206274032554773 
1075	 0,211252945775733 
