Wavelength	MORB100162.asd
325	 0,158360422438647 
326	 0,11732352733325 
327	 0,12334851646034 
328	 0,197015938615636 
329	 0,181210295697877 
330	 0,128354616844923 
331	 8,14557469067604E-02 
332	 3,75467890756173E-02 
333	 3,03388970748086E-02 
334	 0,124268401996625 
335	 0,156030806011937 
336	 8,37833961601774E-02 
337	-0,073574321899195 
338	-0,125329086298288 
339	 3,11710785153986E-02 
340	 0,11289555150459 
341	 0,119405285609545 
342	 0,115666878384072 
343	 0,096690823765946 
344	 7,51741074611162E-02 
345	 0,13195275671588 
346	 0,164179028445676 
347	 9,21491513973804E-02 
348	 2,76057818224698E-02 
349	 1,17426138461339E-02 
350	 6,98113608850778E-02 
351	 8,78356114154335E-02 
352	 4,75149532401441E-02 
353	 7,84668412291753E-02 
354	 0,109787702122979 
355	 5,87259222653679E-02 
356	 4,59966022683351E-02 
357	 7,47422628560085E-02 
358	 7,80503758096979E-02 
359	 6,23099945504358E-02 
360	 3,66111697831894E-02 
361	 5,30626386389789E-02 
362	 8,90626132969996E-02 
363	 0,10991204353404 
364	 9,16996556274339E-02 
365	 4,27432722660248E-02 
366	 4,76170683248402E-02 
367	 5,88478974763063E-02 
368	 0,047632592873034 
369	 3,47791990981615E-02 
370	 2,66872600485387E-02 
371	 3,09492337611061E-02 
372	 4,03453658151068E-02 
373	 5,10086945177545E-02 
374	 5,81855743484656E-02 
375	 6,21655910169928E-02 
376	 6,32560333038281E-02 
377	 5,67013356559848E-02 
378	 4,81879962085053E-02 
379	 4,73164945742369E-02 
380	 6,13987634156508E-02 
381	 8,34616362299526E-02 
382	 7,39777492136532E-02 
383	 4,70059880239521E-02 
384	 2,09057464105703E-02 
385	 3,42859487722931E-02 
386	 6,95166913804839E-02 
387	 7,25787805358011E-02 
388	 5,78046450751429E-02 
389	 3,55705313904252E-02 
390	 3,31345410213436E-02 
391	 3,94114826510946E-02 
392	 3,81640931026566E-02 
393	 4,42176959405666E-02 
394	 5,43883570948603E-02 
395	 5,10547627003765E-02 
396	 4,80676775365051E-02 
397	 5,22315263625227E-02 
398	 5,85063801490985E-02 
399	 6,12502416533833E-02 
400	 5,33813348933159E-02 
401	 4,81431132807746E-02 
402	 4,91916638897146E-02 
403	 5,33951368528886E-02 
404	 0,056229386755678 
405	 5,45260527337651E-02 
406	 5,08374502254444E-02 
407	 4,76768202608831E-02 
408	 4,96468323028355E-02 
409	 4,87714915292584E-02 
410	 4,50817645723439E-02 
411	 5,08149231098444E-02 
412	 5,41571051217842E-02 
413	 4,44970234605117E-02 
414	 4,03068584190738E-02 
415	 4,22771597385391E-02 
416	 4,32446659826669E-02 
417	 4,36469414794635E-02 
418	 4,31031800894768E-02 
419	 3,93858222732512E-02 
420	 3,67536710836276E-02 
421	 4,06967616583676E-02 
422	 0,044649373471437 
423	 4,61570998355214E-02 
424	 0,042416665581608 
425	 3,96828512173328E-02 
426	 4,14982516996905E-02 
427	 4,28789236299359E-02 
428	 4,38528083263549E-02 
429	 4,59051310408404E-02 
430	 0,045291387191821 
431	 4,26742763431903E-02 
432	 4,60218385730137E-02 
433	 4,96271013529036E-02 
434	 4,83931850449457E-02 
435	 4,59321157243716E-02 
436	 4,40311219324653E-02 
437	 4,57986313449481E-02 
438	 4,54500000799152E-02 
439	 4,19734331035121E-02 
440	 4,41302877063322E-02 
441	 4,86654474946445E-02 
442	 5,04852051097629E-02 
443	 4,83891486160596E-02 
444	 4,47901002431077E-02 
445	 4,91262491454205E-02 
446	 5,25362748133228E-02 
447	 5,00843849439468E-02 
448	 5,00956062347005E-02 
449	 5,18835080094476E-02 
450	 5,23013036382296E-02 
451	 5,04597724482855E-02 
452	 4,77284947987344E-02 
453	 5,23479060463199E-02 
454	 5,53804836985212E-02 
455	 4,90190986028779E-02 
456	 4,76684871984789E-02 
457	 5,14410293254081E-02 
458	 5,31537888579163E-02 
459	 5,33649831577941E-02 
460	 5,25181663474162E-02 
461	 0,053550693862559 
462	 5,49081925733434E-02 
463	 5,41605110082509E-02 
464	 0,052765783823788 
465	 5,15760935602805E-02 
466	 5,19622984958285E-02 
467	 5,31430122096603E-02 
468	 5,44211160011436E-02 
469	 5,47820521725536E-02 
470	 5,47278313193988E-02 
471	 0,055566042428338 
472	 5,66138887030107E-02 
473	 5,72282301343627E-02 
474	 5,58303334532547E-02 
475	 5,30551438506222E-02 
476	 0,049849656183773 
477	 5,09758262387806E-02 
478	 5,52445716215195E-02 
479	 5,68852208524869E-02 
480	 5,76816433085757E-02 
481	 5,81996586602529E-02 
482	 5,72485356448121E-02 
483	 5,63613608315389E-02 
484	 5,79844521039402E-02 
485	 5,73005698995967E-02 
486	 5,45567245986617E-02 
487	 5,55575600807005E-02 
488	 5,79503193636076E-02 
489	 5,96448278842075E-02 
490	 5,89001298107581E-02 
491	 5,70651761539701E-02 
492	 5,82365687896838E-02 
493	 5,77083706269214E-02 
494	 5,49220956127126E-02 
495	 5,56689336603037E-02 
496	 5,81964081970224E-02 
497	 6,00311551537146E-02 
498	 6,04450050900024E-02 
499	 5,97292623783564E-02 
500	 5,94213844659898E-02 
501	 5,96368808809453E-02 
502	 6,04704956848739E-02 
503	 6,19316647166804E-02 
504	 6,31011624014557E-02 
505	 0,062498861388295 
506	 6,15794520824876E-02 
507	 6,11738322032991E-02 
508	 6,25660891309639E-02 
509	 6,41014171241502E-02 
510	 6,42709211544442E-02 
511	 6,41649516566438E-02 
512	 6,40662171946552E-02 
513	 6,41826784559534E-02 
514	 6,40513522824509E-02 
515	 6,36150140296059E-02 
516	 0,06384565103293 
517	 0,06428953141135 
518	 6,41606219111105E-02 
519	 6,49508739126053E-02 
520	 6,64068893595417E-02 
521	 6,62402829876537E-02 
522	 6,59682642569733E-02 
523	 6,66682577847503E-02 
524	 6,74242895752326E-02 
525	 6,76234928386497E-02 
526	 6,58555778574691E-02 
527	 6,58760463154988E-02 
528	 6,84127582869052E-02 
529	 6,97080201623268E-02 
530	 6,97560809668765E-02 
531	 0,068930185853836 
532	 6,82746747095517E-02 
533	 6,81836339230061E-02 
534	 6,88106019187872E-02 
535	 6,96130364708043E-02 
536	 7,01773373136254E-02 
537	 7,00051405424738E-02 
538	 6,98830381096834E-02 
539	 7,14743914670727E-02 
540	 7,21427821088608E-02 
541	 7,14786827947011E-02 
542	 7,17974271694843E-02 
543	 7,20590668591679E-02 
544	 0,071245758908291 
545	 7,16973028750081E-02 
546	 7,32554644001511E-02 
547	 7,43076285415759E-02 
548	 7,44436865914621E-02 
549	 7,36590850973256E-02 
550	 7,38405264057877E-02 
551	 7,43860445572154E-02 
552	 7,39506468223082E-02 
553	 7,44633906025641E-02 
554	 7,59263194022028E-02 
555	 7,61571053941536E-02 
556	 7,60149493674761E-02 
557	 7,62379777856758E-02 
558	 7,61299310067057E-02 
559	 7,60574621773418E-02 
560	 7,72905695003442E-02 
561	 7,81335556837315E-02 
562	 7,79689532500695E-02 
563	 7,76242018812515E-02 
564	 7,76516751239209E-02 
565	 7,86531183685045E-02 
566	 0,07906602240686 
567	 7,87375527104969E-02 
568	 7,85942709552771E-02 
569	 7,89517945604299E-02 
570	 7,99578174513217E-02 
571	 8,07255215387925E-02 
572	 8,11309791636455E-02 
573	 8,12621180779519E-02 
574	 8,13380201138354E-02 
575	 8,15749586274205E-02 
576	 8,25805316677979E-02 
577	 8,33394207451287E-02 
578	 8,27080739010531E-02 
579	 8,22688123729135E-02 
580	 8,24880742056971E-02 
581	 8,35810286676957E-02 
582	 8,45198840702445E-02 
583	 8,46475167646624E-02 
584	 8,40377524887922E-02 
585	 8,33839915154821E-02 
586	 8,38379992037814E-02 
587	 8,44596117828052E-02 
588	 8,49942978837209E-02 
589	 8,57146702457112E-02 
590	 8,63560856574878E-02 
591	 8,66513242672151E-02 
592	 8,63032815384883E-02 
593	 8,56686714769752E-02 
594	 8,58421450444467E-02 
595	 8,59135981853463E-02 
596	 8,55993367107119E-02 
597	 8,59685782731404E-02 
598	 8,65721580400322E-02 
599	 8,66165580554897E-02 
600	 8,59672983038605E-02 
601	 0,085111592425016 
602	 8,60686989252811E-02 
603	 8,71072838975734E-02 
604	 8,68747709596254E-02 
605	 0,086724449269804 
606	 8,67993444319584E-02 
607	 8,68912206155639E-02 
608	 8,69333214298977E-02 
609	 8,68780668243579E-02 
610	 0,086650195918125 
611	 8,65673639273442E-02 
612	 8,70148049753292E-02 
613	 8,69197659328896E-02 
614	 8,62764823327564E-02 
615	 8,59124720673477E-02 
616	 0,085975239952232 
617	 8,65208083794433E-02 
618	 8,71082690700982E-02 
619	 0,087419142606654 
620	 0,086943785394973 
621	 8,69030851219608E-02 
622	 8,75636287517332E-02 
623	 8,80416214952217E-02 
624	 0,088165297602394 
625	 0,087837279790688 
626	 8,75435506615242E-02 
627	 8,74937880566093E-02 
628	 8,78842673746301E-02 
629	 8,84328922908977E-02 
630	 8,88820369677292E-02 
631	 8,86868553396428E-02 
632	 8,81543272230378E-02 
633	 8,78056554330556E-02 
634	 8,86358944184181E-02 
635	 9,03305247783879E-02 
636	 9,03415250704708E-02 
637	 8,98655404813957E-02 
638	 9,00236150926234E-02 
639	 0,090887381031845 
640	 9,19248567508843E-02 
641	 9,17470374778504E-02 
642	 9,14652410434755E-02 
643	 9,14775817350446E-02 
644	 9,12775392380446E-02 
645	 9,10128417398182E-02 
646	 9,09116962897505E-02 
647	 9,15376024573001E-02 
648	 9,26310133409874E-02 
649	 9,29523765892396E-02 
650	 9,26071917500146E-02 
651	 9,17782816310626E-02 
652	 9,14260763678602E-02 
653	 9,14441210165624E-02 
654	 9,13072981983885E-02 
655	 9,08808903614858E-02 
656	 0,090232245368219 
657	 9,00360546740655E-02 
658	 8,99270128145699E-02 
659	 8,94975137373121E-02 
660	 8,91939468194088E-02 
661	 8,90539630425422E-02 
662	 8,89481398836674E-02 
663	 8,86277525233018E-02 
664	 8,80711756703421E-02 
665	 8,81018783101832E-02 
666	 8,84111431848548E-02 
667	 8,83737625231968E-02 
668	 8,83231165537991E-02 
669	 8,82715430480726E-02 
670	 8,78862459113866E-02 
671	 8,77041153738327E-02 
672	 8,81246213888568E-02 
673	 8,85329765219016E-02 
674	 8,87337994859875E-02 
675	 8,85291735414851E-02 
676	 8,83711882403499E-02 
677	 0,08844807138032 
678	 0,088630071586921 
679	 8,89871742300617E-02 
680	 8,96048589805543E-02 
681	 9,00016355415889E-02 
682	 9,01611169897334E-02 
683	 9,04457462935558E-02 
684	 0,09075117791771 
685	 9,10545589615082E-02 
686	 9,16291142161969E-02 
687	 9,23202976268507E-02 
688	 9,27780440583867E-02 
689	 9,34674594582939E-02 
690	 9,44890601279804E-02 
691	 9,56344757435814E-02 
692	 9,67469817496381E-02 
693	 9,77058672321963E-02 
694	 9,87817288333754E-02 
695	 9,99608082721738E-02 
696	 0,100965119861024 
697	 0,102456775457845 
698	 0,104639610017817 
699	 0,106923152339801 
700	 0,10901175208699 
701	 0,110618226292375 
702	 0,11259965290799 
703	 0,114925632657079 
704	 0,116658828886751 
705	 0,118598366728466 
706	 0,121117772540561 
707	 0,12283072884671 
708	 0,124132101670962 
709	 0,126150201279489 
710	 0,127813962439218 
711	 0,128997654316862 
712	 0,130702354614166 
713	 0,132347136181953 
714	 0,133374249006355 
715	 0,134193125179905 
716	 0,135067056307663 
717	 0,136516189162452 
718	 0,137612608716799 
719	 0,138053423668454 
720	 0,13857254383142 
721	 0,139427765666722 
722	 0,140841223436985 
723	 0,141780902211863 
724	 0,142201310527113 
725	 0,142952985111402 
726	 0,14350107346837 
727	 0,143623791480856 
728	 0,144328537896292 
729	 0,145250953784009 
730	 0,14550336898689 
731	 0,145674691896856 
732	 0,145959495016196 
733	 0,146413239838793 
734	 0,146769680438666 
735	 0,146823409162592 
736	 0,147028500697285 
737	 0,14743086095781 
738	 0,147949730415266 
739	 0,148345681446764 
740	 0,148562038246228 
741	 0,148963202879829 
742	 0,149275040270321 
743	 0,149162694506673 
744	 0,149387344709419 
745	 0,149919359839151 
746	 0,15011535508935 
747	 0,150182523285511 
748	 0,150266690645106 
749	 0,150660207159387 
750	 0,151005339135237 
751	 0,150698739298832 
752	 0,150512584380827 
753	 0,150662202346923 
754	 0,151063579143026 
755	 0,151373097707342 
756	 0,151393459960556 
757	 0,151870669297178 
758	 0,152433953283171 
759	 0,152058909387727 
760	 0,152039915975905 
761	 0,152621256486574 
762	 0,152826196397429 
763	 0,152769592355781 
764	 0,152635875763064 
765	 0,152904450587876 
766	 0,153357284914441 
767	 0,153096316631908 
768	 0,153191225366866 
769	 0,153914083657571 
770	 0,154233891375946 
771	 0,154230867040605 
772	 0,154115177863461 
773	 0,15415782294046 
774	 0,154383101436032 
775	 0,15463255377903 
776	 0,154760714509438 
777	 0,154740512775549 
778	 0,154987303359711 
779	 0,155391547304619 
780	 0,155730930615346 
781	 0,155757870535482 
782	 0,155534401871814 
783	 0,155536921453814 
784	 0,155660967584937 
785	 0,155820015575964 
786	 0,155902599696866 
787	 0,155892218173812 
788	 0,155779620674021 
789	 0,155875645890519 
790	 0,156228764634648 
791	 0,156617296718605 
792	 0,156845341199259 
793	 0,156798379146001 
794	 0,15699246638365 
795	 0,157280693352128 
796	 0,15711123153 
797	 0,157281452288956 
798	 0,157887577813092 
799	 0,15804739729208 
800	 0,158007402918188 
801	 0,15804591147257 
802	 0,158158395852783 
803	 0,158267474626998 
804	 0,158107027937064 
805	 0,158233492414842 
806	 0,158693520904182 
807	 0,158492610883925 
808	 0,158292768156094 
809	 0,158831012141215 
810	 0,159042819951825 
811	 0,158873165553097 
812	 0,158745079898959 
813	 0,159015622470287 
814	 0,159656290557192 
815	 0,159377910576396 
816	 0,158974607733843 
817	 0,159496590997484 
818	 0,159948257348704 
819	 0,160134239568469 
820	 0,160197274103975 
821	 0,160164321316728 
822	 0,160070990389121 
823	 0,159990353274702 
824	 0,159883909297505 
825	 0,159693249643127 
826	 0,159685113918981 
827	 0,159934388317944 
828	 0,160462629258274 
829	 0,160966411548714 
830	 0,161225230309739 
831	 0,161068403989155 
832	 0,160770851393192 
833	 0,160723401489271 
834	 0,160817726907685 
835	 0,161010521642249 
836	 0,16129365307173 
837	 0,161241157178938 
838	 0,160735817506999 
839	 0,16069014037644 
840	 0,160976510773345 
841	 0,161256969213237 
842	 0,161426688717783 
843	 0,161451680975385 
844	 0,161402168935004 
845	 0,161209231172237 
846	 0,160971079459334 
847	 0,161653958688422 
848	 0,162276161060803 
849	 0,16134235901774 
850	 0,161080015027812 
851	 0,161680595676238 
852	 0,161848194349406 
853	 0,161697246950893 
854	 0,161359779150209 
855	 0,16142352226616 
856	 0,161713250061846 
857	 0,161889767057508 
858	 0,161799090344236 
859	 0,161654409852869 
860	 0,162371050645351 
861	 0,162677075602844 
862	 0,162043858786405 
863	 0,161847651394732 
864	 0,16160418192514 
865	 0,160532069840621 
866	 0,160933438376071 
867	 0,162438944312839 
868	 0,162303582762488 
869	 0,161737640042718 
870	 0,161315341635382 
871	 0,160802192557992 
872	 0,1608462340908 
873	 0,162141207285711 
874	 0,162472323360324 
875	 0,161896786245653 
876	 0,162072421452627 
877	 0,162491953334487 
878	 0,16290716970254 
879	 0,163037890949695 
880	 0,162961682901275 
881	 0,162800785247641 
882	 0,162634902333596 
883	 0,162423399136692 
884	 0,161843030513863 
885	 0,162026726706381 
886	 0,163175131568859 
887	 0,164046011820617 
888	 0,164410381057735 
889	 0,164158402187039 
890	 0,16376690755195 
891	 0,163320072547016 
892	 0,162665629400265 
893	 0,162739911063214 
894	 0,16354648609022 
895	 0,163612535032176 
896	 0,163592898621631 
897	 0,163966392151332 
898	 0,163831198517146 
899	 0,163459511276992 
900	 0,163557896613695 
901	 0,163792710899981 
902	 0,164031746660992 
903	 0,164133930687635 
904	 0,16425876796509 
905	 0,16442162546466 
906	 0,163907497652597 
907	 0,163405218683228 
908	 0,163977091232733 
909	 0,164019383117867 
910	 0,163500355692673 
911	 0,163625752057611 
912	 0,163793520350854 
913	 0,163823176492611 
914	 0,164275412580545 
915	 0,165114539078146 
916	 0,166169009735806 
917	 0,165999902969531 
918	 0,16507849472092 
919	 0,165356280398419 
920	 0,165759108065937 
921	 0,165696652856557 
922	 0,163993103911198 
923	 0,16317547036089 
924	 0,165039379572436 
925	 0,165214192028767 
926	 0,164329717831999 
927	 0,164829978131754 
928	 0,165162980252242 
929	 0,164964165260289 
930	 0,164315626896895 
931	 0,164412627769781 
932	 0,165677962790711 
933	 0,165801800554199 
934	 0,16535339150893 
935	 0,165395344242541 
936	 0,165268064098256 
937	 0,164978832707227 
938	 0,164810289225818 
939	 0,165160983936133 
940	 0,165918889395922 
941	 0,165711989477843 
942	 0,165178330472477 
943	 0,164969262827437 
944	 0,164965328241165 
945	 0,165094758044958 
946	 0,165227131254466 
947	 0,165541280561143 
948	 0,165804379434631 
949	 0,165009009772546 
950	 0,164364250468663 
951	 0,164483470154794 
952	 0,164251638524804 
953	 0,164310662154467 
954	 0,165457626754083 
955	 0,165425419957479 
956	 0,164336264283122 
957	 0,163663630061924 
958	 0,163866742219833 
959	 0,164884712052428 
960	 0,165453363616816 
961	 0,165337229910065 
962	 0,164582847336336 
963	 0,164803136395791 
964	 0,16565129732072 
965	 0,166218771972429 
966	 0,165807705210351 
967	 0,164829954038345 
968	 0,165340650488839 
969	 0,164963002875259 
970	 0,163196676732571 
971	 0,163010004296532 
972	 0,163599763504954 
973	 0,164095482943084 
974	 0,165236874545745 
975	 0,166621083194156 
976	 0,167478807245332 
977	 0,166971649789571 
978	 0,165211212750031 
979	 0,163022435003774 
980	 0,163328678922958 
981	 0,166611738617142 
982	 0,166267002254538 
983	 0,164795638974082 
984	 0,165238948800241 
985	 0,166047810777193 
986	 0,166480192684555 
987	 0,165519174225219 
988	 0,166216471309816 
989	 0,168297199899422 
990	 0,1671587206725 
991	 0,167359096442672 
992	 0,170313843307682 
993	 0,169356315019485 
994	 0,167057038200434 
995	 0,16664123881353 
996	 0,167111932221965 
997	 0,167627304831938 
998	 0,166761326778144 
999	 0,167720818492176 
1000	 0,169904072789932 
1001	 0,167710337909854 
1002	 0,166064459712113 
1003	 0,167334022112871 
1004	 0,169474105163065 
1005	 0,171354622405359 
1006	 0,17187859973807 
1007	 0,169547286424105 
1008	 0,167196758279983 
1009	 0,170164298740594 
1010	 0,172289842846934 
1011	 0,172018309230188 
1012	 0,169847567818661 
1013	 0,16886461846543 
1014	 0,170345193511012 
1015	 0,172598804194417 
1016	 0,173790008481282 
1017	 0,1727578172201 
1018	 0,172619229585437 
1019	 0,1725055939832 
1020	 0,170497207656388 
1021	 0,170019836152116 
1022	 0,170473439217421 
1023	 0,16742841770258 
1024	 0,167601043800391 
1025	 0,171731932039295 
1026	 0,172135820157274 
1027	 0,170204491666333 
1028	 0,167694707971741 
1029	 0,169423989848366 
1030	 0,171361335382334 
1031	 0,168883300337385 
1032	 0,174070855956338 
1033	 0,182121256353252 
1034	 0,179255851337196 
1035	 0,174684759736837 
1036	 0,172039069336683 
1037	 0,173697286675345 
1038	 0,17816959976088 
1039	 0,182920641002833 
1040	 0,179972118348411 
1041	 0,174731689077761 
1042	 0,172347272226391 
1043	 0,173088174318563 
1044	 0,173658587571711 
1045	 0,169835145464786 
1046	 0,171247155229481 
1047	 0,17683369350919 
1048	 0,17928309174004 
1049	 0,179773631422328 
1050	 0,178673481176499 
1051	 0,176319501494889 
1052	 0,176585012459496 
1053	 0,181338544102644 
1054	 0,189256118152283 
1055	 0,193132135198525 
1056	 0,186749858365854 
1057	 0,172430080920589 
1058	 0,16165071251852 
1059	 0,168965936135393 
1060	 0,181773275190668 
1061	 0,191344992627717 
1062	 0,184294587982185 
1063	 0,171481276368738 
1064	 0,164495154655799 
1065	 0,191553055184293 
1066	 0,197525602064783 
1067	 0,169201846073426 
1068	 0,171974725616089 
1069	 0,183828761040901 
1070	 0,185075886168259 
1071	 0,187572480203412 
1072	 0,186317558689897 
1073	 0,175357465307578 
1074	 0,174522282066097 
1075	 0,181677797291041 
