Wavelength	MORB100110.asd
325	 0,203249394955911 
326	 0,142684124466019 
327	-4,47567255402089E-03 
328	-0,137418081232451 
329	-3,73032531777361E-04 
330	 0,121290081641545 
331	 3,35478398374707E-02 
332	-5,24628126331788E-02 
333	-5,84289475591198E-02 
334	 8,82531285151856E-02 
335	 0,14372484572749 
336	 6,98587412796983E-02 
337	 2,52638055683741E-02 
338	 1,82725457836952E-02 
339	 3,44883316600142E-02 
340	 1,65446916326415E-02 
341	 5,37392521495701E-03 
342	 0,118826289013124 
343	 0,142814853837064 
344	 4,81650192114339E-02 
345	 6,83557699406886E-02 
346	 9,63974244029668E-02 
347	 2,85016378890437E-02 
348	 3,14247471435339E-03 
349	 3,11646981202862E-02 
350	 4,86814049652693E-02 
351	 0,051771965509581 
352	 4,62724298602161E-02 
353	 7,65387047127171E-02 
354	 0,102075312580208 
355	 8,08395584514987E-02 
356	 3,08285030551236E-02 
357	-1,24648677431058E-02 
358	 4,33374021831263E-02 
359	 6,55927673482967E-02 
360	 0,006605578679257 
361	 1,08104744198181E-02 
362	 4,84176220853337E-02 
363	 5,94256764429524E-02 
364	 5,39554568568762E-02 
365	 3,73997146028223E-02 
366	 3,56867537318603E-02 
367	 3,45959252071026E-02 
368	 2,55491779385356E-02 
369	 1,99102662654272E-02 
370	 1,30731916436544E-02 
371	-6,65324410024254E-03 
372	-1,44906374675744E-03 
373	 2,73467127619104E-02 
374	 3,22103928530715E-02 
375	 1,79956364058007E-02 
376	-6,41569394750354E-03 
377	 7,19041056718852E-03 
378	 3,78812898654928E-02 
379	 2,71745619120415E-02 
380	 2,43120443443744E-02 
381	 0,038816913881586 
382	 4,49984961526893E-02 
383	 3,18071977871668E-02 
384	-6,11042221841371E-03 
385	 5,19310638254984E-03 
386	 4,94852445256341E-02 
387	 6,06822521483453E-02 
388	 5,05841874423662E-02 
389	 2,67107085419589E-02 
390	 1,02105334894897E-02 
391	 6,45578893369534E-03 
392	 1,88840916161215E-02 
393	 1,49455337312051E-02 
394	 6,20073208462387E-04 
395	 0,016485495237232 
396	 3,08771845593724E-02 
397	 0,02967101241847 
398	 3,85109818951843E-02 
399	 4,33713109103311E-02 
400	 1,95352844621557E-02 
401	 1,17215086966636E-02 
402	 2,37913949442303E-02 
403	 2,00294764067744E-02 
404	 1,64773913305197E-02 
405	 2,33796743138104E-02 
406	 2,48946062349971E-02 
407	 2,15918560852882E-02 
408	 1,87084650117778E-02 
409	 1,84949436850634E-02 
410	 2,15473264308207E-02 
411	 2,72608199082852E-02 
412	 0,030362660744087 
413	 2,63360626901295E-02 
414	 2,08633854455118E-02 
415	 1,63707389180968E-02 
416	 1,48671658735641E-02 
417	 1,69739627528918E-02 
418	 2,09802366984641E-02 
419	 1,59479697279225E-02 
420	 9,39326225784001E-03 
421	 1,20191905574561E-02 
422	 1,38971148534138E-02 
423	 1,36550026156338E-02 
424	 1,42611171916946E-02 
425	 1,64004906765789E-02 
426	 1,96956084521828E-02 
427	 1,76086188135829E-02 
428	 1,44141180422528E-02 
429	 1,95302430853196E-02 
430	 2,04813785670827E-02 
431	 1,56926960057293E-02 
432	 1,48963147446847E-02 
433	 0,016814005604618 
434	 1,96031030774099E-02 
435	 1,86524015322653E-02 
436	 1,57058787675726E-02 
437	 1,79051861673344E-02 
438	 0,018206420693229 
439	 1,49249923269097E-02 
440	 1,54256859579791E-02 
441	 1,79037104997808E-02 
442	 1,92348296074481E-02 
443	 0,018103950046443 
444	 1,55853867069833E-02 
445	 1,63433783575796E-02 
446	 1,84450211552647E-02 
447	 2,02154254868814E-02 
448	 1,81718664135485E-02 
449	 1,55761473247663E-02 
450	 0,019612605259002 
451	 1,92002109252118E-02 
452	 1,36438952708053E-02 
453	 1,68305034616529E-02 
454	 0,020006952801433 
455	 1,51218965247956E-02 
456	 1,33492386066914E-02 
457	 1,58680691801898E-02 
458	 2,04082014886875E-02 
459	 2,23342573299685E-02 
460	 2,00544427853962E-02 
461	 1,85855304691177E-02 
462	 1,82785680093004E-02 
463	 1,88667289570628E-02 
464	 1,85717339716805E-02 
465	 1,75462111758273E-02 
466	 1,81170098861644E-02 
467	 1,86995527507657E-02 
468	 1,84804871872039E-02 
469	 2,04670928104225E-02 
470	 2,28011298301786E-02 
471	 2,09948638372645E-02 
472	 0,019625578438589 
473	 1,97592700335856E-02 
474	 1,87698944846162E-02 
475	 1,77533353079235E-02 
476	 1,78558789252689E-02 
477	 1,73465521811342E-02 
478	 1,64893253836276E-02 
479	 1,65423308479407E-02 
480	 1,89631572784745E-02 
481	 2,32471437545821E-02 
482	 0,021687510478996 
483	 1,79233235827351E-02 
484	 1,85258552003134E-02 
485	 1,82310693299057E-02 
486	 1,66578331072526E-02 
487	 1,74648629328292E-02 
488	 1,89352183846705E-02 
489	 1,96506078492517E-02 
490	 0,019444380408511 
491	 1,87470838659088E-02 
492	 1,88246550284718E-02 
493	 1,78227808693622E-02 
494	 1,56848775186917E-02 
495	 0,015477020412874 
496	 1,61310112215537E-02 
497	 1,61844036551534E-02 
498	 1,59406999858112E-02 
499	 1,57957115303607E-02 
500	 1,68378479323702E-02 
501	 1,79545653943574E-02 
502	 1,84895144430957E-02 
503	 1,88816138632425E-02 
504	 1,88449079570831E-02 
505	 1,77410990192212E-02 
506	 1,70701924821613E-02 
507	 1,72062924979679E-02 
508	 1,73309975371311E-02 
509	 1,78204593048752E-02 
510	 1,89258703190808E-02 
511	 1,85505302409451E-02 
512	 1,72474789797439E-02 
513	 1,74242186653048E-02 
514	 1,78924169629408E-02 
515	 1,80919213506043E-02 
516	 1,78642645337023E-02 
517	 1,73300086391431E-02 
518	 1,66378321908324E-02 
519	 0,017330712618857 
520	 1,88428492134457E-02 
521	 1,76048935450412E-02 
522	 1,63655036343468E-02 
523	 1,70536244969077E-02 
524	 1,75128487247272E-02 
525	 1,75262180035074E-02 
526	 1,73365817305974E-02 
527	 1,74146440651514E-02 
528	 1,78439400100971E-02 
529	 1,79782809875534E-02 
530	 0,018083340464845 
531	 1,85055731270779E-02 
532	 1,77059713583972E-02 
533	 1,62070454732168E-02 
534	 1,66415622990136E-02 
535	 1,75457888193169E-02 
536	 1,79247750144273E-02 
537	 1,71753823034429E-02 
538	 1,61434183163676E-02 
539	 1,64817302696221E-02 
540	 1,73160837138667E-02 
541	 1,80903667703551E-02 
542	 1,76448625514309E-02 
543	 0,016908101584407 
544	 1,68455649258287E-02 
545	 1,74029815833682E-02 
546	 1,82457593125513E-02 
547	 1,85921590501699E-02 
548	 1,83174715607159E-02 
549	 1,75226871777591E-02 
550	 1,74535606554999E-02 
551	 1,78154881675243E-02 
552	 1,79075708911737E-02 
553	 0,018090016239276 
554	 1,83099287855802E-02 
555	 1,80482722462703E-02 
556	 1,77631934904465E-02 
557	 1,78088446528243E-02 
558	 0,01751124441128 
559	 1,70158239424238E-02 
560	 0,016867971654221 
561	 1,73155440256456E-02 
562	 1,82641531738212E-02 
563	 1,84355719886571E-02 
564	 1,82298002530291E-02 
565	 1,83363382601879E-02 
566	 1,86097864452834E-02 
567	 1,88411728983829E-02 
568	 1,82013748228128E-02 
569	 1,82628825243057E-02 
570	 1,99464464935657E-02 
571	 2,08391400862552E-02 
572	 2,08715632077044E-02 
573	 2,07155562037262E-02 
574	 2,09565079815926E-02 
575	 2,16578169422481E-02 
576	 2,16522670238367E-02 
577	 2,15367009443205E-02 
578	 2,20490509979944E-02 
579	 2,19790293597804E-02 
580	 2,16184917599229E-02 
581	 2,28850672571308E-02 
582	 0,023512879596489 
583	 2,24076752154041E-02 
584	 0,021890946917287 
585	 0,022139829333901 
586	 2,29726118390231E-02 
587	 2,28176838585124E-02 
588	 2,17991709979306E-02 
589	 2,29500113919841E-02 
590	 2,42536308836265E-02 
591	 2,37875627292599E-02 
592	 2,35302737747704E-02 
593	 2,36218505182696E-02 
594	 2,34246826534583E-02 
595	 2,27926369432861E-02 
596	 2,18638820702982E-02 
597	 2,21000995598003E-02 
598	 2,27637820877499E-02 
599	 2,25628105083932E-02 
600	 2,16172287719495E-02 
601	 2,04650963305312E-02 
602	 0,021057907605849 
603	 2,17920240278269E-02 
604	 2,14039765503602E-02 
605	 0,021012775684273 
606	 2,08509524261529E-02 
607	 2,11201542712847E-02 
608	 2,08651584911937E-02 
609	 1,99695717500304E-02 
610	 2,01267348211168E-02 
611	 2,05193942757211E-02 
612	 1,99783394966469E-02 
613	 1,94370314222438E-02 
614	 1,90982201541439E-02 
615	 1,88262575216951E-02 
616	 1,85679245429391E-02 
617	 1,84003422973946E-02 
618	 1,94478853008009E-02 
619	 2,06363572402787E-02 
620	 0,019518204006769 
621	 1,89150726442936E-02 
622	 0,019562348799314 
623	 2,01163698852991E-02 
624	 2,04046576798497E-02 
625	 2,03419299400992E-02 
626	 2,02468774758798E-02 
627	 0,02024707485814 
628	 2,04345094427782E-02 
629	 2,07280547834536E-02 
630	 2,10573347430828E-02 
631	 2,12845861702254E-02 
632	 2,14284909674325E-02 
633	 2,15211643537564E-02 
634	 2,20764805516531E-02 
635	 2,30592854549131E-02 
636	 2,37408610570478E-02 
637	 2,39471938119531E-02 
638	 2,36660390042318E-02 
639	 2,45669624244861E-02 
640	 2,60254270055214E-02 
641	 0,025657176767544 
642	 2,52222870572266E-02 
643	 2,54512838879473E-02 
644	 2,61638501831156E-02 
645	 2,69117768867387E-02 
646	 2,71377398751757E-02 
647	 2,74141053320295E-02 
648	 2,78466929169961E-02 
649	 2,82779101850757E-02 
650	 2,87190447123214E-02 
651	 2,91118702199096E-02 
652	 0,028819844615782 
653	 2,84164728789465E-02 
654	 2,93371216346797E-02 
655	 0,029512466208086 
656	 2,85881920321329E-02 
657	 2,85018322895115E-02 
658	 2,87093506288427E-02 
659	 2,85154463215513E-02 
660	 2,75900992895712E-02 
661	 2,64451988267426E-02 
662	 2,68128767441012E-02 
663	 2,69205995848401E-02 
664	 2,59662147789718E-02 
665	 2,51066316290962E-02 
666	 2,46374176949784E-02 
667	 2,47977501032927E-02 
668	 2,49118928546272E-02 
669	 2,47388782089383E-02 
670	 2,42074637494264E-02 
671	 2,39255354212206E-02 
672	 0,024318680818312 
673	 2,43387085677742E-02 
674	 0,024085063516014 
675	 2,43320695790955E-02 
676	 2,42023523474101E-02 
677	 2,35448127311203E-02 
678	 2,33547837311303E-02 
679	 2,35694908693599E-02 
680	 2,40010826037932E-02 
681	 2,39481970230536E-02 
682	 0,0236459600784 
683	 2,45259047373108E-02 
684	 2,50794321192106E-02 
685	 2,45751781261288E-02 
686	 2,48139996652959E-02 
687	 0,025583252699678 
688	 2,60539448750609E-02 
689	 2,67521955642842E-02 
690	 2,77499755629455E-02 
691	 2,86709317464885E-02 
692	 2,97966361300125E-02 
693	 3,13969909693396E-02 
694	 3,35258118737341E-02 
695	 3,59207114651365E-02 
696	 3,78028479388076E-02 
697	 4,02539273843787E-02 
698	 4,37435637317216E-02 
699	 4,79538638317323E-02 
700	 5,26244409075363E-02 
701	 5,74600582047507E-02 
702	 6,27220013299542E-02 
703	 6,82597115571715E-02 
704	 7,33625630171163E-02 
705	 7,88934142531474E-02 
706	 0,085265710984717 
707	 9,11291834361852E-02 
708	 9,66182709330212E-02 
709	 0,102319420321145 
710	 0,108333667916813 
711	 0,114568661470504 
712	 0,120463159172167 
713	 0,125942744124921 
714	 0,131015805917996 
715	 0,136475094068148 
716	 0,14214858023897 
717	 0,147233850903658 
718	 0,15189273772054 
719	 0,156169589781133 
720	 0,160090523354906 
721	 0,163832908840575 
722	 0,167606795473331 
723	 0,171161874515014 
724	 0,174389489396014 
725	 0,177176050025987 
726	 0,179608017436514 
727	 0,181791328106209 
728	 0,18405686336032 
729	 0,186241999655619 
730	 0,18797392732718 
731	 0,189513632804206 
732	 0,190920942675344 
733	 0,19203232925687 
734	 0,19321920963628 
735	 0,194749173538209 
736	 0,195665051108121 
737	 0,196174910552192 
738	 0,197231353425765 
739	 0,19828353839873 
740	 0,199081458785995 
741	 0,19939189999553 
742	 0,19968133006676 
743	 0,200493533703303 
744	 0,200997528273896 
745	 0,201117932325482 
746	 0,201240675124353 
747	 0,20131904615318 
748	 0,201390279493288 
749	 0,201805392261475 
750	 0,202254246847955 
751	 0,202206257086726 
752	 0,202158068462391 
753	 0,202221096260173 
754	 0,202240976318108 
755	 0,202299361899049 
756	 0,202449484576096 
757	 0,20260707958068 
758	 0,202731072564498 
759	 0,202768585058212 
760	 0,202837738740855 
761	 0,202921123178977 
762	 0,202748410238144 
763	 0,202516156653564 
764	 0,202436747836587 
765	 0,202726465484184 
766	 0,203115713189005 
767	 0,202771577416839 
768	 0,202607120751126 
769	 0,202871229667307 
770	 0,202763592039005 
771	 0,202425268011722 
772	 0,20210627584801 
773	 0,201980858839707 
774	 0,202090556824932 
775	 0,202440172666392 
776	 0,202588747692669 
777	 0,202320499582826 
778	 0,201954669339409 
779	 0,20172071591149 
780	 0,201887868701093 
781	 0,201853890513492 
782	 0,201535695217535 
783	 0,201244756355017 
784	 0,201161420392597 
785	 0,201342019319738 
786	 0,201148265103272 
787	 0,200831888689895 
788	 0,201011765594858 
789	 0,201159537285375 
790	 0,201087278665702 
791	 0,200736153953585 
792	 0,200360139058654 
793	 0,200178900697251 
794	 0,200254762933287 
795	 0,200264689273773 
796	 0,199442666874624 
797	 0,199081870718551 
798	 0,199434435190545 
799	 0,199386209864159 
800	 0,199262996840791 
801	 0,199382979863159 
802	 0,199084872321122 
803	 0,198553388351817 
804	 0,198503257722582 
805	 0,198756089675434 
806	 0,199193773069121 
807	 0,199478171767988 
808	 0,199689647644265 
809	 0,199936556083356 
810	 0,199960236277353 
811	 0,199879486546247 
812	 0,200178217374534 
813	 0,200399628310548 
814	 0,200346966660202 
815	 0,200086312876409 
816	 0,199918506393127 
817	 0,200181245795762 
818	 0,200591962243298 
819	 0,201027223156525 
820	 0,201372487883506 
821	 0,201638160796017 
822	 0,201776004140548 
823	 0,201460751355134 
824	 0,20119996903778 
825	 0,201658284002745 
826	 0,202150150947591 
827	 0,202440842665143 
828	 0,202339117744566 
829	 0,202414062656084 
830	 0,202924791451449 
831	 0,20339674444907 
832	 0,20372944888802 
833	 0,2038711657771 
834	 0,203478409682838 
835	 0,202851257531729 
836	 0,203201854729328 
837	 0,203556144087913 
838	 0,203384450828838 
839	 0,202910004397726 
840	 0,202739283096704 
841	 0,203656647692727 
842	 0,204346714969891 
843	 0,204424534146874 
844	 0,203876528132358 
845	 0,203358973090563 
846	 0,203293166396325 
847	 0,203675417128242 
848	 0,203997403633717 
849	 0,203565632867231 
850	 0,20340373483902 
851	 0,20355430860539 
852	 0,203314558634597 
853	 0,202697790478387 
854	 0,201898581715019 
855	 0,20213744798532 
856	 0,202824710583362 
857	 0,202970604075789 
858	 0,202651448504831 
859	 0,202121321288034 
860	 0,20220122039419 
861	 0,202199918668158 
862	 0,201824976103785 
863	 0,20169267903163 
864	 0,201608104010983 
865	 0,20124884044444 
866	 0,201385196432585 
867	 0,202077888300344 
868	 0,203083695250817 
869	 0,203397960184036 
870	 0,202634624838744 
871	 0,201764367701149 
872	 0,201471354937123 
873	 0,202387977417872 
874	 0,203119340906104 
875	 0,203520118471436 
876	 0,204304208636052 
877	 0,204491855297696 
878	 0,20391987595665 
879	 0,204119641569018 
880	 0,204623017187349 
881	 0,204811277818163 
882	 0,205293751932631 
883	 0,205777058848375 
884	 0,205080825677638 
885	 0,205139457335537 
886	 0,206322202795492 
887	 0,20666496219798 
888	 0,206348550864553 
889	 0,205738776697345 
890	 0,20585802781058 
891	 0,206342403054138 
892	 0,205876020177993 
893	 0,20594547546018 
894	 0,206720988729507 
895	 0,206765626037051 
896	 0,206536714930534 
897	 0,206466839271279 
898	 0,206746435096733 
899	 0,207125268810329 
900	 0,207084451374697 
901	 0,207242299538711 
902	 0,207619131408054 
903	 0,207646346878159 
904	 0,207475833070783 
905	 0,207236885501235 
906	 0,20712497701429 
907	 0,207008581506309 
908	 0,206664543226735 
909	 0,206208673993587 
910	 0,205941047805705 
911	 0,206766086810021 
912	 0,207128161049875 
913	 0,206431437282571 
914	 0,205999387263498 
915	 0,205945281673017 
916	 0,206224440045882 
917	 0,206153327919449 
918	 0,205942812084232 
919	 0,206634302378077 
920	 0,206650946449088 
921	 0,20557821653287 
922	 0,204230827331926 
923	 0,203589843129457 
924	 0,20423002606378 
925	 0,203629121950794 
926	 0,202537002161356 
927	 0,203052531795365 
928	 0,203508047420439 
929	 0,203355187337994 
930	 0,202427263693399 
931	 0,201516590837062 
932	 0,201069480945595 
933	 0,200443768134867 
934	 0,199915432890853 
935	 0,199893884633526 
936	 0,199609243625853 
937	 0,198969370591892 
938	 0,198334190898999 
939	 0,197130021869851 
940	 0,195540962908669 
941	 0,195541690225487 
942	 0,195670730520868 
943	 0,194635231937126 
944	 0,194141821359919 
945	 0,193665717182471 
946	 0,19171345410281 
947	 0,190746069049713 
948	 0,190824976841188 
949	 0,189486321235917 
950	 0,187830457471464 
951	 0,186517715851454 
952	 0,185346498775007 
953	 0,184340641168774 
954	 0,183517434881156 
955	 0,182486402378237 
956	 0,181078572524141 
957	 0,178862679311688 
958	 0,178330797807627 
959	 0,179574564855866 
960	 0,178680293261682 
961	 0,177213647754194 
962	 0,176439476649845 
963	 0,175461888026499 
964	 0,174849514805862 
965	 0,175564629409232 
966	 0,175208611383887 
967	 0,174112554996681 
968	 0,175594446132302 
969	 0,175351233670275 
970	 0,172378679579985 
971	 0,171760298328687 
972	 0,172410130931107 
973	 0,172961816963579 
974	 0,172909543363008 
975	 0,173118299502144 
976	 0,175399517850572 
977	 0,175796808381784 
978	 0,17387187203484 
979	 0,171941658109312 
980	 0,17169206824607 
981	 0,17338924636421 
982	 0,172692314108993 
983	 0,171709750063367 
984	 0,172849553580896 
985	 0,174684273567282 
986	 0,175335759391961 
987	 0,171655205631921 
988	 0,17072902093818 
989	 0,173138900326624 
990	 0,172598072594755 
991	 0,172661918272301 
992	 0,174767649928335 
993	 0,176269668011322 
994	 0,175844647411314 
995	 0,172802065190487 
996	 0,172492412024197 
997	 0,174422520217412 
998	 0,175538704730369 
999	 0,176691779885365 
1000	 0,177742642940928 
1001	 0,177933024366223 
1002	 0,177139306250099 
1003	 0,175880780844977 
1004	 0,177117457261246 
1005	 0,179208699115987 
1006	 0,180231810874447 
1007	 0,179656048230248 
1008	 0,179173512232748 
1009	 0,181968284305007 
1010	 0,182062251483043 
1011	 0,179879471120325 
1012	 0,182200063348255 
1013	 0,185044520263162 
1014	 0,186218618947512 
1015	 0,183946425171935 
1016	 0,182110040982189 
1017	 0,183735976167259 
1018	 0,185088372844899 
1019	 0,184686653001051 
1020	 0,181393988123249 
1021	 0,179917112280229 
1022	 0,18096844142024 
1023	 0,183186870364361 
1024	 0,184108258020886 
1025	 0,183737124596357 
1026	 0,187611400864118 
1027	 0,187952034627985 
1028	 0,181634133418079 
1029	 0,184590214585534 
1030	 0,189395622525442 
1031	 0,186184225452498 
1032	 0,189231159810378 
1033	 0,194993375401406 
1034	 0,19122997593068 
1035	 0,189137068702473 
1036	 0,19094573872798 
1037	 0,192662127131516 
1038	 0,193895678292917 
1039	 0,194801910418349 
1040	 0,198349161803777 
1041	 0,200233869945567 
1042	 0,197202286523098 
1043	 0,193320378969911 
1044	 0,191829987488467 
1045	 0,195847727268968 
1046	 0,199988771072193 
1047	 0,20191315831694 
1048	 0,19930694073875 
1049	 0,198128484974499 
1050	 0,198824267736274 
1051	 0,1950513875605 
1052	 0,189996973389154 
1053	 0,187853484992544 
1054	 0,200216092380636 
1055	 0,211115305906131 
1056	 0,206040263906265 
1057	 0,192864780022807 
1058	 0,182726470200566 
1059	 0,188876257277826 
1060	 0,198667110405037 
1061	 0,206022565649487 
1062	 0,203480735551664 
1063	 0,196473448108273 
1064	 0,192917860613041 
1065	 0,214087903487079 
1066	 0,224150823803887 
1067	 0,210635785670233 
1068	 0,195087008143375 
1069	 0,186069917409919 
1070	 0,18826738612097 
1071	 0,189020072678848 
1072	 0,185374388008207 
1073	 0,176511680477986 
1074	 0,176909764882198 
1075	 0,189114953159004 
