Wavelength	NEUF00662.asd
325	 0,825164741958635 
326	 0,630964027482599 
327	 0,293817499149008 
328	 0,183957580380926 
329	 0,341219042036321 
330	 0,508861432241106 
331	 0,495675459750558 
332	 0,491975145677574 
333	 0,486218271688747 
334	 0,369290808937153 
335	 0,285659904020768 
336	 0,275245293231615 
337	 0,257102776364673 
338	 0,252575320205291 
339	 0,275410116075387 
340	 0,252937728432522 
341	 0,20986706173231 
342	 0,230452374679987 
343	 0,252726613363652 
344	 0,265573774649995 
345	 0,258874814510548 
346	 0,250327697891993 
347	 0,256365414923102 
348	 0,223749719668087 
349	 0,171848742633934 
350	 0,185765863595471 
351	 0,219909054800709 
352	 0,247721930712035 
353	 0,233073816561888 
354	 0,201123134316007 
355	 0,187306771277939 
356	 0,191827576953337 
357	 0,207134203718465 
358	 0,21578642319328 
359	 0,211680596984536 
360	 0,194935578616572 
361	 0,194895711669847 
362	 0,201427933215785 
363	 0,195507444569444 
364	 0,204131914457602 
365	 0,220966959349199 
366	 0,206635599121538 
367	 0,198833863827647 
368	 0,216561524972101 
369	 0,196291716287625 
370	 0,169304568298799 
371	 0,199473150505662 
372	 0,207948085574912 
373	 0,185262406164232 
374	 0,189986252503871 
375	 0,19697117640646 
376	 0,188429532701576 
377	 0,203473732806681 
378	 0,224568548487867 
379	 0,200042624197252 
380	 0,193948308468166 
381	 0,21753312242449 
382	 0,223268046970739 
383	 0,211437125260593 
384	 0,185473625575991 
385	 0,191208376820784 
386	 0,213262377315401 
387	 0,185718779167889 
388	 0,170569109627767 
389	 0,187398017583595 
390	 0,194770074153839 
391	 0,193620434321233 
392	 0,188689900297482 
393	 0,195467457251085 
394	 0,20960088624286 
395	 0,210006261650629 
396	 0,201327255533597 
397	 0,189712769532505 
398	 0,194047199665107 
399	 0,202942811376947 
400	 0,196835244855721 
401	 0,194306220616107 
402	 0,198661092291196 
403	 0,205507682639793 
404	 0,207173498273763 
405	 0,198930170060837 
406	 0,187277418132429 
407	 0,177019589198523 
408	 0,174561690079495 
409	 0,177693698123536 
410	 0,183496033257003 
411	 0,184111793413744 
412	 0,179272452672185 
413	 0,170268649362036 
414	 0,176719578483037 
415	 0,191238479521167 
416	 0,186893493246657 
417	 0,182092043535889 
418	 0,18353070899535 
419	 0,182935110244214 
420	 0,18288947925102 
421	 0,187529932632775 
422	 0,180877751962671 
423	 0,167392205260211 
424	 0,172670690333534 
425	 0,180261451045483 
426	 0,180074552074074 
427	 0,178805161696811 
428	 0,17764832838982 
429	 0,177303270761816 
430	 0,175760853647425 
431	 0,173394620328863 
432	 0,174107027435598 
433	 0,175664104093613 
434	 0,176011730177822 
435	 0,177465587919651 
436	 0,178891318218285 
437	 0,176072757395286 
438	 0,175375982496718 
439	 0,178428638495166 
440	 0,178478693714811 
441	 0,176781151423541 
442	 0,175701052410825 
443	 0,174291792929302 
444	 0,173343968558022 
445	 0,175944874494568 
446	 0,178066923156705 
447	 0,177785899085867 
448	 0,181736845106546 
449	 0,186599763033482 
450	 0,184695263245093 
451	 0,182392668334756 
452	 0,181811060669258 
453	 0,182538869280859 
454	 0,183792871198015 
455	 0,18468249930946 
456	 0,183292490199751 
457	 0,18135911099057 
458	 0,184561292077098 
459	 0,187192939761061 
460	 0,186928608984432 
461	 0,185875578469429 
462	 0,184610491239393 
463	 0,183600423573441 
464	 0,184650399462941 
465	 0,187282273266515 
466	 0,188888076401961 
467	 0,187242680714679 
468	 0,181802665054174 
469	 0,181470676809751 
470	 0,18512215734354 
471	 0,188027024190239 
472	 0,189007706059147 
473	 0,188065763431541 
474	 0,188649040236876 
475	 0,188761366056413 
476	 0,186427956355251 
477	 0,186007294516534 
478	 0,18748074664582 
479	 0,188518195913601 
480	 0,188144861846473 
481	 0,186200756968664 
482	 0,185664626531372 
483	 0,185569134937175 
484	 0,183883592731873 
485	 0,184638990518723 
486	 0,187634771274404 
487	 0,188351345539956 
488	 0,187447365060391 
489	 0,185578693793176 
490	 0,183487393165732 
491	 0,181925372842335 
492	 0,182033438057421 
493	 0,182599008174016 
494	 0,183249335072692 
495	 0,184837771984205 
496	 0,185741350865695 
497	 0,18418370488802 
498	 0,184459965041511 
499	 0,186219257405885 
500	 0,185119458086833 
501	 0,184305885692934 
502	 0,185458182038908 
503	 0,186733454401625 
504	 0,18803014773862 
505	 0,189731444206065 
506	 0,190454522742835 
507	 0,190108840502335 
508	 0,190246557982874 
509	 0,190572141355996 
510	 0,190834140773253 
511	 0,192782884655558 
512	 0,195197180828885 
513	 0,194124750978524 
514	 0,192990653999674 
515	 0,193428305771402 
516	 0,195411788108831 
517	 0,197542512583629 
518	 0,197970688366957 
519	 0,197850097075406 
520	 0,197638195953223 
521	 0,197788432260718 
522	 0,19797432213556 
523	 0,198014479921264 
524	 0,198713614088595 
525	 0,199672171900699 
526	 0,199877614372779 
527	 0,199276650207222 
528	 0,198211535130522 
529	 0,198675081851646 
530	 0,199317607586854 
531	 0,198464628225192 
532	 0,19822040976799 
533	 0,1985846366822 
534	 0,197952392020203 
535	 0,197521086620718 
536	 0,197922548576895 
537	 0,198168119585041 
538	 0,198233397498115 
539	 0,198387786054045 
540	 0,198023699297244 
541	 0,197258875154634 
542	 0,197445824612935 
543	 0,197927274491005 
544	 0,197999435097888 
545	 0,197812504244959 
546	 0,197806537377246 
547	 0,199190837078972 
548	 0,200421762875216 
549	 0,200659090797046 
550	 0,199823660319954 
551	 0,199156581062995 
552	 0,200603442055074 
553	 0,201181119041448 
554	 0,200346007394838 
555	 0,199646472697525 
556	 0,199178772918827 
557	 0,198986590818526 
558	 0,198939885099221 
559	 0,19872172150485 
560	 0,197635505641913 
561	 0,196485398467483 
562	 0,195641294158035 
563	 0,195046447774215 
564	 0,194473541746124 
565	 0,193616960066517 
566	 0,19372238715429 
567	 0,194625033804432 
568	 0,194477000374358 
569	 0,194760619497574 
570	 0,196423275164244 
571	 0,197953121952958 
572	 0,199344038779532 
573	 0,201157472737141 
574	 0,202907300328234 
575	 0,204498380715515 
576	 0,206302237502453 
577	 0,208405002603936 
578	 0,210848306162115 
579	 0,21249704535659 
580	 0,21366671857466 
581	 0,21631346248834 
582	 0,218483966057271 
583	 0,219265859152573 
584	 0,220795262704565 
585	 0,222769510588237 
586	 0,224182483570783 
587	 0,225257574271148 
588	 0,226283280859885 
589	 0,228439352210102 
590	 0,230086531455847 
591	 0,229777210599079 
592	 0,230171325435892 
593	 0,231430724457256 
594	 0,232495252160619 
595	 0,233371415510979 
596	 0,233948748961805 
597	 0,233915675886269 
598	 0,233638452523533 
599	 0,233696556371273 
600	 0,233624252676907 
601	 0,233284753146863 
602	 0,232658409363929 
603	 0,231961524109184 
604	 0,231354024317647 
605	 0,230563183911 
606	 0,229675680090036 
607	 0,229019737339518 
608	 0,228292713670341 
609	 0,227348820046691 
610	 0,226057331930651 
611	 0,224761147633924 
612	 0,223882740232691 
613	 0,22299479385313 
614	 0,222077254363296 
615	 0,221412976420735 
616	 0,220844074316135 
617	 0,220237643702561 
618	 0,219289080298287 
619	 0,218505568372691 
620	 0,219007010728847 
621	 0,219278368072967 
622	 0,218907694031416 
623	 0,21858432445777 
624	 0,218518362869651 
625	 0,218872642394702 
626	 0,219320751040754 
627	 0,219781290923599 
628	 0,220262895131025 
629	 0,220867367273721 
630	 0,221552822417214 
631	 0,221573610978165 
632	 0,22160112084371 
633	 0,22282792012361 
634	 0,224269583993362 
635	 0,225623709650591 
636	 0,226977855889897 
637	 0,228262605822543 
638	 0,229438560400163 
639	 0,230751750150186 
640	 0,232151351698882 
641	 0,233457661340754 
642	 0,234474416415102 
643	 0,235144252867469 
644	 0,235757882414676 
645	 0,236295829460311 
646	 0,236693385745745 
647	 0,237136991223492 
648	 0,237440838983435 
649	 0,236921866875829 
650	 0,235840962853507 
651	 0,234461060161801 
652	 0,233505874612638 
653	 0,23246295266388 
654	 0,230019446471261 
655	 0,227605951629914 
656	 0,225561760923663 
657	 0,222924070344163 
658	 0,220164521417047 
659	 0,217807631499863 
660	 0,215650590400811 
661	 0,213457788041973 
662	 0,210684870051433 
663	 0,207828267484087 
664	 0,205231695093434 
665	 0,203255150337896 
666	 0,201567846374191 
667	 0,199577459209298 
668	 0,197903088490032 
669	 0,196688186124554 
670	 0,195707028248684 
671	 0,195023515126012 
672	 0,194653753078058 
673	 0,194155504479873 
674	 0,193575431538772 
675	 0,193200268963364 
676	 0,193126151782632 
677	 0,193267270232568 
678	 0,19281322511136 
679	 0,192556946579369 
680	 0,193488703602597 
681	 0,194177664357312 
682	 0,194687750865326 
683	 0,19629558179922 
684	 0,19829220520455 
685	 0,200355252831035 
686	 0,203313873516594 
687	 0,207084055589022 
688	 0,211297048226958 
689	 0,216049420567794 
690	 0,221570297396017 
691	 0,228601183195007 
692	 0,236604450896571 
693	 0,245092748093097 
694	 0,254926099486897 
695	 0,26606630609183 
696	 0,277955588176311 
697	 0,290634493070306 
698	 0,303941972960494 
699	 0,317210774721163 
700	 0,330581004580756 
701	 0,344249992249004 
702	 0,358029490282347 
703	 0,37174463750045 
704	 0,3851263902636 
705	 0,397887065237105 
706	 0,409834613903606 
707	 0,421207341441747 
708	 0,43204015517643 
709	 0,442284743338595 
710	 0,451895671253107 
711	 0,460915376900889 
712	 0,469559075595259 
713	 0,477667752658199 
714	 0,485084366724825 
715	 0,491783767048963 
716	 0,497794140975658 
717	 0,503074421807567 
718	 0,508563634291751 
719	 0,514480533857775 
720	 0,519381873699916 
721	 0,52347808433324 
722	 0,527240338898163 
723	 0,530730325090166 
724	 0,53404065199073 
725	 0,537298407098993 
726	 0,540312810608609 
727	 0,542915479499366 
728	 0,544837573643542 
729	 0,546512530390873 
730	 0,548717316891875 
731	 0,551157748125511 
732	 0,553499226104687 
733	 0,554794360020601 
734	 0,55568305055421 
735	 0,55677206454659 
736	 0,557995253389288 
737	 0,559252120281965 
738	 0,560356177222911 
739	 0,560999913539685 
740	 0,561243262205229 
741	 0,562147886586495 
742	 0,56325715446366 
743	 0,563945843477057 
744	 0,564520789463279 
745	 0,565001418813467 
746	 0,56520109356076 
747	 0,565624331515429 
748	 0,566455108790404 
749	 0,56688152197077 
750	 0,567067722332065 
751	 0,567423413871372 
752	 0,567640756239509 
753	 0,567720308190644 
754	 0,567929674115626 
755	 0,568231196612966 
756	 0,568578028027088 
757	 0,568788517569303 
758	 0,569014654838253 
759	 0,569663004905973 
760	 0,570018425220533 
761	 0,569974786724374 
762	 0,570265468700493 
763	 0,570568450562532 
764	 0,570567047972887 
765	 0,570657987386071 
766	 0,570856417025357 
767	 0,571003983518364 
768	 0,571118805796001 
769	 0,571226420260396 
770	 0,571417299008248 
771	 0,571769746131378 
772	 0,572346919513573 
773	 0,572295683798693 
774	 0,571818840770422 
775	 0,572151229617529 
776	 0,572588845493256 
777	 0,572706837771994 
778	 0,572224166189687 
779	 0,571722557596914 
780	 0,572082876391106 
781	 0,572339026704773 
782	 0,572332415703935 
783	 0,572524003339012 
784	 0,572577707893718 
785	 0,572316983640793 
786	 0,572168838829311 
787	 0,572284894810461 
788	 0,572848576463851 
789	 0,572946187086003 
790	 0,572515089246915 
791	 0,572659331772225 
792	 0,57265436300286 
793	 0,571990650605348 
794	 0,571873446486941 
795	 0,572156708837865 
796	 0,572094098425356 
797	 0,572024261960261 
798	 0,572007339201974 
799	 0,571871583215648 
800	 0,571699333445225 
801	 0,571584377165457 
802	 0,5716388088305 
803	 0,571790844947642 
804	 0,571780207042529 
805	 0,571920635419478 
806	 0,572239776537343 
807	 0,57224424742786 
808	 0,572196388100394 
809	 0,572399640823407 
810	 0,572493650873085 
811	 0,57247494714977 
812	 0,572540802149651 
813	 0,57262488995715 
814	 0,572673506333644 
815	 0,572502312920761 
816	 0,572363217980521 
817	 0,572575535167633 
818	 0,573440196389815 
819	 0,574614277835671 
820	 0,575025307762052 
821	 0,574834114381569 
822	 0,574251954328128 
823	 0,574052483324227 
824	 0,57445766329476 
825	 0,575595039017886 
826	 0,575815450135649 
827	 0,575236921672447 
828	 0,575664314571348 
829	 0,576057165574898 
830	 0,575899365106464 
831	 0,575430273185247 
832	 0,575270948013488 
833	 0,576199290275493 
834	 0,576421967989659 
835	 0,575931231554827 
836	 0,576317789224644 
837	 0,576643081593182 
838	 0,576441330610494 
839	 0,576193466658648 
840	 0,576038209377677 
841	 0,576087439154157 
842	 0,576189688712816 
843	 0,57620701180662 
844	 0,575808679210907 
845	 0,575645849583994 
846	 0,57593388188975 
847	 0,575319972904729 
848	 0,574837595473688 
849	 0,576110159262591 
850	 0,576632007294203 
851	 0,57609665716931 
852	 0,575763863036825 
853	 0,575446075667499 
854	 0,575117770519039 
855	 0,575023787710167 
856	 0,575185766671528 
857	 0,57558684599884 
858	 0,575892266298771 
859	 0,575982289695566 
860	 0,575832036925516 
861	 0,575613884019812 
862	 0,575428946614755 
863	 0,575165316797115 
864	 0,575102713947719 
865	 0,575591004477156 
866	 0,576119870076923 
867	 0,576536862638768 
868	 0,576862108289813 
869	 0,576957363471889 
870	 0,576871816669619 
871	 0,577392940494104 
872	 0,57770999220956 
873	 0,576828493817054 
874	 0,57655511005599 
875	 0,577080258640131 
876	 0,577790598341245 
877	 0,578120442411157 
878	 0,57782226108684 
879	 0,577248419903934 
880	 0,576957681992521 
881	 0,577462249437442 
882	 0,577760270435099 
883	 0,577814941402266 
884	 0,578098634401348 
885	 0,578536352373369 
886	 0,578987601046754 
887	 0,578919511929675 
888	 0,578563401003571 
889	 0,578179637289262 
890	 0,577659470700676 
891	 0,577381905972261 
892	 0,578209549891152 
893	 0,578653979642433 
894	 0,578414064386821 
895	 0,578554722051167 
896	 0,578997349648747 
897	 0,579533747692751 
898	 0,579025281856636 
899	 0,578208627938218 
900	 0,578697155278627 
901	 0,579114911311702 
902	 0,579137060290636 
903	 0,579133463349966 
904	 0,578970454287254 
905	 0,578709892764777 
906	 0,579428046523203 
907	 0,580208900362188 
908	 0,5796044691662 
909	 0,579520549846751 
910	 0,579861094400843 
911	 0,578642583558997 
912	 0,578209816588356 
913	 0,579362732798981 
914	 0,579723675854886 
915	 0,579554993911898 
916	 0,579398329248162 
917	 0,57938420993644 
918	 0,579413781573949 
919	 0,579054499737692 
920	 0,579041713173982 
921	 0,579506027901433 
922	 0,579831310517248 
923	 0,579710804861175 
924	 0,579000760805582 
925	 0,57863435759604 
926	 0,578525931734638 
927	 0,578184526691577 
928	 0,578628920724904 
929	 0,579534880637064 
930	 0,578813299767396 
931	 0,577410640505429 
932	 0,576155739752575 
933	 0,576264593057593 
934	 0,577331133752014 
935	 0,578552126402776 
936	 0,577649803952752 
937	 0,575395204992309 
938	 0,575524681942316 
939	 0,5754080608937 
940	 0,574484379025031 
941	 0,575188686846525 
942	 0,575416583761857 
943	 0,57354150547892 
944	 0,574125537327959 
945	 0,575378465407371 
946	 0,572547326001877 
947	 0,571294564220021 
948	 0,572392353055471 
949	 0,572408470315932 
950	 0,57205703933559 
951	 0,571583921458601 
952	 0,57012972387413 
953	 0,568252551779815 
954	 0,566749164970255 
955	 0,565880950347611 
956	 0,565603035545932 
957	 0,565573987481084 
958	 0,565910624328102 
959	 0,566267568453871 
960	 0,56521684881769 
961	 0,563839410786379 
962	 0,563116126936539 
963	 0,563534377571358 
964	 0,564117242378526 
965	 0,563291130598011 
966	 0,562783833323925 
967	 0,56288209024924 
968	 0,56307085089326 
969	 0,563406455494153 
970	 0,563740356380747 
971	 0,563370583287451 
972	 0,562883925450447 
973	 0,562917385977419 
974	 0,563934094853608 
975	 0,564966556582957 
976	 0,564196566048567 
977	 0,563438916986631 
978	 0,563256396523858 
979	 0,563750229222232 
980	 0,563945081940301 
981	 0,56355621587432 
982	 0,564116455619369 
983	 0,564854627594513 
984	 0,564878822929156 
985	 0,564361566377628 
986	 0,564044702021395 
987	 0,565338930462445 
988	 0,56530044900785 
989	 0,563836394101151 
990	 0,563609593053638 
991	 0,564956775361 
992	 0,567787022995666 
993	 0,570597688092638 
994	 0,57234131808552 
995	 0,572037253761467 
996	 0,568957520526696 
997	 0,566294203298231 
998	 0,570251402578219 
999	 0,571724816902289 
1000	 0,569830201956509 
1001	 0,571542469036513 
1002	 0,573196584229069 
1003	 0,573080938580293 
1004	 0,572296814415749 
1005	 0,573157953387839 
1006	 0,577166499329702 
1007	 0,576150256522513 
1008	 0,573009648671073 
1009	 0,575413373307895 
1010	 0,576290382058712 
1011	 0,574964890978679 
1012	 0,575244702003012 
1013	 0,576809008172211 
1014	 0,579065746604276 
1015	 0,579800981698714 
1016	 0,578985962775418 
1017	 0,577295566508398 
1018	 0,579834764960331 
1019	 0,583264256179484 
1020	 0,581641682311555 
1021	 0,578184208637857 
1022	 0,576293614386252 
1023	 0,58372569373503 
1024	 0,586909784547752 
1025	 0,582492296153783 
1026	 0,578423739385406 
1027	 0,57832616594841 
1028	 0,583523577375882 
1029	 0,585880148570064 
1030	 0,585246726336169 
1031	 0,582953737881487 
1032	 0,582964670373969 
1033	 0,585346228595919 
1034	 0,588428756132766 
1035	 0,587993571696758 
1036	 0,585254614017964 
1037	 0,589367280841831 
1038	 0,591836800996304 
1039	 0,589864036401667 
1040	 0,590919555165605 
1041	 0,592090702609334 
1042	 0,59109883327241 
1043	 0,591864120174285 
1044	 0,594225638818697 
1045	 0,596965311401161 
1046	 0,593962575180103 
1047	 0,589558769626135 
1048	 0,597018371865308 
1049	 0,599326924023675 
1050	 0,594103727055036 
1051	 0,594555155587626 
1052	 0,592685563386255 
1053	 0,587937153092455 
1054	 0,600041546507649 
1055	 0,608695369962319 
1056	 0,597253605580555 
1057	 0,59134934574922 
1058	 0,589869235683755 
1059	 0,58605445053252 
1060	 0,589968376735153 
1061	 0,598324769639418 
1062	 0,600753788935834 
1063	 0,594956664716406 
1064	 0,587163063214921 
1065	 0,604120270439409 
1066	 0,60722477194201 
1067	 0,586323995527653 
1068	 0,588919627747354 
1069	 0,601943597328554 
1070	 0,610949217333464 
1071	 0,60041202929585 
1072	 0,58593629085401 
1073	 0,588386458089099 
1074	 0,595176763414748 
1075	 0,599195463849366 
