Wavelength	NEUF00442.asd
325	 0,078397599008286 
326	 8,80477684444894E-03 
327	-4,49426998628098E-02 
328	-4,96654702800045E-02 
329	-5,07952969822679E-02 
330	-4,48757388516886E-02 
331	-1,89551863413768E-02 
332	 4,09394128261585E-02 
333	 6,93997475524253E-02 
334	 3,38203479599319E-02 
335	 1,19360388077274E-02 
336	 1,57945992231364E-03 
337	-0,170219981809493 
338	-0,258699743999085 
339	-9,10286881373426E-02 
340	-2,31518515964416E-02 
341	-2,71888403865433E-02 
342	 5,41268972784566E-02 
343	 7,74012697650371E-02 
344	 3,94945268735518E-02 
345	 4,56967063981063E-02 
346	 0,061073648008001 
347	 4,31324384544318E-02 
348	 4,44259336387616E-03 
349	-3,39882014901247E-02 
350	-1,08581064746377E-02 
351	 1,08014466158224E-02 
352	 5,16818254795477E-03 
353	-3,51513385236688E-02 
354	-8,32685095382008E-02 
355	-0,101374941252074 
356	-6,54766624177406E-02 
357	 1,34313068150753E-03 
358	 0,038538310850331 
359	 3,29084671220744E-02 
360	-1,11734370174534E-02 
361	-2,79901327147375E-03 
362	 1,99587470117723E-02 
363	-8,65241346686053E-03 
364	-1,62571541490405E-02 
365	 4,42576083598194E-03 
366	 1,46778081311265E-02 
367	 0,018319150620358 
368	 1,52454994225863E-02 
369	-9,51471110673461E-03 
370	-3,13616905813241E-02 
371	-1,26598623386645E-02 
372	 2,0084978009369E-03 
373	 0,003608539079491 
374	 1,49786511456006E-02 
375	 2,30465509804572E-02 
376	 1,85969405574053E-02 
377	 2,08227089209516E-02 
378	 2,54220798926102E-02 
379	 1,43761403745081E-02 
380	 1,83821165818747E-02 
381	 3,86907219417088E-02 
382	 3,74218466307126E-02 
383	 2,41971123943707E-02 
384	 9,48814876072921E-03 
385	 5,12058756151188E-03 
386	 8,97428492299399E-03 
387	 6,65407767313802E-03 
388	 7,68050905268974E-03 
389	 1,45349466511883E-02 
390	 2,35872175741489E-02 
391	 2,46828240005632E-02 
392	 6,45932961698373E-03 
393	 5,00289810329355E-03 
394	 1,82011775975418E-02 
395	 1,59120777884138E-02 
396	 1,40235062108038E-02 
397	 1,95669759670508E-02 
398	 2,23957440799402E-02 
399	 2,03460906822995E-02 
400	 1,11853914992811E-02 
401	 8,44932805091713E-03 
402	 1,40966175066651E-02 
403	 2,09461996516468E-02 
404	 2,82640593175724E-02 
405	 0,034316654095425 
406	 2,88497993826258E-02 
407	 1,70187724957852E-02 
408	 1,06983351303057E-02 
409	 9,85660108220122E-03 
410	 1,27336054648209E-02 
411	 1,11325367927355E-02 
412	 5,81817077071925E-03 
413	-1,17561566924644E-03 
414	 6,67712932183413E-03 
415	 2,13960907834032E-02 
416	 1,63978421094191E-02 
417	 1,03354987283117E-02 
418	 0,010251336655408 
419	 9,0098270560452E-03 
420	 7,93275899221946E-03 
421	 9,27459853752375E-03 
422	 1,00824288023377E-02 
423	 1,02824339168865E-02 
424	 1,22803391799409E-02 
425	 1,34469336590973E-02 
426	 1,23075272117509E-02 
427	 1,09272616638065E-02 
428	 1,01494407687405E-02 
429	 0,010705049263215 
430	 1,29751139633931E-02 
431	 1,58540797459212E-02 
432	 1,45423446463062E-02 
433	 1,29705273569872E-02 
434	 1,45900055364592E-02 
435	 1,50863424251985E-02 
436	 1,39248012515822E-02 
437	 1,12477858048061E-02 
438	 1,10109341666622E-02 
439	 1,39758171238175E-02 
440	 1,40324677112665E-02 
441	 1,26244497112071E-02 
442	 1,23040634520118E-02 
443	 9,91304081412411E-03 
444	 7,06285262499159E-03 
445	 1,12846040038342E-02 
446	 1,58720215614607E-02 
447	 1,66632713710466E-02 
448	 1,65191196452447E-02 
449	 1,54820278855584E-02 
450	 1,26601347341962E-02 
451	 1,23937805783425E-02 
452	 0,01450652452945 
453	 1,10858976897661E-02 
454	 8,49634116445455E-03 
455	 1,26536676978978E-02 
456	 1,49563439523006E-02 
457	 1,48860033829418E-02 
458	 1,56972253391234E-02 
459	 1,61410767253375E-02 
460	 1,58234331020991E-02 
461	 0,015361052970992 
462	 1,43574789783021E-02 
463	 0,012222778676535 
464	 1,05427678549383E-02 
465	 1,03049902556918E-02 
466	 1,36754098499045E-02 
467	 1,51128105789505E-02 
468	 1,15303931505537E-02 
469	 1,00521120574319E-02 
470	 0,011099505623053 
471	 1,33972022584344E-02 
472	 1,47768969165043E-02 
473	 1,44477363535397E-02 
474	 1,33414151459296E-02 
475	 1,16101705500747E-02 
476	 9,50972182640506E-03 
477	 1,08146270310203E-02 
478	 1,42737987346959E-02 
479	 1,48288295650782E-02 
480	 1,32115971764813E-02 
481	 1,03437038129436E-02 
482	 1,05335193500984E-02 
483	 1,16457870136139E-02 
484	 9,73432187571354E-03 
485	 1,07355552118873E-02 
486	 1,43777744139502E-02 
487	 1,37320759921515E-02 
488	 1,22968336940063E-02 
489	 1,27670766926614E-02 
490	 1,36897790905747E-02 
491	 1,43204173453218E-02 
492	 1,33889075563085E-02 
493	 1,27836127802049E-02 
494	 1,30371824035902E-02 
495	 1,30833922268094E-02 
496	 1,27526872689084E-02 
497	 1,19752574764606E-02 
498	 1,33826022975608E-02 
499	 1,59357056818021E-02 
500	 1,46538072783514E-02 
501	 1,34275054894718E-02 
502	 1,42477625754755E-02 
503	 1,41925802820453E-02 
504	 1,34660405173655E-02 
505	 1,28946759709248E-02 
506	 1,39708575011133E-02 
507	 1,62519884135075E-02 
508	 1,59776045018261E-02 
509	 1,46131626972378E-02 
510	 1,37061289985532E-02 
511	 1,40217862313624E-02 
512	 0,014873549456643 
513	 1,40687229026702E-02 
514	 1,29000122624319E-02 
515	 1,22036262203626E-02 
516	 1,35061124487411E-02 
517	 0,014929042017166 
518	 1,36754941755009E-02 
519	 1,38956066021686E-02 
520	 1,55608932426645E-02 
521	 0,014455638596232 
522	 1,33722647109837E-02 
523	 1,42756583252274E-02 
524	 1,51517068234898E-02 
525	 1,54635326871074E-02 
526	 1,47691448751101E-02 
527	 1,38504123527272E-02 
528	 1,32773771350595E-02 
529	 1,42900205354283E-02 
530	 0,015242332666536 
531	 1,42135147064725E-02 
532	 0,013678781653914 
533	 1,40090359756752E-02 
534	 1,44211412795414E-02 
535	 1,50561811628924E-02 
536	 1,57958811260764E-02 
537	 1,52341613160245E-02 
538	 1,39425652354994E-02 
539	 1,31684365891395E-02 
540	 1,35172280058176E-02 
541	 1,46971639232879E-02 
542	 1,42767471895524E-02 
543	 1,35567910007419E-02 
544	 1,38849958607935E-02 
545	 1,40235641516887E-02 
546	 1,39040209130251E-02 
547	 1,40637021988685E-02 
548	 1,40402390612996E-02 
549	 0,013690260522746 
550	 1,35763195175016E-02 
551	 1,38177007422675E-02 
552	 0,014509953441331 
553	 1,49321407922805E-02 
554	 1,49052220293046E-02 
555	 1,47694386756215E-02 
556	 1,44276656897347E-02 
557	 1,38938100814584E-02 
558	 1,45775395162976E-02 
559	 1,56936311334658E-02 
560	 0,014556053107362 
561	 0,013907625638866 
562	 1,45752187303931E-02 
563	 0,014410556179349 
564	 1,36418553795989E-02 
565	 1,28041512815824E-02 
566	 1,36359489072523E-02 
567	 1,54430086231582E-02 
568	 1,40338802301277E-02 
569	 0,012802836501627 
570	 1,39945845666033E-02 
571	 1,48200385920743E-02 
572	 0,014971153505575 
573	 1,47404741091111E-02 
574	 0,014495424236701 
575	 1,44643688438021E-02 
576	 1,48693079034334E-02 
577	 1,52088333486621E-02 
578	 1,49258995008354E-02 
579	 1,49468609727718E-02 
580	 1,54773115783768E-02 
581	 1,65084432630835E-02 
582	 1,72196832343271E-02 
583	 1,71521507522919E-02 
584	 1,68181596325007E-02 
585	 1,66244939011386E-02 
586	 1,71818134488526E-02 
587	 1,71791927137509E-02 
588	 1,65364970934001E-02 
589	 1,67726716756946E-02 
590	 0,017416395755183 
591	 0,017929868098062 
592	 1,78472491951026E-02 
593	 1,73015768113602E-02 
594	 1,68224557102919E-02 
595	 1,69226529261187E-02 
596	 1,77275793659122E-02 
597	 1,81190634252659E-02 
598	 0,01818680767841 
599	 1,82720801471609E-02 
600	 0,018248607346461 
601	 1,80564934467397E-02 
602	 1,74557136312281E-02 
603	 1,72104051555616E-02 
604	 1,78346820415849E-02 
605	 1,79658044895089E-02 
606	 1,75984260492672E-02 
607	 1,72743010861047E-02 
608	 1,72524691887504E-02 
609	 1,74919609318811E-02 
610	 1,69627518894436E-02 
611	 1,62282273219619E-02 
612	 1,60805928961932E-02 
613	 1,62267156769664E-02 
614	 1,65380124098594E-02 
615	 1,69241298038649E-02 
616	 1,68785650114424E-02 
617	 1,61301559776684E-02 
618	 0,01529521203677 
619	 1,48593459531783E-02 
620	 1,55557016846455E-02 
621	 1,63702074325155E-02 
622	 1,67605877282366E-02 
623	 1,60648887600183E-02 
624	 1,53811480816083E-02 
625	 1,58367810152406E-02 
626	 0,016147836793512 
627	 1,60992352132399E-02 
628	 1,58882179722138E-02 
629	 1,57541435041986E-02 
630	 1,58560343144176E-02 
631	 1,62231629115065E-02 
632	 1,66672730197692E-02 
633	 1,69043702773245E-02 
634	 1,68762729124236E-02 
635	 1,67841505577621E-02 
636	 1,74973433505964E-02 
637	 1,83548438110947E-02 
638	 1,87586991586658E-02 
639	 1,88104617991651E-02 
640	 1,86952602182474E-02 
641	 0,018825307622995 
642	 1,89857888790294E-02 
643	 1,91158043090297E-02 
644	 1,93526662158607E-02 
645	 1,95406162742387E-02 
646	 1,94715490672473E-02 
647	 1,92604912751741E-02 
648	 1,91125036452392E-02 
649	 1,96016700964573E-02 
650	 2,00626362972903E-02 
651	 2,00518012633318E-02 
652	 2,00153139754674E-02 
653	 1,97990454906099E-02 
654	 1,89148672553626E-02 
655	 1,82883365851761E-02 
656	 1,80838545798398E-02 
657	 1,73118960620345E-02 
658	 0,016573957675952 
659	 1,65318313073549E-02 
660	 1,67792628758667E-02 
661	 1,69766323630151E-02 
662	 1,63831966904916E-02 
663	 1,60946888596098E-02 
664	 1,65278602253932E-02 
665	 1,64062067920246E-02 
666	 1,58014073856043E-02 
667	 1,50191526084387E-02 
668	 1,50003809401636E-02 
669	 1,56319565434785E-02 
670	 1,51931283057023E-02 
671	 1,48974663848277E-02 
672	 1,56104167676541E-02 
673	 1,51045211055904E-02 
674	 1,40195015475125E-02 
675	 0,014842249123858 
676	 1,55564460911657E-02 
677	 1,54867029362456E-02 
678	 1,52526733676317E-02 
679	 1,51695076305832E-02 
680	 1,55435807758813E-02 
681	 1,57904372855178E-02 
682	 1,58534321308348E-02 
683	 1,60374456357615E-02 
684	 1,62837502537613E-02 
685	 1,65117165601525E-02 
686	 1,62677163855741E-02 
687	 1,60956696749326E-02 
688	 1,70518366989469E-02 
689	 1,80835634469305E-02 
690	 1,87668439169656E-02 
691	 0,018694736077581 
692	 1,92069697155639E-02 
693	 2,14222685105606E-02 
694	 2,34697239324007E-02 
695	 2,52829560398444E-02 
696	 2,76564807090067E-02 
697	 3,01886671824842E-02 
698	 0,032859386395763 
699	 3,64252819817365E-02 
700	 0,040429855880964 
701	 4,41781674827092E-02 
702	 0,048856152986063 
703	 5,44210364066043E-02 
704	 5,97606836144137E-02 
705	 6,52257282067508E-02 
706	 7,09166020893638E-02 
707	 7,58892930938537E-02 
708	 8,05098187207906E-02 
709	 8,56846971403645E-02 
710	 9,07812300968341E-02 
711	 9,56983167284589E-02 
712	 0,100933906583124 
713	 0,105823146269536 
714	 0,109792455426827 
715	 0,113888441683371 
716	 0,118133701178685 
717	 0,122060061146411 
718	 0,125766095716694 
719	 0,129291191781564 
720	 0,132697748915249 
721	 0,135878348255046 
722	 0,13870495240892 
723	 0,141220914440327 
724	 0,14348436793052 
725	 0,145612125961144 
726	 0,14764704399431 
727	 0,149555766393746 
728	 0,150836824304668 
729	 0,151888485950065 
730	 0,15350222761261 
731	 0,155267390147698 
732	 0,156930244977496 
733	 0,158044557070288 
734	 0,158778191816763 
735	 0,159345133126251 
736	 0,160343560470761 
737	 0,161538976868686 
738	 0,162069431901637 
739	 0,162391170922941 
740	 0,162752511205061 
741	 0,163554780795196 
742	 0,164331485511104 
743	 0,164522760549276 
744	 0,164940562025597 
745	 0,165587974317224 
746	 0,16587889658564 
747	 0,166089322095542 
748	 0,166391631917044 
749	 0,166872674122141 
750	 0,167487500799496 
751	 0,168154415187809 
752	 0,168636253306243 
753	 0,168884484585702 
754	 0,169038590448925 
755	 0,169128723264446 
756	 0,169210283817633 
757	 0,169570338076699 
758	 0,1700279518814 
759	 0,170133936490064 
760	 0,170174309125791 
761	 0,170267566717068 
762	 0,170521381591235 
763	 0,170727803791646 
764	 0,170703508057421 
765	 0,170762089882405 
766	 0,170994639806759 
767	 0,171531847613311 
768	 0,171741309891444 
769	 0,171495895175846 
770	 0,171716783983019 
771	 0,17213060010837 
772	 0,172325126902496 
773	 0,172474590245817 
774	 0,172638666828962 
775	 0,172955687440786 
776	 0,172986158006362 
777	 0,172619580092315 
778	 0,172779005217594 
779	 0,173248424929149 
780	 0,173561452043452 
781	 0,173628350594603 
782	 0,173462817634521 
783	 0,173230472038676 
784	 0,173201706943673 
785	 0,173499802950539 
786	 0,173488911388251 
787	 0,173393701343657 
788	 0,173794017863058 
789	 0,17399957013602 
790	 0,173923590310896 
791	 0,174181877231899 
792	 0,174245073084012 
793	 0,173769159191909 
794	 0,173875324640402 
795	 0,1744157974451 
796	 0,174725313949031 
797	 0,174538302326998 
798	 0,173983140522224 
799	 0,174225827955214 
800	 0,174691648385189 
801	 0,174785753877516 
802	 0,174743168127704 
803	 0,174667501399444 
804	 0,174694025138751 
805	 0,174885767958117 
806	 0,175258982088859 
807	 0,175746283972915 
808	 0,176131326257067 
809	 0,176192709365024 
810	 0,175845086458524 
811	 0,175501895294605 
812	 0,176380300971516 
813	 0,176951046375619 
814	 0,176645544108884 
815	 0,176404983918922 
816	 0,17625543933038 
817	 0,176138760550198 
818	 0,176367516277593 
819	 0,176882542256902 
820	 0,177318483294058 
821	 0,177727689822626 
822	 0,178042681300717 
823	 0,177746247523112 
824	 0,177562408571547 
825	 0,178446167496234 
826	 0,178865206531475 
827	 0,178729392147569 
828	 0,179049859251318 
829	 0,179184702981992 
830	 0,17889532178921 
831	 0,178849066840744 
832	 0,1790436816766 
833	 0,179367624703479 
834	 0,179424636559104 
835	 0,179267292426651 
836	 0,17938089743375 
837	 0,179847574337347 
838	 0,180558881610528 
839	 0,180481742943982 
840	 0,179928774833681 
841	 0,179509581021632 
842	 0,179771057316547 
843	 0,180485190449875 
844	 0,180369549852174 
845	 0,18017614647675 
846	 0,180260944453043 
847	 0,180023143336772 
848	 0,179774002658994 
849	 0,180022270378588 
850	 0,180331783885662 
851	 0,180483019961565 
852	 0,180127163191147 
853	 0,179987794182426 
854	 0,18037810254919 
855	 0,180478091778006 
856	 0,180380787096726 
857	 0,180342976213771 
858	 0,180171995522751 
859	 0,180006354592796 
860	 0,180457062833284 
861	 0,180630591272459 
862	 0,180147015794173 
863	 0,179767000745058 
864	 0,179857321029816 
865	 0,18074146231471 
866	 0,181088516733361 
867	 0,180773807498219 
868	 0,180417271677817 
869	 0,180568939407699 
870	 0,181353620598695 
871	 0,181643154645474 
872	 0,181513590204728 
873	 0,181217176637336 
874	 0,181320873921346 
875	 0,181693445804233 
876	 0,181516609408031 
877	 0,181359831622701 
878	 0,181578487803446 
879	 0,182751605856751 
880	 0,183716125690828 
881	 0,183279314204606 
882	 0,183527099472352 
883	 0,184353309413337 
884	 0,184290210726477 
885	 0,184468264381311 
886	 0,185016947251582 
887	 0,18444920523217 
888	 0,184015975882898 
889	 0,184851273499431 
890	 0,185075847841938 
891	 0,184806106169306 
892	 0,185074022893972 
893	 0,185174440157001 
894	 0,18505346598969 
895	 0,185358968258411 
896	 0,186089481256133 
897	 0,187047064923751 
898	 0,186609904880814 
899	 0,185579783338688 
900	 0,185820547626503 
901	 0,186139936601612 
902	 0,186226833093381 
903	 0,186200929364904 
904	 0,186116100778416 
905	 0,186065349514255 
906	 0,186464004111701 
907	 0,186807834539989 
908	 0,18633580533636 
909	 0,185833842470425 
910	 0,185612147780968 
911	 0,186031103464152 
912	 0,186033431573264 
913	 0,18537362225792 
914	 0,185844079972645 
915	 0,186766825961849 
916	 0,187201273906591 
917	 0,187116690446991 
918	 0,186796091513977 
919	 0,187071691349976 
920	 0,186945411067071 
921	 0,186248372081604 
922	 0,185898081140745 
923	 0,185660052127554 
924	 0,185308407695013 
925	 0,184943520015668 
926	 0,184518627381089 
927	 0,183892527492253 
928	 0,184021885276127 
929	 0,184814431897585 
930	 0,184879816557871 
931	 0,184871660129199 
932	 0,185060335557869 
933	 0,184535768014867 
934	 0,183892075714143 
935	 0,183980727989733 
936	 0,183858953353371 
937	 0,183458193880491 
938	 0,183199664053207 
939	 0,182880696178313 
940	 0,182459418419267 
941	 0,18211923942341 
942	 0,181645550610719 
943	 0,180903473867899 
944	 0,18072347268012 
945	 0,18047047257417 
946	 0,178722191195733 
947	 0,177367319672058 
948	 0,176774838884131 
949	 0,176056788069514 
950	 0,175458750523201 
951	 0,175071589597683 
952	 0,174597346219954 
953	 0,174135197721814 
954	 0,173783574124948 
955	 0,171852653040082 
956	 0,169268825618406 
957	 0,169284376432655 
958	 0,169285736259186 
959	 0,168656683421212 
960	 0,168901070681806 
961	 0,169444179037767 
962	 0,169544064701643 
963	 0,167100293812509 
964	 0,164343617331821 
965	 0,165049594339852 
966	 0,166068575075779 
967	 0,166612687144276 
968	 0,166977253299146 
969	 0,166403309149766 
970	 0,165108580009362 
971	 0,166037414067666 
972	 0,166750222058386 
973	 0,165096692764423 
974	 0,164493787374983 
975	 0,165075041150671 
976	 0,165974803805541 
977	 0,167595174324537 
978	 0,169238341542809 
979	 0,168557271814281 
980	 0,166849971474746 
981	 0,165291549274683 
982	 0,166264166567911 
983	 0,167733386094487 
984	 0,167548257406382 
985	 0,16798112065254 
986	 0,168501392790109 
987	 0,167380973350255 
988	 0,166062486695442 
989	 0,165337020080685 
990	 0,166207892206402 
991	 0,167539036449752 
992	 0,168550066524465 
993	 0,168875539886977 
994	 0,169085021037074 
995	 0,169763444061299 
996	 0,169981258605857 
997	 0,170291327368116 
998	 0,172042937162485 
999	 0,17364832548347 
1000	 0,174552819797991 
1001	 0,175192380988241 
1002	 0,172726652725289 
1003	 0,167689078515891 
1004	 0,171566998004937 
1005	 0,17611155674188 
1006	 0,173127841318749 
1007	 0,172365081145952 
1008	 0,173743021879381 
1009	 0,174167120923049 
1010	 0,173796663130896 
1011	 0,173097366224029 
1012	 0,173340572028646 
1013	 0,175951171661372 
1014	 0,180175154864446 
1015	 0,179171181321707 
1016	 0,176953871896834 
1017	 0,177222324932083 
1018	 0,17851097125129 
1019	 0,178647388716322 
1020	 0,174891363907698 
1021	 0,173220243953809 
1022	 0,175189825414601 
1023	 0,181229734917373 
1024	 0,183266189287184 
1025	 0,180024247704597 
1026	 0,180121233907284 
1027	 0,182116379931234 
1028	 0,184345200043186 
1029	 0,1830147816781 
1030	 0,180372339402179 
1031	 0,17963323415325 
1032	 0,181358872248418 
1033	 0,184560777090742 
1034	 0,187130295833691 
1035	 0,18563289615528 
1036	 0,181841478980727 
1037	 0,186283234410071 
1038	 0,186385607732189 
1039	 0,178818569298965 
1040	 0,178676490035383 
1041	 0,181756716393913 
1042	 0,183764688962529 
1043	 0,185458505478105 
1044	 0,187313568783971 
1045	 0,189803088604783 
1046	 0,188727000422769 
1047	 0,185877754475449 
1048	 0,18731617628974 
1049	 0,189204952532535 
1050	 0,190534367734889 
1051	 0,193105606977455 
1052	 0,18992079663282 
1053	 0,181212030983729 
1054	 0,18835644261496 
1055	 0,194956938224031 
1056	 0,187207627765768 
1057	 0,186053912293645 
1058	 0,185663976902397 
1059	 0,174779424701129 
1060	 0,179365081566781 
1061	 0,192824515473119 
1062	 0,188820130195456 
1063	 0,189406847064691 
1064	 0,19737150367742 
1065	 0,199998682497195 
1066	 0,198353212986962 
1067	 0,1945676828252 
1068	 0,199223880325997 
1069	 0,197807964133516 
1070	 0,181682718025673 
1071	 0,172773578556943 
1072	 0,172771687707857 
1073	 0,179979186119692 
1074	 0,193279631541261 
1075	 0,202333794480722 
