Wavelength	NEUF00276.asd
325	 0,330283160435832 
326	 0,191549813146817 
327	 0,173568012323054 
328	 0,272873704088141 
329	 0,278530926963442 
330	 0,243310534367227 
331	 0,182059741681585 
332	 0,217880850577403 
333	 0,286952278922749 
334	 0,277153943889289 
335	 0,30293991001167 
336	 0,375929208251347 
337	 0,331710282040948 
338	 0,259826637977144 
339	 0,253697767892836 
340	 0,266450589614509 
341	 0,277015008200255 
342	 0,248286623300302 
343	 0,255679270387423 
344	 0,304292133434962 
345	 0,306228128280372 
346	 0,303140471815672 
347	 0,341036900168469 
348	 0,324925511805978 
349	 0,264465658099285 
350	 0,230720148381241 
351	 0,260461742755787 
352	 0,336972467790177 
353	 0,325503143344852 
354	 0,29142654277874 
355	 0,324435620266196 
356	 0,357500625141038 
357	 0,367065313416343 
358	 0,327806418498177 
359	 0,307412931271443 
360	 0,330857526079321 
361	 0,353980133300592 
362	 0,361362869459006 
363	 0,343917376745281 
364	 0,335628906421535 
365	 0,342202845903004 
366	 0,343830414055386 
367	 0,355383983289833 
368	 0,381780167297221 
369	 0,365799811871056 
370	 0,33963067820713 
371	 0,369413112618819 
372	 0,36564944453743 
373	 0,326564682584121 
374	 0,350472970726459 
375	 0,375585501462272 
376	 0,35716081864537 
377	 0,370561274318796 
378	 0,398284904373779 
379	 0,375937887417177 
380	 0,375199610982412 
381	 0,40863978585399 
382	 0,427400335912141 
383	 0,425788162842302 
384	 0,401476824597613 
385	 0,391293356621827 
386	 0,393916976571629 
387	 0,379402897958481 
388	 0,38064520263698 
389	 0,403449204300377 
390	 0,409141208460853 
391	 0,399516935607927 
392	 0,380738853230812 
393	 0,382542673246799 
394	 0,400560869473571 
395	 0,40332428872687 
396	 0,40027826406675 
397	 0,397683681071267 
398	 0,402930920197981 
399	 0,409218638471487 
400	 0,405035953295977 
401	 0,405134947243817 
402	 0,411347130298659 
403	 0,416033164340685 
404	 0,420244063952395 
405	 0,424392537199891 
406	 0,426765552729598 
407	 0,424253920173141 
408	 0,409918800506144 
409	 0,402994776138199 
410	 0,407075096130601 
411	 0,409733419687423 
412	 0,410682543547546 
413	 0,410442405097699 
414	 0,410733095500267 
415	 0,411745466065205 
416	 0,412230283030894 
417	 0,4167180391751 
418	 0,425210487254442 
419	 0,426988841474616 
420	 0,423548957848062 
421	 0,418115137380099 
422	 0,41207299835749 
423	 0,408220533725532 
424	 0,412985244301385 
425	 0,418963855591504 
426	 0,421214997315315 
427	 0,421131031867093 
428	 0,4189271184894 
429	 0,414145271278227 
430	 0,413106651022318 
431	 0,416398168623294 
432	 0,417093649674798 
433	 0,417261808529362 
434	 0,418840158616122 
435	 0,419464123864264 
436	 0,418317890337237 
437	 0,413576196598321 
438	 0,412898788994436 
439	 0,417722798487915 
440	 0,415996417188069 
441	 0,41268398133591 
442	 0,415346229235705 
443	 0,418389234424074 
444	 0,419728800408227 
445	 0,416673543298942 
446	 0,415706100876512 
447	 0,420412805856996 
448	 0,425258516413296 
449	 0,427631665652388 
450	 0,424105519923842 
451	 0,422400636761045 
452	 0,423774912801417 
453	 0,420814953559035 
454	 0,41952751513797 
455	 0,425301155733835 
456	 0,427534820792091 
457	 0,426977119878152 
458	 0,431964191878998 
459	 0,433075613688599 
460	 0,427796703601233 
461	 0,426331320964237 
462	 0,427889732607015 
463	 0,430009198722233 
464	 0,432007966896917 
465	 0,433046175465985 
466	 0,431719175313854 
467	 0,429475824757997 
468	 0,42766132535879 
469	 0,429195603141731 
470	 0,431890108868828 
471	 0,430436415946239 
472	 0,430592778233502 
473	 0,433265278278632 
474	 0,433777415181446 
475	 0,433170741980003 
476	 0,432799674053518 
477	 0,434229572845072 
478	 0,436599586044196 
479	 0,436695655053968 
480	 0,436538225770602 
481	 0,436965872988735 
482	 0,436992829155361 
483	 0,43670132426047 
484	 0,436349842955191 
485	 0,435529866609008 
486	 0,434876512026596 
487	 0,437158890784056 
488	 0,438728847204691 
489	 0,437112286611477 
490	 0,437391624218738 
491	 0,438699512950051 
492	 0,436747025199051 
493	 0,436937139076548 
494	 0,44000944588902 
495	 0,4392427026385 
496	 0,437674037178204 
497	 0,43921107421737 
498	 0,440470572642872 
499	 0,440852475034448 
500	 0,441082987610068 
501	 0,440703891813231 
502	 0,439753766119847 
503	 0,440270114880523 
504	 0,44206816224683 
505	 0,444586902642634 
506	 0,444857964292077 
507	 0,443310883565964 
508	 0,44611703908096 
509	 0,449462252406168 
510	 0,449767686980356 
511	 0,450102908228817 
512	 0,45088651543399 
513	 0,451689974233829 
514	 0,452303739667138 
515	 0,452808028678015 
516	 0,454477427560327 
517	 0,456118882805941 
518	 0,455944459656157 
519	 0,45616241642286 
520	 0,456984938510432 
521	 0,456845020334626 
522	 0,457125717260166 
523	 0,458617783412163 
524	 0,458378663755327 
525	 0,457175125633035 
526	 0,457809961720776 
527	 0,458150834028781 
528	 0,457753471650127 
529	 0,458288962184452 
530	 0,458731378237441 
531	 0,457821636370932 
532	 0,458259030779968 
533	 0,459685321382088 
534	 0,458913202538623 
535	 0,458496769751625 
536	 0,459621596129507 
537	 0,458829404942426 
538	 0,457123320280033 
539	 0,457133866773472 
540	 0,457424096757351 
541	 0,457613361427625 
542	 0,457899640751104 
543	 0,458393723528483 
544	 0,459170044686206 
545	 0,459698190388853 
546	 0,459824393510011 
547	 0,459356434167529 
548	 0,459412852952392 
549	 0,460344139750823 
550	 0,46024265818815 
551	 0,459938160359647 
552	 0,461086054636955 
553	 0,461510490390558 
554	 0,460990951856791 
555	 0,461440362459614 
556	 0,461392853632513 
557	 0,459755651174268 
558	 0,45921240804615 
559	 0,459381147384086 
560	 0,457900527950507 
561	 0,457077016632477 
562	 0,457493627995818 
563	 0,456786630042946 
564	 0,455424913884288 
565	 0,454285445294655 
566	 0,454605374095053 
567	 0,4561556657399 
568	 0,456807612364193 
569	 0,457633544280685 
570	 0,459259611464884 
571	 0,460140181679109 
572	 0,460683368769073 
573	 0,462233835658675 
574	 0,464224453354092 
575	 0,46634963521382 
576	 0,468050363414736 
577	 0,469560511789183 
578	 0,471191018553227 
579	 0,472318127628402 
580	 0,473139605201626 
581	 0,474645583933325 
582	 0,476204139426316 
583	 0,477596272528439 
584	 0,480089003732415 
585	 0,482720149367417 
586	 0,483575490687369 
587	 0,484219355636594 
588	 0,485216421686284 
589	 0,486752480245404 
590	 0,488253287620959 
591	 0,489163890158828 
592	 0,489527882937178 
593	 0,489632201061625 
594	 0,490085244559745 
595	 0,491105523420755 
596	 0,492599363516418 
597	 0,493245411282504 
598	 0,493150740745903 
599	 0,492680260122846 
600	 0,492877335418042 
601	 0,493567603711927 
602	 0,492816937835842 
603	 0,491516041692286 
604	 0,490475625338771 
605	 0,49010876189025 
606	 0,490232281545388 
607	 0,490289254963382 
608	 0,489885792828735 
609	 0,488902425237084 
610	 0,487956628525184 
611	 0,486827776877385 
612	 0,485176203540822 
613	 0,485014442587558 
614	 0,485994900995435 
615	 0,48524693083549 
616	 0,484392357141556 
617	 0,484366115110143 
618	 0,483663595625581 
619	 0,482751657640988 
620	 0,482920580573351 
621	 0,483411450202319 
622	 0,483760084029574 
623	 0,483001158761004 
624	 0,482324855139545 
625	 0,482970217102762 
626	 0,483623214127252 
627	 0,484034010560073 
628	 0,484452696573694 
629	 0,484427362089416 
630	 0,483912903105719 
631	 0,484205327419887 
632	 0,48523705469286 
633	 0,486663641117441 
634	 0,48763210002263 
635	 0,488056764836713 
636	 0,48882550803874 
637	 0,489974245665601 
638	 0,491472312832049 
639	 0,492855155468704 
640	 0,493874635377819 
641	 0,49413080209978 
642	 0,494637815011272 
643	 0,49570830488416 
644	 0,496404173790404 
645	 0,496731394158598 
646	 0,496817260624429 
647	 0,497155560384502 
648	 0,497530779268306 
649	 0,496741593239929 
650	 0,495763820662543 
651	 0,495162079249938 
652	 0,493637810952583 
653	 0,491692842606745 
654	 0,49066781865501 
655	 0,489791278574588 
656	 0,488650003553703 
657	 0,486556854970526 
658	 0,484258792176771 
659	 0,482547985418182 
660	 0,480806280326974 
661	 0,478839670714657 
662	 0,476469470971113 
663	 0,474022230375234 
664	 0,471716619799993 
665	 0,469601048031542 
666	 0,467833441594841 
667	 0,466629565469712 
668	 0,465654276985955 
669	 0,464703251285243 
670	 0,46344732299217 
671	 0,462308396779728 
672	 0,461647431357027 
673	 0,461444161566909 
674	 0,461453477802523 
675	 0,461139261274427 
676	 0,460810933909128 
677	 0,460588572816354 
678	 0,460440247199101 
679	 0,460608679551469 
680	 0,461362688211667 
681	 0,461750229511029 
682	 0,462023206437139 
683	 0,463633193169437 
684	 0,46586117188851 
685	 0,468278581305827 
686	 0,471027768563239 
687	 0,474157289080943 
688	 0,477714645481292 
689	 0,481759797247455 
690	 0,486366356780912 
691	 0,49169286724859 
692	 0,497545817757766 
693	 0,503732166326266 
694	 0,510309783456943 
695	 0,517488635023133 
696	 0,525807302499538 
697	 0,534252258948547 
698	 0,542329553477175 
699	 0,550132310703742 
700	 0,55789008725881 
701	 0,56584679784812 
702	 0,573486580897096 
703	 0,580607858133165 
704	 0,587033710995641 
705	 0,593159761339612 
706	 0,599222611860728 
707	 0,604881001802432 
708	 0,610222158153541 
709	 0,61550337782481 
710	 0,620197308742785 
711	 0,624167788271692 
712	 0,627635723870826 
713	 0,630763701823088 
714	 0,633709193328224 
715	 0,636628685773289 
716	 0,63943124253096 
717	 0,641802475766628 
718	 0,643940898629676 
719	 0,645954249949241 
720	 0,647930227959476 
721	 0,649762088204368 
722	 0,651309352438262 
723	 0,652777556448143 
724	 0,654136572123511 
725	 0,655056582947232 
726	 0,656064263597067 
727	 0,657409255028273 
728	 0,65825167791848 
729	 0,658827146063213 
730	 0,659761708364499 
731	 0,660616784284503 
732	 0,661240483496119 
733	 0,661622768102739 
734	 0,661754489526998 
735	 0,661663716058538 
736	 0,661694803483289 
737	 0,66199638129715 
738	 0,662796675691409 
739	 0,66335800485998 
740	 0,663466110084327 
741	 0,663811438324815 
742	 0,664164416022277 
743	 0,66420883913866 
744	 0,664626128286262 
745	 0,665152026988985 
746	 0,664404523080945 
747	 0,66403019341599 
748	 0,664808318471807 
749	 0,665458401254377 
750	 0,665792904898919 
751	 0,665785440783714 
752	 0,66561768558006 
753	 0,665391811328207 
754	 0,665159604353244 
755	 0,66512495840546 
756	 0,66540942906106 
757	 0,665671664521828 
758	 0,665864936209207 
759	 0,666039877973138 
760	 0,666101502531816 
761	 0,666043438372333 
762	 0,665970616708978 
763	 0,665960923454267 
764	 0,666073649527529 
765	 0,666182615535088 
766	 0,666218249241645 
767	 0,666062723302898 
768	 0,665965067765749 
769	 0,666014728301821 
770	 0,666033403318297 
771	 0,666124212345921 
772	 0,666411469490673 
773	 0,666203461597549 
774	 0,66572145899403 
775	 0,666211838272991 
776	 0,666304498788137 
777	 0,665508225169651 
778	 0,665720706718429 
779	 0,666361065391598 
780	 0,666282827808211 
781	 0,665946431812966 
782	 0,665561056877432 
783	 0,665437972843385 
784	 0,665469849242009 
785	 0,66554025770496 
786	 0,665265596779927 
787	 0,665031408508414 
788	 0,665662073853453 
789	 0,665680802770983 
790	 0,664998156253727 
791	 0,665283121734255 
792	 0,665567537371375 
793	 0,665074542033938 
794	 0,664415505869925 
795	 0,664015327024355 
796	 0,664573458926577 
797	 0,66498869952471 
798	 0,664901470729937 
799	 0,664640576346634 
800	 0,664492020362649 
801	 0,664651460739405 
802	 0,664093476449716 
803	 0,663223263067328 
804	 0,66353112466171 
805	 0,663996014504406 
806	 0,664253753714513 
807	 0,66450498058408 
808	 0,664703520594484 
809	 0,664773636887961 
810	 0,664133198006001 
811	 0,66332982959747 
812	 0,664224135737441 
813	 0,66493394165859 
814	 0,664705815301171 
815	 0,664318154200118 
816	 0,664019571543714 
817	 0,664026240519881 
818	 0,664374900746387 
819	 0,664871604580474 
820	 0,665004494422292 
821	 0,664805952321993 
822	 0,664401237335899 
823	 0,66446194527635 
824	 0,664827127168966 
825	 0,665188139741545 
826	 0,665395555367495 
827	 0,66537389616039 
828	 0,665069641608398 
829	 0,664788488018151 
830	 0,664662701344388 
831	 0,664218879976065 
832	 0,664072181263265 
833	 0,665091469231285 
834	 0,665249274188967 
835	 0,664524457236578 
836	 0,664643018761786 
837	 0,664846399477212 
838	 0,66472722784989 
839	 0,664420676372306 
840	 0,664013181600344 
841	 0,663606173279204 
842	 0,663685254514897 
843	 0,664090714290688 
844	 0,663887298049181 
845	 0,663557889953358 
846	 0,663401524073394 
847	 0,663448995162995 
848	 0,663769237655799 
849	 0,664439272635216 
850	 0,664540816853863 
851	 0,664089631823242 
852	 0,663972487129293 
853	 0,663999248562552 
854	 0,664021184584114 
855	 0,663672399443943 
856	 0,663237691858712 
857	 0,663156575799082 
858	 0,662998461970793 
859	 0,66270959836801 
860	 0,662385739315951 
861	 0,662442171684281 
862	 0,66301806758342 
863	 0,663491292549015 
864	 0,663676898838214 
865	 0,663455824008184 
866	 0,663527452996352 
867	 0,66383001651366 
868	 0,663613294185336 
869	 0,663343805866225 
870	 0,66324182029766 
871	 0,663143622997545 
872	 0,663204710642625 
873	 0,663606988470978 
874	 0,664006803494284 
875	 0,664243791550239 
876	 0,664169214858893 
877	 0,663850299978327 
878	 0,663462453344565 
879	 0,6637043529317 
880	 0,664137186813958 
881	 0,664202067478801 
882	 0,663393527372448 
883	 0,662419194532075 
884	 0,663370612553742 
885	 0,664504986942203 
886	 0,665021806330462 
887	 0,664520856327103 
888	 0,663669531208979 
889	 0,663153271050622 
890	 0,662927329527603 
891	 0,662994136340537 
892	 0,663423180843565 
893	 0,663024732492558 
894	 0,661931604618173 
895	 0,662543917595029 
896	 0,663674039544099 
897	 0,664233318889531 
898	 0,663879825079094 
899	 0,663242545497302 
900	 0,663568592671375 
901	 0,663506539302735 
902	 0,663001590779752 
903	 0,663370812995128 
904	 0,663492351104866 
905	 0,662861722977007 
906	 0,663329106713021 
907	 0,664038507824274 
908	 0,663484887766302 
909	 0,663855649184417 
910	 0,664941723731353 
911	 0,664369618599719 
912	 0,663783502305627 
913	 0,663863596376618 
914	 0,663679037907904 
915	 0,663468449120257 
916	 0,663548997048672 
917	 0,663315868086014 
918	 0,663021851593841 
919	 0,663637912641498 
920	 0,664152380425805 
921	 0,66417117610757 
922	 0,663672444912678 
923	 0,663364571320503 
924	 0,663717758287823 
925	 0,663206939579983 
926	 0,662235578197345 
927	 0,661935186541078 
928	 0,662156981537434 
929	 0,662451747531603 
930	 0,66121661410451 
931	 0,660456155520432 
932	 0,661158393058579 
933	 0,661194250456126 
934	 0,661381317599788 
935	 0,662958789448832 
936	 0,662425683671356 
937	 0,660303453850704 
938	 0,660244007364848 
939	 0,66055203028829 
940	 0,660578538030327 
941	 0,660274969120718 
942	 0,659584817300748 
943	 0,658629253900707 
944	 0,659002338372489 
945	 0,660003241444901 
946	 0,65987015459236 
947	 0,659212208648041 
948	 0,658300534794943 
949	 0,657511355510082 
950	 0,656857182809899 
951	 0,656338258738357 
952	 0,655879588366807 
953	 0,655130820784095 
954	 0,653792270292705 
955	 0,654316836403978 
956	 0,655729214049794 
957	 0,654125553617873 
958	 0,652919790413461 
959	 0,653207550546562 
960	 0,654305927338586 
961	 0,65486252923747 
962	 0,653878190501801 
963	 0,651850136329803 
964	 0,650488037088184 
965	 0,652158684591014 
966	 0,654126578515939 
967	 0,654896285655423 
968	 0,652231216237832 
969	 0,649945232616811 
970	 0,649692194519932 
971	 0,649940932065928 
972	 0,65066895303749 
973	 0,651782093578789 
974	 0,651971045092405 
975	 0,651659961599679 
976	 0,652023946639124 
977	 0,65267831582243 
978	 0,65314922942493 
979	 0,652206604532114 
980	 0,650888913147125 
981	 0,649932934147109 
982	 0,650017920473563 
983	 0,650821307812712 
984	 0,651772786832185 
985	 0,650753156854733 
986	 0,649369583045843 
987	 0,651548136907878 
988	 0,65194225811968 
989	 0,650066489014972 
990	 0,649780470598407 
991	 0,651199406665573 
992	 0,653911609892048 
993	 0,655166834930315 
994	 0,655335659596965 
995	 0,655041402678225 
996	 0,65328632353468 
997	 0,651901220962725 
998	 0,654616719872083 
999	 0,655682398279312 
1000	 0,654441125423114 
1001	 0,655090125562062 
1002	 0,655149946479829 
1003	 0,653958279115938 
1004	 0,655043402176263 
1005	 0,656774732420041 
1006	 0,657237908860371 
1007	 0,656111574503943 
1008	 0,654056429347982 
1009	 0,652346688470973 
1010	 0,652105556934839 
1011	 0,653521466430981 
1012	 0,655945755011883 
1013	 0,658505936389635 
1014	 0,660368223651083 
1015	 0,660482797044678 
1016	 0,65976983373683 
1017	 0,659087839153948 
1018	 0,658102188783425 
1019	 0,657197277242731 
1020	 0,656924401013424 
1021	 0,657025646829983 
1022	 0,657699658563232 
1023	 0,659609982002881 
1024	 0,662146474990071 
1025	 0,664015269817053 
1026	 0,661626541183986 
1027	 0,656837918805789 
1028	 0,651910960679341 
1029	 0,651751574731733 
1030	 0,655026339660125 
1031	 0,659063939984437 
1032	 0,659108480876823 
1033	 0,656954630395784 
1034	 0,658554270248328 
1035	 0,65607818137501 
1036	 0,650952882859722 
1037	 0,65560847163875 
1038	 0,660485427693474 
1039	 0,661204338708433 
1040	 0,660060002736806 
1041	 0,657984144694538 
1042	 0,656467458067918 
1043	 0,661180411087936 
1044	 0,666854169007272 
1045	 0,665267574707678 
1046	 0,659707087635286 
1047	 0,654436753496642 
1048	 0,657023799702411 
1049	 0,661123824317961 
1050	 0,662677240676796 
1051	 0,654661971031965 
1052	 0,650596192885268 
1053	 0,656509636122181 
1054	 0,663867946836323 
1055	 0,667219415207076 
1056	 0,662779929258624 
1057	 0,657840944240707 
1058	 0,653487697444653 
1059	 0,649432195391272 
1060	 0,650517249134616 
1061	 0,654129585832238 
1062	 0,652238560571567 
1063	 0,654533247128905 
1064	 0,660350651096398 
1065	 0,657863844868436 
1066	 0,651281300310243 
1067	 0,64545847054228 
1068	 0,654480045930688 
1069	 0,660578653948097 
1070	 0,650959825855944 
1071	 0,636735067483334 
1072	 0,63451753296589 
1073	 0,65945036547693 
1074	 0,66907653738949 
1075	 0,661196485015351 
