Wavelength	NEUF00475.asd
325	-8,44000782932081E-02 
326	-0,286014685873 
327	-0,230070451833845 
328	 2,66648324850243E-02 
329	 0,132516430125466 
330	 0,108173393438973 
331	-0,127667884777559 
332	-0,121549938626263 
333	 3,47804872874614E-02 
334	 6,50430152487491E-03 
335	 1,58509264055216E-03 
336	 5,02676430331842E-02 
337	-1,54839533741629E-02 
338	-8,63074215767533E-02 
339	-6,10649571531367E-02 
340	-1,24422453623888E-02 
341	 0,033314670115233 
342	 1,90879553637168E-02 
343	 5,05394418620607E-02 
344	 0,13392704273617 
345	 9,68813101877036E-02 
346	 2,44222989320802E-02 
347	 1,21591217868594E-02 
348	-1,31814735313278E-02 
349	-3,90776292442573E-02 
350	 7,65388014568628E-03 
351	 5,45089495493186E-02 
352	 0,07016886637224 
353	 3,31737374578459E-02 
354	-1,11552096815303E-02 
355	-3,88695460343951E-03 
356	 5,80771271567366E-03 
357	 6,12214359915858E-03 
358	-3,19638397457747E-03 
359	-1,30679446588005E-02 
360	-1,98949720179509E-02 
361	-2,47093476198727E-02 
362	-1,63271295429378E-02 
363	 2,10244102155269E-02 
364	 0,04543993442335 
365	 4,55270681317132E-02 
366	 3,68412876961808E-02 
367	 2,55531150364041E-02 
368	 0,016129811711472 
369	 0,01121701146999 
370	 1,35835461761192E-02 
371	 0,027124909241182 
372	 2,42229674546727E-02 
373	 4,61688680375874E-03 
374	 2,19728644760941E-03 
375	 9,04855123641414E-04 
376	-9,28915690702927E-03 
377	 9,55456538690635E-03 
378	 4,02747580337093E-02 
379	 3,55429090970316E-02 
380	 3,32071557489905E-02 
381	 4,29257419295735E-02 
382	 5,44203775095509E-02 
383	 5,03160101051841E-02 
384	 1,66058162756449E-02 
385	 9,02652234123559E-03 
386	 0,025254847772609 
387	 2,88829154029155E-02 
388	 2,72193082272451E-02 
389	 2,22565207861474E-02 
390	 1,35968547289856E-02 
391	 3,95003402504556E-03 
392	-2,79528015844742E-03 
393	 7,0937699102723E-03 
394	 2,42165158757855E-02 
395	 1,34275699757451E-02 
396	 4,27005820147823E-03 
397	 1,12347916534508E-02 
398	 1,67011996158576E-02 
399	 1,75609011936422E-02 
400	 1,12994058091349E-02 
401	 1,28371415131023E-02 
402	 2,26718850139749E-02 
403	 0,027986374373409 
404	 3,14529964003696E-02 
405	 3,45214053011984E-02 
406	 3,23775173418297E-02 
407	 2,59844549384264E-02 
408	 0,017635553124801 
409	 1,37209144451896E-02 
410	 1,44284198553094E-02 
411	 1,04317153582952E-02 
412	 6,61167391111772E-03 
413	 7,96688901817946E-03 
414	 1,58561858469744E-02 
415	 2,43662267533672E-02 
416	 1,84344764978714E-02 
417	 1,48597793007039E-02 
418	 1,91558699241174E-02 
419	 1,87557671133143E-02 
420	 1,68679096577678E-02 
421	 1,88937266828443E-02 
422	 1,41355225101278E-02 
423	 5,23093355132945E-03 
424	 7,74750601675282E-03 
425	 1,25562573677977E-02 
426	 1,40387832879382E-02 
427	 1,62356077221803E-02 
428	 1,76273152159996E-02 
429	 1,42407483938316E-02 
430	 1,64010164596447E-02 
431	 2,34837426055181E-02 
432	 1,89250345650982E-02 
433	 1,25245392983174E-02 
434	 1,33794902587655E-02 
435	 1,52455854486651E-02 
436	 1,60447492168382E-02 
437	 1,27899111182585E-02 
438	 1,29390719238024E-02 
439	 0,017829333946498 
440	 1,61740430032283E-02 
441	 1,18319104096741E-02 
442	 1,09194766185484E-02 
443	 0,011481327326812 
444	 1,27010383034278E-02 
445	 0,013054975329199 
446	 1,37291337518865E-02 
447	 1,54110566129362E-02 
448	 1,77525885127701E-02 
449	 1,92659981471647E-02 
450	 1,72790918138893E-02 
451	 1,58068467728797E-02 
452	 1,59161342062259E-02 
453	 1,59344948431728E-02 
454	 1,56509163322949E-02 
455	 1,49210803594022E-02 
456	 0,013181127503075 
457	 1,18571089506562E-02 
458	 1,52081053610063E-02 
459	 1,71880948709339E-02 
460	 1,57829284112544E-02 
461	 1,60681133874298E-02 
462	 0,01741969784352 
463	 1,83745416201073E-02 
464	 1,74298872540364E-02 
465	 1,53124016638733E-02 
466	 1,63188759967114E-02 
467	 1,58916894849882E-02 
468	 1,17782892578054E-02 
469	 1,24302659252378E-02 
470	 1,60297630235748E-02 
471	 1,66822046100204E-02 
472	 1,64255995018998E-02 
473	 0,015755403168778 
474	 1,46239371728733E-02 
475	 0,013171014508313 
476	 1,16714802352494E-02 
477	 1,40881142627898E-02 
478	 1,83355985506581E-02 
479	 1,68002417609747E-02 
480	 1,45521579651654E-02 
481	 0,014028591584784 
482	 1,46914590293118E-02 
483	 1,47496066208382E-02 
484	 1,14900480637519E-02 
485	 1,24126480112947E-02 
486	 1,71587037966585E-02 
487	 1,66720546765799E-02 
488	 1,44398478310539E-02 
489	 1,33714594290474E-02 
490	 1,40613049311957E-02 
491	 1,55155857232469E-02 
492	 1,50810957202946E-02 
493	 1,50332840326071E-02 
494	 1,58592527645204E-02 
495	 0,016000567684269 
496	 0,015386350274076 
497	 1,41002009489445E-02 
498	 1,39440583941085E-02 
499	 0,014818289891955 
500	 0,015065154272298 
501	 1,49884597290548E-02 
502	 0,014864370461945 
503	 1,55936326031304E-02 
504	 1,66899539629261E-02 
505	 1,71821015689972E-02 
506	 1,70923689692834E-02 
507	 1,66233350328885E-02 
508	 1,67063660179317E-02 
509	 1,67869649522164E-02 
510	 1,63376274618587E-02 
511	 1,55714816344484E-02 
512	 1,49091375262842E-02 
513	 1,53215151745047E-02 
514	 1,55836173909709E-02 
515	 0,015365189515613 
516	 0,016411211966824 
517	 1,73929004973684E-02 
518	 1,62732795314774E-02 
519	 0,015572729878925 
520	 1,56918201088379E-02 
521	 1,53580305654983E-02 
522	 1,54067988327094E-02 
523	 1,63471967749342E-02 
524	 1,68538842673145E-02 
525	 1,68369221635457E-02 
526	 1,65948200244903E-02 
527	 1,63056840609689E-02 
528	 1,62227559431017E-02 
529	 1,72248447227651E-02 
530	 1,78472316895265E-02 
531	 1,64198065888207E-02 
532	 1,65921535872068E-02 
533	 1,80199724715819E-02 
534	 1,67704993986787E-02 
535	 1,59223574694745E-02 
536	 1,70179517538961E-02 
537	 1,68901486557047E-02 
538	 1,57913814982194E-02 
539	 0,014858474121026 
540	 0,014874426050928 
541	 1,57285148477088E-02 
542	 1,53891805720123E-02 
543	 1,50503896740691E-02 
544	 1,59051298171429E-02 
545	 1,61828167778369E-02 
546	 1,59319941673271E-02 
547	 1,63412762635344E-02 
548	 1,67256865318754E-02 
549	 1,67022884664056E-02 
550	 1,59134181985447E-02 
551	 1,53092821030171E-02 
552	 1,64037445300006E-02 
553	 1,73714930271736E-02 
554	 1,76617884656897E-02 
555	 1,75764638674242E-02 
556	 1,69554220951674E-02 
557	 1,57924026166559E-02 
558	 1,57091298267142E-02 
559	 0,016374858960011 
560	 1,62646034865133E-02 
561	 1,56668513007347E-02 
562	 1,49250571812844E-02 
563	 1,56156017239374E-02 
564	 1,65202828832006E-02 
565	 1,58700851000462E-02 
566	 1,57273885845454E-02 
567	 1,62903428328226E-02 
568	 1,63591017055167E-02 
569	 1,61970576805265E-02 
570	 1,60426198069514E-02 
571	 1,63566067026353E-02 
572	 1,68843834414271E-02 
573	 1,68831717786736E-02 
574	 1,70550991917973E-02 
575	 1,75574903861194E-02 
576	 1,78489206434836E-02 
577	 1,81461115820392E-02 
578	 1,87179260416806E-02 
579	 1,87764364374129E-02 
580	 1,84870378240544E-02 
581	 1,89783466092492E-02 
582	 1,93190994154844E-02 
583	 1,90481013749158E-02 
584	 1,90215188056273E-02 
585	 1,90199229587474E-02 
586	 1,83966363009632E-02 
587	 1,84196029133012E-02 
588	 1,91863587360246E-02 
589	 1,92842859084341E-02 
590	 0,019180921650624 
591	 1,93577139774832E-02 
592	 1,94578754546801E-02 
593	 1,94959785895188E-02 
594	 1,96851673599848E-02 
595	 1,98578285770576E-02 
596	 1,99532081568657E-02 
597	 2,01639641510674E-02 
598	 2,03000806312397E-02 
599	 2,00469410657907E-02 
600	 1,99554623203915E-02 
601	 2,00744745134757E-02 
602	 1,99385168844074E-02 
603	 1,97468811354278E-02 
604	 1,96567010595813E-02 
605	 1,95071678440871E-02 
606	 1,93194222821361E-02 
607	 1,91755060643198E-02 
608	 1,92093313472429E-02 
609	 1,93651404605005E-02 
610	 1,90187544656459E-02 
611	 1,85073714193103E-02 
612	 1,83064018583929E-02 
613	 1,86367987400636E-02 
614	 1,91610727627236E-02 
615	 1,85856035336308E-02 
616	 1,79440595451759E-02 
617	 0,01786520582058 
618	 1,74820512815379E-02 
619	 0,017219764059552 
620	 1,82184585312887E-02 
621	 1,87268463216673E-02 
622	 1,82869521443102E-02 
623	 1,78113221335075E-02 
624	 1,75390615423947E-02 
625	 1,76527818101071E-02 
626	 0,017981876984571 
627	 0,018294468040192 
628	 0,018069512935829 
629	 0,017856888731233 
630	 1,79559486540507E-02 
631	 1,82573702521116E-02 
632	 1,85913782652351E-02 
633	 1,86923394473433E-02 
634	 1,90662715923663E-02 
635	 1,97363246483363E-02 
636	 2,02185965176706E-02 
637	 2,04345091227234E-02 
638	 2,03575966943641E-02 
639	 2,03731300156175E-02 
640	 2,04992550539821E-02 
641	 0,020591896677881 
642	 2,05022090457392E-02 
643	 2,02921939464462E-02 
644	 2,07394786412954E-02 
645	 0,021349474539013 
646	 2,13992232484969E-02 
647	 2,13677747578635E-02 
648	 2,13164363869071E-02 
649	 2,09754502086941E-02 
650	 2,08929398996173E-02 
651	 0,021386038749779 
652	 0,021862325980911 
653	 2,18978556319042E-02 
654	 0,02081288303605 
655	 1,98965121759999E-02 
656	 1,95884392976824E-02 
657	 0,019542940450706 
658	 0,019314428940545 
659	 1,85101872378605E-02 
660	 0,018510022113082 
661	 1,90365659645599E-02 
662	 1,83869777703103E-02 
663	 1,78058813128264E-02 
664	 1,78351533435048E-02 
665	 1,75700541789751E-02 
666	 1,72031874651229E-02 
667	 1,72092563502718E-02 
668	 1,68019018094949E-02 
669	 1,61017630201741E-02 
670	 1,64833200028083E-02 
671	 1,68928371629512E-02 
672	 1,64971745664942E-02 
673	 1,61635629582622E-02 
674	 0,016066204220739 
675	 1,62906616708606E-02 
676	 1,63711500089277E-02 
677	 1,61450454321213E-02 
678	 1,57687043749389E-02 
679	 1,57563906090353E-02 
680	 1,66690070521219E-02 
681	 1,68347718168727E-02 
682	 1,63539634265673E-02 
683	 1,69111684351037E-02 
684	 1,76065327558854E-02 
685	 1,78683708935979E-02 
686	 1,75754012760124E-02 
687	 0,017295363393909 
688	 1,80376272666864E-02 
689	 1,89660670682677E-02 
690	 1,97881611067383E-02 
691	 2,04105520355386E-02 
692	 2,12252194724861E-02 
693	 2,25705117186485E-02 
694	 2,39962467813433E-02 
695	 2,56443009993747E-02 
696	 2,79750250467202E-02 
697	 3,10945850140604E-02 
698	 0,03482296600767 
699	 3,78204089758395E-02 
700	 4,07689592942032E-02 
701	 4,46791498069782E-02 
702	 4,91900214525022E-02 
703	 5,40823497565321E-02 
704	 5,89739407813497E-02 
705	 6,38104693248326E-02 
706	 6,85209645260247E-02 
707	 7,29583944744966E-02 
708	 0,077279021973344 
709	 8,17765572982684E-02 
710	 8,63251898361751E-02 
711	 9,08253188974287E-02 
712	 9,50629939277809E-02 
713	 9,90246563932538E-02 
714	 0,102716592926287 
715	 0,106182748079715 
716	 0,109525401422982 
717	 0,113005968244489 
718	 0,116244576430581 
719	 0,119086032536513 
720	 0,121676443834119 
721	 0,124051712708735 
722	 0,126247202358059 
723	 0,128481283840219 
724	 0,130729252504139 
725	 0,132706898016433 
726	 0,134551521705528 
727	 0,136280248912879 
728	 0,137325439702855 
729	 0,138182786492426 
730	 0,139853352720087 
731	 0,141386555573455 
732	 0,142538524841015 
733	 0,143631643911041 
734	 0,144585487065749 
735	 0,145344319671937 
736	 0,146221638245638 
737	 0,147159716737797 
738	 0,147908457174716 
739	 0,148320693252455 
740	 0,14851240617039 
741	 0,149509371898444 
742	 0,150545670007078 
743	 0,150665748983035 
744	 0,150880318717811 
745	 0,151378472996376 
746	 0,151969677592422 
747	 0,152596780869805 
748	 0,153200285605371 
749	 0,153709997638711 
750	 0,154054746113112 
751	 0,154119629838352 
752	 0,154727121799707 
753	 0,15575377475024 
754	 0,155825792763156 
755	 0,155757212559604 
756	 0,156140331008239 
757	 0,156513693915666 
758	 0,156822771577763 
759	 0,157100523428695 
760	 0,157302994582747 
761	 0,157452523136917 
762	 0,157692833340438 
763	 0,15800475645577 
764	 0,158362325505675 
765	 0,158810629116352 
766	 0,159215520392092 
767	 0,159210811624755 
768	 0,159258187410069 
769	 0,15951025767957 
770	 0,159610892947318 
771	 0,159817188238824 
772	 0,160441768455042 
773	 0,160506628648213 
774	 0,160219485676312 
775	 0,1609865264087 
776	 0,161488083868558 
777	 0,161158561211695 
778	 0,161153767127558 
779	 0,161538352269116 
780	 0,162218276832076 
781	 0,16229460836473 
782	 0,161864382949911 
783	 0,162250213490834 
784	 0,162687663253937 
785	 0,162689108766695 
786	 0,16265009289627 
787	 0,162754877997089 
788	 0,163244517164743 
789	 0,163573390622727 
790	 0,163618573676055 
791	 0,163693290302116 
792	 0,163667888906271 
793	 0,163475575451292 
794	 0,163531919510159 
795	 0,163875020178929 
796	 0,164490884574317 
797	 0,16463012844367 
798	 0,164237848972697 
799	 0,164398532838499 
800	 0,164919419157529 
801	 0,165532167011387 
802	 0,165860957608149 
803	 0,165913983457502 
804	 0,165888144693836 
805	 0,166114042745516 
806	 0,166641342128768 
807	 0,166935432422114 
808	 0,166989737324245 
809	 0,166852462028073 
810	 0,166627253125903 
811	 0,166555126646322 
812	 0,167240721232385 
813	 0,167650422073794 
814	 0,167482743535544 
815	 0,167939207855019 
816	 0,168356358755623 
817	 0,167878393822471 
818	 0,168312920173628 
819	 0,169362281486763 
820	 0,168874922573316 
821	 0,168349435478438 
822	 0,16851662181264 
823	 0,169142253827793 
824	 0,169729964493021 
825	 0,169684548558261 
826	 0,169672762106896 
827	 0,169850933840618 
828	 0,170222601314508 
829	 0,170277729680937 
830	 0,169868667295537 
831	 0,169928413735128 
832	 0,17038389304603 
833	 0,170981521345797 
834	 0,171077437887797 
835	 0,170755757247176 
836	 0,170836375746344 
837	 0,171308510066914 
838	 0,172026536202288 
839	 0,171986687515131 
840	 0,171611293378166 
841	 0,171658075209167 
842	 0,171649109380186 
843	 0,171572343004114 
844	 0,171726957014202 
845	 0,171975919004892 
846	 0,172186204413337 
847	 0,172027610522018 
848	 0,171784453218168 
849	 0,17189921246122 
850	 0,172286298141382 
851	 0,172790198714961 
852	 0,173051835132637 
853	 0,172974889101225 
854	 0,172617251769451 
855	 0,172728303408357 
856	 0,173151377424393 
857	 0,17354560800953 
858	 0,173305362036881 
859	 0,172688601055406 
860	 0,173077761575835 
861	 0,173320849432361 
862	 0,172947757223886 
863	 0,172989134826099 
864	 0,17348804574925 
865	 0,174333679618547 
866	 0,174436000773923 
867	 0,173849838943331 
868	 0,173537687129857 
869	 0,173715382632325 
870	 0,17439173011854 
871	 0,174720036886653 
872	 0,17492148881738 
873	 0,175342992965729 
874	 0,175070429264946 
875	 0,174453769614442 
876	 0,175070034405695 
877	 0,175536245199931 
878	 0,175404196078609 
879	 0,175729416295556 
880	 0,176091863385153 
881	 0,175986844915969 
882	 0,175993534381687 
883	 0,176206334242913 
884	 0,176534954997574 
885	 0,177029509470721 
886	 0,177525762882172 
887	 0,177220285067661 
888	 0,176789145606897 
889	 0,176878476216709 
890	 0,176703430599858 
891	 0,176597449953834 
892	 0,177591867625531 
893	 0,178431383133363 
894	 0,178756110696252 
895	 0,179080571572524 
896	 0,179222310491981 
897	 0,179052483172059 
898	 0,178811066449526 
899	 0,178575086402517 
900	 0,178363146727028 
901	 0,178739443247139 
902	 0,179499818925532 
903	 0,179219482197012 
904	 0,179213978555542 
905	 0,180050853829364 
906	 0,17931470782016 
907	 0,178448578860602 
908	 0,179851198561819 
909	 0,180113750699783 
910	 0,179104208961235 
911	 0,179149702895878 
912	 0,179354775161334 
913	 0,179346147059099 
914	 0,17933191725613 
915	 0,179469346049407 
916	 0,179896320010671 
917	 0,180193275305031 
918	 0,180456786769057 
919	 0,181250322397607 
920	 0,18152394248413 
921	 0,181020689489701 
922	 0,180496245133984 
923	 0,179870075588087 
924	 0,179118435467253 
925	 0,178765227265682 
926	 0,178822145571599 
927	 0,179117881596724 
928	 0,180028785271818 
929	 0,180985540044143 
930	 0,179783001568953 
931	 0,178053382479996 
932	 0,176945563780977 
933	 0,176814494238092 
934	 0,177363007735938 
935	 0,178092824622332 
936	 0,178324673385495 
937	 0,178102330702078 
938	 0,178194834962305 
939	 0,177663039690049 
940	 0,17661333569651 
941	 0,177545136728229 
942	 0,17790880992985 
943	 0,175632319502606 
944	 0,174780461012528 
945	 0,174977737328978 
946	 0,17424321079681 
947	 0,1734954392971 
948	 0,173073388027895 
949	 0,173448795525602 
950	 0,173286976057347 
951	 0,171931015455645 
952	 0,170603646972421 
953	 0,169494838173748 
954	 0,168674624977765 
955	 0,16830248954946 
956	 0,168016745995098 
957	 0,166696875976052 
958	 0,166493798789274 
959	 0,167599141586171 
960	 0,167121577663222 
961	 0,166945505621313 
962	 0,168197861409982 
963	 0,167124462225104 
964	 0,165305191623074 
965	 0,165906312294476 
966	 0,166080211248377 
967	 0,165562804920968 
968	 0,165804046879843 
969	 0,165734601264477 
970	 0,165075781064765 
971	 0,164916550171318 
972	 0,164557729830977 
973	 0,163573297051242 
974	 0,165059081269151 
975	 0,167648232612665 
976	 0,168029645753177 
977	 0,168029886657153 
978	 0,16780207547862 
979	 0,166282578252944 
980	 0,164375935349118 
981	 0,163194431074059 
982	 0,166060248921159 
983	 0,168791086625926 
984	 0,167277292663213 
985	 0,167337011874863 
986	 0,168539903645457 
987	 0,168005834474938 
988	 0,167540512008758 
989	 0,16760968080058 
990	 0,168012373304499 
991	 0,168283529568757 
992	 0,168418247345676 
993	 0,170105670257635 
994	 0,171784105741672 
995	 0,171642392134241 
996	 0,169489726796161 
997	 0,167720939682642 
998	 0,170919701349447 
999	 0,17253406474551 
1000	 0,171851874375679 
1001	 0,173917522022854 
1002	 0,174512558440187 
1003	 0,172312578320148 
1004	 0,172465344967923 
1005	 0,174420974946673 
1006	 0,176796225299607 
1007	 0,174586969881466 
1008	 0,170707975263211 
1009	 0,171882835922595 
1010	 0,171402241053715 
1011	 0,169256307606874 
1012	 0,17108268195959 
1013	 0,174188784770291 
1014	 0,176947323343158 
1015	 0,178164706261767 
1016	 0,177715816031833 
1017	 0,176195925433623 
1018	 0,179138290384523 
1019	 0,182546908463421 
1020	 0,179519469342094 
1021	 0,178648294966258 
1022	 0,180667572957753 
1023	 0,18207744410983 
1024	 0,180126207424359 
1025	 0,176027602936002 
1026	 0,179538953621719 
1027	 0,185142013952193 
1028	 0,188251517893725 
1029	 0,185618093145324 
1030	 0,182311918865439 
1031	 0,184199472245589 
1032	 0,182465518893898 
1033	 0,179360996081372 
1034	 0,182679358892312 
1035	 0,182954003413625 
1036	 0,181278159559226 
1037	 0,191829189462896 
1038	 0,196786051737441 
1039	 0,190063023928732 
1040	 0,186996033931789 
1041	 0,186192864161914 
1042	 0,185781983137281 
1043	 0,186154085116924 
1044	 0,185939228676052 
1045	 0,183593732686791 
1046	 0,186438664197714 
1047	 0,1920665229342 
1048	 0,191685711647489 
1049	 0,187996763489755 
1050	 0,183521116871037 
1051	 0,184143715658737 
1052	 0,185817061960959 
1053	 0,187135305927467 
1054	 0,194397199144499 
1055	 0,193132492253663 
1056	 0,174732014845011 
1057	 0,182119879087669 
1058	 0,19456071272263 
1059	 0,176867514850013 
1060	 0,176167483817326 
1061	 0,189669711093663 
1062	 0,18824650644368 
1063	 0,190419393738724 
1064	 0,199042398612246 
1065	 0,208093200148439 
1066	 0,203918820831042 
1067	 0,186575804675394 
1068	 0,192919879095062 
1069	 0,200562645958251 
1070	 0,192050069421209 
1071	 0,180048293546378 
1072	 0,171238872865188 
1073	 0,172148889172257 
1074	 0,184617946663422 
1075	 0,200374672819324 
