Wavelength	NEUF00220.asd
325	 0,370767273439029 
326	 0,182467661467763 
327	 3,64809154268542E-03 
328	 2,05194902642472E-02 
329	 0,100091309788184 
330	 0,13798601418691 
331	 0,024029826456185 
332	 8,10514369075257E-03 
333	 7,84327036286687E-02 
334	 9,62475028128074E-02 
335	 0,134734954621003 
336	 0,189051591993558 
337	 0,114214802139697 
338	 2,02555109606771E-02 
339	 1,06208615890045E-02 
340	-3,53510102751534E-02 
341	-7,44232983026381E-02 
342	 4,66559939476226E-02 
343	 7,80126290409133E-02 
344	 1,38619562225979E-03 
345	-1,68769188829804E-02 
346	 2,05961734125275E-02 
347	 8,49269061464051E-02 
348	 0,100776385907581 
349	 6,73628975381894E-02 
350	 1,66968528433793E-02 
351	 2,96948891270224E-02 
352	 9,82014147092727E-02 
353	 3,43261584578875E-02 
354	-4,75627356413915E-02 
355	 9,28696803153685E-03 
356	 3,60805486603685E-02 
357	 1,88275699334406E-02 
358	 2,09780934962207E-02 
359	 2,85391236625368E-02 
360	 3,57370372236845E-02 
361	 3,75470397520963E-02 
362	 2,84154907822384E-02 
363	-5,03668556074099E-04 
364	 2,52481812725969E-02 
365	 8,88241828506724E-02 
366	 8,80866677379613E-02 
367	 6,39264046162967E-02 
368	 0,041110522927407 
369	 2,70779462064381E-02 
370	 2,33299558646294E-02 
371	 0,024709968892207 
372	 3,00432754646668E-02 
373	 3,70485519674814E-02 
374	 4,31424665600469E-02 
375	 4,32742578434207E-02 
376	 3,48720575566369E-02 
377	 3,31531797584493E-02 
378	 3,65136147318289E-02 
379	 3,44050822930577E-02 
380	 4,34844515935008E-02 
381	 6,21790819015646E-02 
382	 6,69450903109996E-02 
383	 5,22796998864311E-02 
384	 1,56734166126624E-02 
385	 1,65274622055968E-02 
386	 4,32785797540606E-02 
387	 3,33601005068919E-02 
388	 2,90842491885833E-02 
389	 4,08481013343291E-02 
390	 3,14966957853818E-02 
391	 1,51167019953538E-02 
392	 1,21998729075096E-02 
393	 1,39820241927307E-02 
394	 1,66073925395402E-02 
395	 1,25644698109269E-02 
396	 0,018825302253549 
397	 3,84466371643836E-02 
398	 3,45853809789199E-02 
399	 1,80051570723562E-02 
400	 8,88629881810651E-03 
401	 1,12990048790745E-02 
402	 2,31576362031694E-02 
403	 3,32370287242425E-02 
404	 3,64086282699293E-02 
405	 2,99758111970945E-02 
406	 2,14199456377021E-02 
407	 1,48831312966323E-02 
408	 1,46619378285824E-02 
409	 2,29955667478904E-02 
410	 3,48887597632453E-02 
411	 2,65797637693872E-02 
412	 1,27778670978495E-02 
413	 8,48941700104216E-03 
414	 1,28554285751583E-02 
415	 2,10049073553703E-02 
416	 2,15229096531696E-02 
417	 2,28708907617981E-02 
418	 2,64809536070763E-02 
419	 1,90943534168739E-02 
420	 1,14257619371376E-02 
421	 1,75486112448664E-02 
422	 2,13363161024035E-02 
423	 1,97747535682874E-02 
424	 1,56661631394534E-02 
425	 1,32129211585434E-02 
426	 1,48240208591218E-02 
427	 1,64597310138317E-02 
428	 1,78622588401407E-02 
429	 1,98501370980079E-02 
430	 0,020698474642188 
431	 2,00597165080119E-02 
432	 1,90173486440164E-02 
433	 1,75927157407503E-02 
434	 1,59930017158654E-02 
435	 1,79332614709935E-02 
436	 2,09376786226991E-02 
437	 1,63177411936411E-02 
438	 1,64311565755843E-02 
439	 2,34539079156232E-02 
440	 1,88307855394437E-02 
441	 1,11607769073405E-02 
442	 1,32425865482933E-02 
443	 1,55934940908297E-02 
444	 0,01615090231404 
445	 1,57284216491314E-02 
446	 1,57438849262677E-02 
447	 1,71888316505741E-02 
448	 2,01759614538703E-02 
449	 2,37308918287898E-02 
450	 2,64472407768451E-02 
451	 2,60717663873367E-02 
452	 2,25979586161872E-02 
453	 1,91600531789745E-02 
454	 1,73738057879924E-02 
455	 1,84380680134094E-02 
456	 1,73132162755269E-02 
457	 1,56375150588702E-02 
458	 2,13017911746846E-02 
459	 2,28729431339402E-02 
460	 1,73257017542546E-02 
461	 1,91016595025707E-02 
462	 2,17419792718819E-02 
463	 1,48666478902486E-02 
464	 1,32235767225544E-02 
465	 1,80978356745954E-02 
466	 2,11456757753549E-02 
467	 2,02695144292758E-02 
468	 1,51575488822414E-02 
469	 1,68154404745613E-02 
470	 2,20934962676479E-02 
471	 2,16318237920158E-02 
472	 1,97890406811829E-02 
473	 1,81791566514881E-02 
474	 1,85115641127825E-02 
475	 1,75822052226954E-02 
476	 1,24925863133166E-02 
477	 1,19071186296267E-02 
478	 1,54537276976395E-02 
479	 0,017388426849618 
480	 1,76564744760767E-02 
481	 1,63589455773801E-02 
482	 1,59289248288707E-02 
483	 1,55888619157913E-02 
484	 1,35821082807903E-02 
485	 1,53792987648922E-02 
486	 2,03799157599208E-02 
487	 0,021010026099209 
488	 2,01619075501547E-02 
489	 2,00501220929366E-02 
490	 1,89805908684126E-02 
491	 1,75604379411952E-02 
492	 1,75225785465461E-02 
493	 1,79708236809129E-02 
494	 1,84062805963502E-02 
495	 1,78094962573677E-02 
496	 1,75004690037563E-02 
497	 1,89856517391207E-02 
498	 1,81130974279182E-02 
499	 1,56421818705298E-02 
500	 1,68553509889074E-02 
501	 1,79548777234927E-02 
502	 1,70277868305166E-02 
503	 1,70289520956479E-02 
504	 1,77631159321193E-02 
505	 1,81966866965577E-02 
506	 1,93485671964365E-02 
507	 2,07900962998103E-02 
508	 1,97286837024951E-02 
509	 1,80010908446705E-02 
510	 1,74079464940447E-02 
511	 1,79000824503578E-02 
512	 1,88508171043713E-02 
513	 1,86726066542472E-02 
514	 1,83461901571563E-02 
515	 1,83256200962089E-02 
516	 1,87465975084636E-02 
517	 1,89717102975588E-02 
518	 1,80679697641024E-02 
519	 0,018461468931666 
520	 1,99612511355652E-02 
521	 0,01949415990231 
522	 1,89085808833301E-02 
523	 1,94575389748882E-02 
524	 1,91767707168599E-02 
525	 0,018392669203603 
526	 1,84710414685749E-02 
527	 1,86868555562806E-02 
528	 1,88766302074752E-02 
529	 1,96593963963448E-02 
530	 1,97835384675507E-02 
531	 1,78528148950684E-02 
532	 1,75426196919793E-02 
533	 1,88611487840942E-02 
534	 1,89911067140792E-02 
535	 1,90171540183841E-02 
536	 1,94766196039638E-02 
537	 1,95730816258926E-02 
538	 1,91156385672121E-02 
539	 1,78110529403784E-02 
540	 1,75337348724122E-02 
541	 1,84697127731263E-02 
542	 1,83420207707428E-02 
543	 1,81108341540686E-02 
544	 1,87523481519439E-02 
545	 1,84062099059437E-02 
546	 1,75650660922424E-02 
547	 1,87053784719805E-02 
548	 1,96101762611657E-02 
549	 1,92371484129326E-02 
550	 1,83660195447089E-02 
551	 0,01782180925422 
552	 1,87344835522441E-02 
553	 1,93260743336191E-02 
554	 1,92177322088604E-02 
555	 1,92347477565626E-02 
556	 1,91557251017763E-02 
557	 1,88174391029487E-02 
558	 1,87763367388461E-02 
559	 1,87984431528082E-02 
560	 1,79758166353603E-02 
561	 1,73683750684882E-02 
562	 1,74389257663528E-02 
563	 1,81633558176466E-02 
564	 1,85723802393348E-02 
565	 1,74233610869112E-02 
566	 1,74934247021242E-02 
567	 1,87500943481563E-02 
568	 1,84134980117003E-02 
569	 0,017842542694351 
570	 1,80015758352964E-02 
571	 1,83983648460779E-02 
572	 1,89885504187973E-02 
573	 1,98876474016823E-02 
574	 2,04810888787295E-02 
575	 2,05577289941357E-02 
576	 2,03051486134701E-02 
577	 2,04418226734019E-02 
578	 2,17023821496312E-02 
579	 2,21551796305945E-02 
580	 2,17473548893288E-02 
581	 0,021844044325468 
582	 2,19215684589658E-02 
583	 2,17830559980259E-02 
584	 0,022246411139822 
585	 2,26953124242228E-02 
586	 2,18003294123412E-02 
587	 2,16981255335332E-02 
588	 2,27608470081642E-02 
589	 2,35395050326031E-02 
590	 2,38164762982722E-02 
591	 2,34936417148239E-02 
592	 2,34717717251422E-02 
593	 2,36626696730934E-02 
594	 2,31931412398303E-02 
595	 0,022990913096269 
596	 2,34486452633483E-02 
597	 2,41109822954605E-02 
598	 2,44461293252173E-02 
599	 2,37488053023445E-02 
600	 2,33039316830816E-02 
601	 2,34306365891762E-02 
602	 2,38392102842937E-02 
603	 2,38698091365134E-02 
604	 2,30885728957145E-02 
605	 2,27710493346918E-02 
606	 2,28699607184981E-02 
607	 2,26863163051823E-02 
608	 2,25733198951445E-02 
609	 2,25828275367494E-02 
610	 2,23746262781775E-02 
611	 2,19944125995322E-02 
612	 2,15365295120894E-02 
613	 2,11817389897723E-02 
614	 2,09799492960135E-02 
615	 2,08806448847699E-02 
616	 2,08834804021748E-02 
617	 2,09209791352352E-02 
618	 2,03762486625361E-02 
619	 1,98099168268131E-02 
620	 2,05308027737778E-02 
621	 2,09867138245767E-02 
622	 2,07799735533674E-02 
623	 2,07443229649901E-02 
624	 2,06749727711763E-02 
625	 2,03466293030334E-02 
626	 2,06198131079105E-02 
627	 2,12754652150788E-02 
628	 2,11604044139523E-02 
629	 2,08884607475619E-02 
630	 2,08413448515758E-02 
631	 2,13791961617294E-02 
632	 2,20352270309181E-02 
633	 2,19833566754897E-02 
634	 2,20769687712152E-02 
635	 2,25065773479561E-02 
636	 2,30028345414444E-02 
637	 2,33064507369938E-02 
638	 2,32560000538316E-02 
639	 2,36912963904565E-02 
640	 2,43923598529656E-02 
641	 2,44191183459834E-02 
642	 2,43268343424549E-02 
643	 2,43882524931157E-02 
644	 2,48397831606577E-02 
645	 2,53395811515348E-02 
646	 2,54210039954743E-02 
647	 2,54780314756941E-02 
648	 2,56105940351755E-02 
649	 2,57858198817505E-02 
650	 2,60299175484859E-02 
651	 2,63101067983643E-02 
652	 2,62686438065523E-02 
653	 2,58245922864117E-02 
654	 2,48739331134918E-02 
655	 2,42477848344405E-02 
656	 2,40818313973379E-02 
657	 2,33625460038596E-02 
658	 2,25973928692868E-02 
659	 2,23630232446723E-02 
660	 2,24630749529287E-02 
661	 2,25941119113771E-02 
662	 2,20794177162862E-02 
663	 2,12831964969054E-02 
664	 2,05336358383413E-02 
665	 2,06909497511432E-02 
666	 2,10883514676607E-02 
667	 2,05250574319174E-02 
668	 2,03043911309154E-02 
669	 2,05045382447555E-02 
670	 1,98557125127373E-02 
671	 1,94547707937813E-02 
672	 2,01030858474282E-02 
673	 2,01980992251612E-02 
674	 1,97566311129306E-02 
675	 1,94355362319947E-02 
676	 1,95263812195473E-02 
677	 2,00028018912335E-02 
678	 1,99006454684764E-02 
679	 1,94836468349086E-02 
680	 1,91684405068112E-02 
681	 1,92284600414942E-02 
682	 1,97009095155469E-02 
683	 2,04663571463649E-02 
684	 2,11025552823705E-02 
685	 2,13344171618642E-02 
686	 2,12047967409924E-02 
687	 2,11610226157133E-02 
688	 2,19286602682244E-02 
689	 2,30502047315692E-02 
690	 2,42801141124367E-02 
691	 2,51766573875544E-02 
692	 2,63318955592824E-02 
693	 2,82561835324313E-02 
694	 3,01477953660966E-02 
695	 3,22256252320927E-02 
696	 0,035401605788022 
697	 3,89379971038426E-02 
698	 0,042567432881966 
699	 4,65946200422801E-02 
700	 5,11828952953026E-02 
701	 5,64770308305113E-02 
702	 6,17305271195888E-02 
703	 0,066899589657276 
704	 7,25731100325918E-02 
705	 7,84477625919567E-02 
706	 8,42373607487147E-02 
707	 8,93515007876151E-02 
708	 9,41928283705498E-02 
709	 9,96350770295289E-02 
710	 0,105157370299828 
711	 0,110539871218623 
712	 0,115586402744716 
713	 0,120413867442966 
714	 0,125120686678873 
715	 0,129266012016211 
716	 0,132987012502263 
717	 0,136882603022215 
718	 0,140527501733303 
719	 0,14377977968659 
720	 0,146865488667087 
721	 0,149743115947713 
722	 0,152344725376686 
723	 0,154904647399127 
724	 0,157383330403679 
725	 0,159390202824127 
726	 0,161470939402339 
727	 0,16381428961495 
728	 0,165052473662874 
729	 0,165767617939966 
730	 0,167293066206231 
731	 0,168941370951529 
732	 0,170453873071905 
733	 0,17170688035046 
734	 0,172437919381387 
735	 0,172523038499755 
736	 0,173284209067407 
737	 0,174544710687025 
738	 0,175269272095766 
739	 0,175652306101368 
740	 0,175844551638641 
741	 0,176400336613772 
742	 0,177154174625918 
743	 0,177846307211082 
744	 0,177952683481451 
745	 0,17768820110217 
746	 0,178063342305488 
747	 0,178671406955693 
748	 0,179247901568077 
749	 0,179509704025355 
750	 0,179662159092545 
751	 0,180082260618926 
752	 0,180464437547143 
753	 0,180669129490651 
754	 0,180495026185111 
755	 0,180378304000333 
756	 0,180591164274357 
757	 0,180405746998191 
758	 0,180136420042449 
759	 0,180649058191918 
760	 0,181151853168079 
761	 0,181366473085876 
762	 0,181354805743945 
763	 0,181278974810734 
764	 0,18130477656888 
765	 0,181584125402061 
766	 0,18196125598949 
767	 0,181983887968679 
768	 0,181847892701302 
769	 0,181684330479962 
770	 0,181739690542414 
771	 0,181990946462031 
772	 0,182370309299416 
773	 0,182471979337307 
774	 0,182318450931884 
775	 0,182318916711403 
776	 0,182255390429289 
777	 0,182067877562289 
778	 0,182088365625079 
779	 0,182250397160058 
780	 0,182404253795982 
781	 0,18242403289599 
782	 0,182364936422983 
783	 0,182612732430257 
784	 0,182701734671985 
785	 0,182390824091524 
786	 0,182412216237001 
787	 0,182632634895517 
788	 0,182620277755847 
789	 0,182683682039996 
790	 0,182871928403243 
791	 0,183083127032499 
792	 0,183008984577657 
793	 0,182479740899687 
794	 0,182386852091242 
795	 0,182595698172333 
796	 0,182505179079731 
797	 0,182174528532717 
798	 0,181757513488561 
799	 0,181911582874525 
800	 0,182297280194353 
801	 0,182521869881274 
802	 0,182101627395416 
803	 0,181410658924587 
804	 0,181639141079395 
805	 0,181882686878497 
806	 0,181853282684258 
807	 0,181847743653477 
808	 0,182025456188487 
809	 0,182496733480095 
810	 0,1823133813115 
811	 0,181824151938386 
812	 0,182568786037446 
813	 0,183334939307917 
814	 0,18359324209527 
815	 0,183491400471496 
816	 0,18350879307857 
817	 0,184173270961759 
818	 0,184534897570272 
819	 0,184554209732982 
820	 0,184837722596055 
821	 0,184944922805849 
822	 0,184782789819599 
823	 0,185057363837913 
824	 0,185652833203676 
825	 0,186316394936799 
826	 0,186205049380057 
827	 0,185614213719552 
828	 0,186207376127288 
829	 0,186640131549938 
830	 0,186321761334511 
831	 0,186255290172515 
832	 0,186549369352913 
833	 0,18719317840218 
834	 0,187001520775253 
835	 0,186211498500853 
836	 0,186625292113145 
837	 0,187180992046884 
838	 0,187313703705462 
839	 0,18742141347039 
840	 0,187364344382738 
841	 0,186902466228544 
842	 0,187216576178478 
843	 0,188063553874231 
844	 0,187637820425023 
845	 0,186968094652392 
846	 0,186687670661825 
847	 0,186889760575214 
848	 0,187311701866249 
849	 0,187559164040921 
850	 0,18776367958722 
851	 0,187922253401853 
852	 0,188021185956409 
853	 0,187822583971917 
854	 0,187329051311769 
855	 0,187480452966248 
856	 0,187779777056087 
857	 0,187415723490661 
858	 0,187440823862202 
859	 0,187782540403261 
860	 0,187308138342064 
861	 0,187170435875749 
862	 0,187768050071776 
863	 0,187473511144403 
864	 0,186998702489747 
865	 0,187463048099152 
866	 0,187922466392714 
867	 0,188106683988995 
868	 0,187903916309922 
869	 0,187714256180197 
870	 0,187755182491915 
871	 0,188020565096999 
872	 0,188100261233311 
873	 0,187549332520302 
874	 0,187692399173952 
875	 0,188445300936757 
876	 0,188699543802516 
877	 0,188900630681009 
878	 0,189084455227428 
879	 0,188413977985909 
880	 0,188079371242725 
881	 0,189302365381919 
882	 0,189717995098192 
883	 0,189367134676052 
884	 0,189680236889269 
885	 0,190050463358374 
886	 0,190318857079484 
887	 0,190740674274337 
888	 0,190862635092526 
889	 0,190329256939014 
890	 0,19017882403915 
891	 0,190486998059856 
892	 0,190988390056057 
893	 0,191299837585849 
894	 0,191359066038548 
895	 0,19164948496893 
896	 0,191882621736042 
897	 0,191826875541358 
898	 0,191724052612243 
899	 0,191369972891876 
900	 0,190290603329094 
901	 0,19015958993743 
902	 0,191004706989072 
903	 0,190957711082338 
904	 0,190746483333416 
905	 0,190860274958755 
906	 0,191292955487567 
907	 0,191914498713937 
908	 0,192530540389073 
909	 0,192240321439151 
910	 0,191238058842377 
911	 0,190865063339682 
912	 0,190506830499731 
913	 0,19009870369657 
914	 0,190849034404478 
915	 0,191923208617723 
916	 0,192262217998099 
917	 0,191546404501163 
918	 0,190564570441751 
919	 0,191526814700672 
920	 0,192271883779516 
921	 0,192028981969304 
922	 0,190938626983184 
923	 0,190440737304981 
924	 0,191485744102967 
925	 0,191010596905048 
926	 0,189807045155016 
927	 0,190174826165823 
928	 0,190635921967452 
929	 0,19068783303188 
930	 0,190007251386679 
931	 0,189677392076867 
932	 0,190150416072517 
933	 0,189711435446608 
934	 0,189153564593047 
935	 0,189675449253664 
936	 0,189095652206303 
937	 0,187977687164005 
938	 0,189386027478628 
939	 0,190145475464714 
940	 0,189246742446693 
941	 0,188276826221403 
942	 0,187666935576594 
943	 0,187658888168282 
944	 0,18749478984018 
945	 0,186717289012214 
946	 0,184684619988139 
947	 0,184418209478103 
948	 0,185704249003084 
949	 0,184278909051845 
950	 0,182960412650821 
951	 0,183104831097012 
952	 0,182145191025726 
953	 0,181031384689624 
954	 0,181132824080479 
955	 0,180477885815966 
956	 0,179228932106466 
957	 0,178949782123586 
958	 0,178094203362464 
959	 0,176709234686277 
960	 0,177442295914444 
961	 0,178315527694152 
962	 0,177726495836655 
963	 0,176076586373583 
964	 0,174812354262364 
965	 0,175992228175611 
966	 0,176421514015828 
967	 0,175865488564565 
968	 0,176331637343824 
969	 0,176385056962046 
970	 0,175679354599452 
971	 0,175665576692194 
972	 0,176070104944446 
973	 0,176447673611548 
974	 0,1756910862886 
975	 0,17463103612893 
976	 0,175025887044215 
977	 0,17668928662949 
978	 0,178472415713259 
979	 0,176737566751035 
980	 0,174600127290264 
981	 0,173809590024766 
982	 0,174399700265628 
983	 0,175103972375962 
984	 0,174786477549157 
985	 0,176067735183401 
986	 0,178006638275161 
987	 0,178015127061968 
988	 0,176571221396928 
989	 0,174917896596444 
990	 0,177056066147855 
991	 0,178317402343857 
992	 0,176892914984463 
993	 0,178329872412148 
994	 0,179523748833459 
995	 0,177097874818938 
996	 0,175538736324912 
997	 0,176235528910724 
998	 0,180253788162363 
999	 0,181953995664186 
1000	 0,180607743030961 
1001	 0,180164835935265 
1002	 0,180948029033693 
1003	 0,182744276833866 
1004	 0,182787647367272 
1005	 0,182434759480284 
1006	 0,183190587034989 
1007	 0,184423132277442 
1008	 0,184965625715246 
1009	 0,183008369673844 
1010	 0,182396762554946 
1011	 0,183227991506516 
1012	 0,181655034690353 
1013	 0,182985658200148 
1014	 0,18779606991763 
1015	 0,18694616756578 
1016	 0,183311474101553 
1017	 0,180361431315239 
1018	 0,182140333613509 
1019	 0,185259072431002 
1020	 0,183830879705998 
1021	 0,1836762614986 
1022	 0,185566913187612 
1023	 0,187709140539083 
1024	 0,190338225414084 
1025	 0,192538931590859 
1026	 0,190912532207252 
1027	 0,188658598033168 
1028	 0,187916043541506 
1029	 0,186857134944871 
1030	 0,186754799247825 
1031	 0,189168621787984 
1032	 0,193792085366931 
1033	 0,197093676022348 
1034	 0,192735204724239 
1035	 0,187708273517287 
1036	 0,18590915610011 
1037	 0,193795949059812 
1038	 0,195017394717962 
1039	 0,185802977682183 
1040	 0,190933699160675 
1041	 0,195935982112228 
1042	 0,189497174565698 
1043	 0,188863359803627 
1044	 0,191334015044619 
1045	 0,190394524117976 
1046	 0,196652262669031 
1047	 0,205212927867363 
1048	 0,199766049258395 
1049	 0,20214621520013 
1050	 0,212169543009009 
1051	 0,202607126238839 
1052	 0,190722820258118 
1053	 0,187290928003831 
1054	 0,197954247321274 
1055	 0,204736624544358 
1056	 0,193852159002604 
1057	 0,192524318577042 
1058	 0,194568724442845 
1059	 0,186590810342666 
1060	 0,187060558185599 
1061	 0,19583453654625 
1062	 0,20449992737907 
1063	 0,20272129234735 
1064	 0,193633487030348 
1065	 0,201745252049266 
1066	 0,208483154243413 
1067	 0,206293218334567 
1068	 0,204990781129904 
1069	 0,201738728235708 
1070	 0,194352339184216 
1071	 0,184105415555266 
1072	 0,176906617962654 
1073	 0,179926260178988 
1074	 0,199496587753143 
1075	 0,220650534810213 
