Wavelength	NEUF00711.asd
325	 0,278273634762184 
326	 0,186628283986851 
327	 0,123385263910713 
328	 0,149306554281355 
329	 0,222338206946308 
330	 0,247926187848478 
331	 0,117583701972156 
332	 0,118262157035118 
333	 0,199883322549508 
334	 0,163395326194761 
335	 0,13103848530045 
336	 0,117376942990814 
337	 1,16190211921609E-02 
338	-2,98688148423369E-02 
339	 9,48409323826345E-02 
340	 7,06951244741742E-02 
341	-2,63002730115002E-02 
342	 8,61612661357327E-02 
343	 0,11507153761146 
344	 3,61932760000457E-02 
345	 5,70129506483959E-02 
346	 9,81834854121025E-02 
347	 6,81484701918374E-02 
348	 0,041474172086417 
349	 3,07211516404069E-02 
350	 4,08226756974196E-02 
351	 0,042489568023937 
352	 2,80087631445044E-02 
353	 1,38923352346059E-02 
354	 7,8268526088957E-03 
355	 1,84292643001244E-02 
356	 1,48501491190086E-02 
357	 8,31633137559027E-03 
358	 0,049834411394512 
359	 7,66489865311981E-02 
360	 0,064914994269204 
361	 3,75663604849878E-02 
362	 2,00377597916439E-02 
363	 3,64616413471663E-02 
364	 6,23025015735468E-02 
365	 7,80692976335177E-02 
366	 5,67807595479137E-02 
367	 3,60691259848159E-02 
368	 3,78960033195039E-02 
369	 0,031512958210675 
370	 2,65855036552927E-02 
371	 4,65136060086052E-02 
372	 4,62519132151492E-02 
373	 2,31109565600068E-02 
374	 2,13011501541714E-02 
375	 2,39964355628445E-02 
376	 1,90160422827074E-02 
377	 2,99060403173948E-02 
378	 4,55857886976484E-02 
379	 3,43643190274948E-02 
380	 3,51858987164922E-02 
381	 5,25497416633699E-02 
382	 4,80640748848318E-02 
383	 3,77574748059105E-02 
384	 3,71691770532436E-02 
385	 3,09897087242742E-02 
386	 2,28759476723434E-02 
387	 2,63068953484072E-02 
388	 3,94987944463354E-02 
389	 5,54689635203992E-02 
390	 0,049233492321033 
391	 3,10807710257834E-02 
392	 1,63204743109351E-02 
393	 1,62523816658267E-02 
394	 2,66944359218776E-02 
395	 2,70324814129739E-02 
396	 3,25591241506191E-02 
397	 4,64369990295807E-02 
398	 3,94864130475751E-02 
399	 2,18825872897004E-02 
400	 1,16896403542013E-02 
401	 1,57237535609631E-02 
402	 3,01878084973463E-02 
403	 3,51958023502325E-02 
404	 3,56241326268456E-02 
405	 3,49465525040173E-02 
406	 2,95561733365818E-02 
407	 2,31469598240589E-02 
408	 2,36038324741613E-02 
409	 2,37644930515583E-02 
410	 2,15777981733936E-02 
411	 1,80342636978239E-02 
412	 1,51243864300134E-02 
413	 1,47506439788699E-02 
414	 2,03121881878095E-02 
415	 2,71352284650117E-02 
416	 2,26028355214842E-02 
417	 1,81708687128674E-02 
418	 1,83937112824319E-02 
419	 1,90259592169821E-02 
420	 2,09010330041048E-02 
421	 2,56059944689148E-02 
422	 2,32594282224129E-02 
423	 0,015597204329591 
424	 1,46840723713935E-02 
425	 1,84471166020381E-02 
426	 0,024316756074874 
427	 2,27434638213776E-02 
428	 1,72607960883876E-02 
429	 1,57667035630253E-02 
430	 1,90501159747731E-02 
431	 0,025138534421379 
432	 2,47676485432004E-02 
433	 2,04434554836223E-02 
434	 1,53360543334496E-02 
435	 1,72523998858107E-02 
436	 2,27272675905619E-02 
437	 1,87801957584002E-02 
438	 1,75160160299281E-02 
439	 2,18183645597291E-02 
440	 1,85998875522555E-02 
441	 1,35860874424743E-02 
442	 1,53746352846403E-02 
443	 1,37581935757406E-02 
444	 9,67407227393927E-03 
445	 0,014384031632643 
446	 1,98508930181194E-02 
447	 2,10946240686276E-02 
448	 0,021328932985708 
449	 2,04901744171774E-02 
450	 1,72984924486241E-02 
451	 1,81927270474657E-02 
452	 2,23576713595725E-02 
453	 0,016150639855957 
454	 1,00573302304837E-02 
455	 1,41105603819629E-02 
456	 1,71983449623269E-02 
457	 1,81333368805818E-02 
458	 1,96128082819273E-02 
459	 2,13621540571168E-02 
460	 2,27588428001564E-02 
461	 2,04661829771732E-02 
462	 1,70600018666715E-02 
463	 1,63195104287812E-02 
464	 1,70690102571294E-02 
465	 0,018903252626709 
466	 2,20195682089557E-02 
467	 2,21653465080807E-02 
468	 1,72316671829066E-02 
469	 1,49511590505527E-02 
470	 1,53102178815646E-02 
471	 0,015685127783981 
472	 1,66387693117804E-02 
473	 1,79389934717742E-02 
474	 1,90072845997596E-02 
475	 1,76994749804043E-02 
476	 1,24168383314044E-02 
477	 1,40966446213263E-02 
478	 2,04641679561821E-02 
479	 1,92457296684674E-02 
480	 1,63541352487851E-02 
481	 1,49886042079328E-02 
482	 1,76733967537301E-02 
483	 2,03451989175691E-02 
484	 1,66904381965063E-02 
485	 1,41771915560902E-02 
486	 1,47360785736165E-02 
487	 1,73738015271906E-02 
488	 1,89108313953135E-02 
489	 1,71684358278395E-02 
490	 0,015893425255395 
491	 0,015688036619696 
492	 1,64780128962706E-02 
493	 1,67699946295025E-02 
494	 1,63501424218349E-02 
495	 1,75133402685792E-02 
496	 1,86530533983767E-02 
497	 1,78420297241231E-02 
498	 0,0180226106895 
499	 1,91362371573315E-02 
500	 1,91501777207941E-02 
501	 1,78940320916041E-02 
502	 1,56301353744329E-02 
503	 1,49876465150592E-02 
504	 1,60906717167675E-02 
505	 1,86319810898769E-02 
506	 2,02739613768509E-02 
507	 2,01684389775525E-02 
508	 1,85980087126541E-02 
509	 1,70959567156718E-02 
510	 1,70139253337637E-02 
511	 1,75240873331565E-02 
512	 1,80488247684712E-02 
513	 0,017595288471535 
514	 1,69623973021328E-02 
515	 1,66164509822026E-02 
516	 1,70634057769743E-02 
517	 1,76488325648108E-02 
518	 0,017382626559977 
519	 1,80447093403397E-02 
520	 1,94622639567941E-02 
521	 1,94896679998889E-02 
522	 1,88491383257788E-02 
523	 0,018145929075312 
524	 1,75687428227464E-02 
525	 1,74812388179495E-02 
526	 0,018702677265088 
527	 0,019232997584544 
528	 1,86385047929262E-02 
529	 1,90395074816998E-02 
530	 0,019112763813487 
531	 1,72338589944224E-02 
532	 1,70709688726643E-02 
533	 1,84704625603728E-02 
534	 1,81278685090366E-02 
535	 0,017938415297596 
536	 1,88259098045051E-02 
537	 1,88757525335497E-02 
538	 1,81645452795178E-02 
539	 1,72060636809539E-02 
540	 1,69600941904184E-02 
541	 1,75709673418475E-02 
542	 0,018012419796695 
543	 1,81014125353379E-02 
544	 1,77513558727213E-02 
545	 0,017685166121403 
546	 1,79925682075027E-02 
547	 1,85325179125491E-02 
548	 1,86912712290479E-02 
549	 1,82482545136722E-02 
550	 1,80619773992745E-02 
551	 1,80919334432166E-02 
552	 1,80890770665311E-02 
553	 0,018512723289938 
554	 1,90936429985921E-02 
555	 1,82960761680427E-02 
556	 1,74038685673905E-02 
557	 1,75210602474133E-02 
558	 1,82382912173092E-02 
559	 1,89140316357088E-02 
560	 1,81580132669115E-02 
561	 1,73246601494858E-02 
562	 1,70421963632446E-02 
563	 1,74346531064718E-02 
564	 1,77639002084349E-02 
565	 1,70523151228407E-02 
566	 1,72936821949928E-02 
567	 1,82636674348313E-02 
568	 1,71934488020852E-02 
569	 1,65473240859969E-02 
570	 1,78198338485506E-02 
571	 1,75867814922999E-02 
572	 1,65979487506921E-02 
573	 1,76992863520124E-02 
574	 1,84781097242946E-02 
575	 1,83046894600257E-02 
576	 0,018521338001226 
577	 1,89617528914238E-02 
578	 1,93318747308489E-02 
579	 1,93944640065809E-02 
580	 1,93116777401767E-02 
581	 0,019736671640272 
582	 2,04093908000517E-02 
583	 2,10967360247543E-02 
584	 0,021230806775768 
585	 2,11126141500341E-02 
586	 2,14202098928962E-02 
587	 2,15650202915802E-02 
588	 2,14855220884611E-02 
589	 2,16912819062042E-02 
590	 0,02197107383032 
591	 2,20924508588262E-02 
592	 2,17556740823581E-02 
593	 2,13384242043832E-02 
594	 2,20270648499639E-02 
595	 0,022705134742752 
596	 2,28469439844294E-02 
597	 2,28995054653106E-02 
598	 2,26507573653742E-02 
599	 0,021698132789073 
600	 0,021387244190691 
601	 2,17459245584678E-02 
602	 2,11449504808559E-02 
603	 2,08588777388126E-02 
604	 2,17714145854097E-02 
605	 2,17164184373285E-02 
606	 0,02093591904147 
607	 2,08719908969925E-02 
608	 0,021250727001136 
609	 2,17756875760311E-02 
610	 0,021198711836523 
611	 2,02189578341072E-02 
612	 1,98250953137636E-02 
613	 2,00782477038739E-02 
614	 2,06601504773357E-02 
615	 2,04635414341658E-02 
616	 2,00516528298527E-02 
617	 1,97858385645821E-02 
618	 1,94237701362834E-02 
619	 1,91361413901342E-02 
620	 1,93549218011228E-02 
621	 1,91464066437382E-02 
622	 1,84643479653184E-02 
623	 1,86621117000277E-02 
624	 1,91974272604204E-02 
625	 1,94308937735649E-02 
626	 1,95631677128868E-02 
627	 1,96311794484718E-02 
628	 1,96933723740214E-02 
629	 1,95968496082593E-02 
630	 1,93357784510812E-02 
631	 1,93994374096916E-02 
632	 1,97327787665755E-02 
633	 2,01655344641843E-02 
634	 2,02861931432451E-02 
635	 0,020204211553703 
636	 2,09521372337379E-02 
637	 2,17670637212382E-02 
638	 2,19929894582529E-02 
639	 2,22415647677908E-02 
640	 0,02240443962927 
641	 2,18246885692967E-02 
642	 2,17416898793287E-02 
643	 0,02247881929285 
644	 2,25858910964159E-02 
645	 2,24167849319526E-02 
646	 2,26056180551848E-02 
647	 2,27787147026883E-02 
648	 2,28371906453961E-02 
649	 2,27373795143793E-02 
650	 2,26631691966861E-02 
651	 2,27348477448252E-02 
652	 0,022879584618046 
653	 2,28705168452934E-02 
654	 2,22986626094581E-02 
655	 2,15560530578089E-02 
656	 2,07998545851372E-02 
657	 1,99756491509278E-02 
658	 1,93466238642899E-02 
659	 1,91594439919687E-02 
660	 1,88898263773004E-02 
661	 0,018540805976742 
662	 1,85035707333507E-02 
663	 0,018428627430168 
664	 1,81706534412245E-02 
665	 1,80712191979249E-02 
666	 1,80010404861649E-02 
667	 1,76965438555203E-02 
668	 1,75203188165913E-02 
669	 1,74233309493721E-02 
670	 0,016753689624696 
671	 0,016176649280071 
672	 1,62383899535963E-02 
673	 1,66690305439259E-02 
674	 1,71713730318077E-02 
675	 1,72105432430387E-02 
676	 1,70581839577923E-02 
677	 0,016913595257754 
678	 1,73368606138257E-02 
679	 1,77107231342299E-02 
680	 1,72687805726491E-02 
681	 1,73374637660516E-02 
682	 1,79503350049185E-02 
683	 1,81724316323614E-02 
684	 1,82861995202971E-02 
685	 1,84603748551781E-02 
686	 1,86423506683461E-02 
687	 0,019017362308298 
688	 1,99138768629509E-02 
689	 2,08199424338233E-02 
690	 2,15769080099966E-02 
691	 0,022202928603823 
692	 2,32147063411255E-02 
693	 2,50390491127337E-02 
694	 2,69496212042421E-02 
695	 2,90901124349331E-02 
696	 3,21560244015875E-02 
697	 3,56279701839501E-02 
698	 3,93074441736859E-02 
699	 0,043327884080798 
700	 4,78777341205209E-02 
701	 5,31484444310569E-02 
702	 0,058901667943842 
703	 6,50171858689694E-02 
704	 7,13889088288597E-02 
705	 0,077939857992568 
706	 8,45385752976175E-02 
707	 9,06432196522139E-02 
708	 9,66222619916844E-02 
709	 0,1033103320828 
710	 0,109699371318226 
711	 0,115620165978344 
712	 0,121851146762603 
713	 0,128040646560161 
714	 0,133822545631463 
715	 0,139046224553311 
716	 0,143940816277017 
717	 0,149257106730249 
718	 0,154159676848911 
719	 0,158379593065435 
720	 0,162600913563126 
721	 0,166527067399086 
722	 0,169721046446066 
723	 0,173166369179668 
724	 0,176781863684509 
725	 0,179437761728434 
726	 0,181845680588955 
727	 0,184396819867986 
728	 0,186505407486444 
729	 0,188303166495231 
730	 0,190117823464031 
731	 0,192115206980949 
732	 0,194149561015453 
733	 0,195334918659205 
734	 0,196321398366373 
735	 0,197696540225477 
736	 0,199143961450297 
737	 0,200470517573613 
738	 0,201392779628364 
739	 0,201877511330852 
740	 0,202134722972758 
741	 0,203381570854459 
742	 0,20469009978782 
743	 0,204903573893597 
744	 0,205333511545308 
745	 0,206054533109026 
746	 0,206317342436525 
747	 0,206583062277088 
748	 0,207097502133425 
749	 0,207724926169215 
750	 0,208379093878146 
751	 0,208954334553247 
752	 0,209485250907863 
753	 0,209953435825644 
754	 0,210310626101194 
755	 0,210468911510714 
756	 0,210422152072862 
757	 0,210739462286097 
758	 0,211234073248614 
759	 0,211329901098308 
760	 0,211472493400455 
761	 0,211783018441449 
762	 0,212143563242586 
763	 0,212411506396076 
764	 0,21248128778415 
765	 0,212758196215646 
766	 0,213202929645903 
767	 0,213549917181147 
768	 0,213631007266079 
769	 0,213458905759896 
770	 0,213557833531869 
771	 0,213869352135934 
772	 0,214259898592009 
773	 0,214497003705604 
774	 0,214611419801824 
775	 0,214960868071222 
776	 0,215036944202614 
777	 0,214663779486442 
778	 0,214519260340426 
779	 0,214754096820276 
780	 0,215468715230649 
781	 0,215637276477977 
782	 0,215251927689913 
783	 0,215389718218905 
784	 0,215652576016187 
785	 0,215772306341734 
786	 0,215806216330314 
787	 0,215853257414132 
788	 0,216079054738965 
789	 0,216359159096803 
790	 0,21658755350177 
791	 0,216547612917668 
792	 0,216368079563217 
793	 0,216186246306502 
794	 0,21621775198105 
795	 0,216380783467373 
796	 0,216401351894326 
797	 0,216532192242918 
798	 0,216767150997228 
799	 0,216696438945991 
800	 0,216561029009175 
801	 0,21661130787287 
802	 0,216856487709506 
803	 0,217135689345051 
804	 0,216969903038954 
805	 0,217173130236756 
806	 0,217891493937638 
807	 0,218167593489188 
808	 0,218181022765257 
809	 0,218204248256763 
810	 0,218211630312954 
811	 0,218355185181108 
812	 0,219051467706886 
813	 0,219641513841549 
814	 0,219828581353532 
815	 0,219803316671662 
816	 0,219723539681508 
817	 0,21975627421719 
818	 0,21979411492245 
819	 0,219912641363472 
820	 0,220425640885558 
821	 0,220772750266564 
822	 0,220760165407061 
823	 0,221099902636217 
824	 0,221433791232151 
825	 0,221230317696865 
826	 0,221450891127646 
827	 0,222066714636272 
828	 0,222233845558467 
829	 0,222356212253689 
830	 0,222580018149719 
831	 0,222438043855418 
832	 0,222322540760764 
833	 0,222813618308563 
834	 0,222848525371486 
835	 0,222505010521683 
836	 0,222964736980849 
837	 0,223346894301104 
838	 0,223211038800464 
839	 0,223068085965992 
840	 0,222987406625544 
841	 0,222979024502813 
842	 0,223367178651149 
843	 0,223946731102666 
844	 0,223804583497638 
845	 0,223610997165094 
846	 0,223706950276463 
847	 0,223653124111321 
848	 0,2236211029218 
849	 0,223906217828879 
850	 0,224119659629203 
851	 0,224150204577725 
852	 0,224060294661171 
853	 0,223640689228778 
854	 0,222938464639781 
855	 0,222977399084642 
856	 0,223403740299269 
857	 0,223572770448639 
858	 0,223620511257657 
859	 0,223585771795167 
860	 0,223493491689068 
861	 0,223690210580685 
862	 0,224246001803478 
863	 0,22432657929827 
864	 0,224186686978907 
865	 0,224277997588807 
866	 0,224704023491186 
867	 0,22520064847127 
868	 0,224807800757765 
869	 0,22472553154344 
870	 0,225463712095577 
871	 0,226414344000868 
872	 0,226722365777822 
873	 0,225533922895387 
874	 0,225352486250482 
875	 0,226259688567786 
876	 0,226791868567875 
877	 0,227040662315354 
878	 0,227048392031142 
879	 0,22723107107284 
880	 0,227234631467938 
881	 0,226710706267124 
882	 0,226969862194502 
883	 0,227908701041393 
884	 0,22858595774702 
885	 0,229035212295218 
886	 0,229161595335953 
887	 0,228678262859337 
888	 0,228395113783482 
889	 0,228975842415679 
890	 0,228663688691076 
891	 0,22808583944758 
892	 0,229380770179325 
893	 0,23001552975843 
894	 0,229478290198735 
895	 0,229423683031966 
896	 0,229680108701667 
897	 0,23003944593211 
898	 0,230255321521498 
899	 0,230211931509399 
900	 0,229798422858062 
901	 0,229424782478572 
902	 0,229344695110019 
903	 0,229920662066353 
904	 0,230472128698711 
905	 0,230641657629673 
906	 0,231397062533497 
907	 0,231877285394586 
908	 0,230754144628478 
909	 0,230200933311115 
910	 0,230486299409449 
911	 0,230682401855903 
912	 0,230362268956257 
913	 0,229622443752935 
914	 0,230509077391035 
915	 0,231617851511751 
916	 0,231249062077935 
917	 0,230673075679625 
918	 0,230376704889421 
919	 0,230983411477026 
920	 0,231234220629551 
921	 0,230789865447732 
922	 0,230435631845076 
923	 0,230108960317038 
924	 0,229720406640784 
925	 0,229022700493478 
926	 0,228525456476399 
927	 0,229217434729518 
928	 0,229292836926503 
929	 0,228573131355963 
930	 0,2285302050837 
931	 0,228339759434602 
932	 0,227658853120117 
933	 0,227686453161314 
934	 0,22765025847567 
935	 0,226452797996328 
936	 0,225656306039382 
937	 0,225448798340101 
938	 0,225320200832811 
939	 0,225109328532563 
940	 0,224728595489556 
941	 0,224347881189846 
942	 0,223717575900071 
943	 0,222637317184632 
944	 0,221363818469414 
945	 0,220244559893709 
946	 0,219786445204168 
947	 0,219872623100587 
948	 0,219918266979827 
949	 0,21803405526643 
950	 0,216289949170153 
951	 0,215756336932696 
952	 0,214874700637956 
953	 0,213545772194523 
954	 0,211898185663182 
955	 0,211111652224278 
956	 0,210635726991327 
957	 0,208213034784297 
958	 0,206960315493923 
959	 0,207572285887388 
960	 0,207874969780132 
961	 0,207758233050095 
962	 0,207171484345048 
963	 0,206011826114258 
964	 0,205002792466229 
965	 0,205215143598617 
966	 0,205299412546098 
967	 0,205084701470636 
968	 0,205233845065081 
969	 0,205073043014306 
970	 0,204484214557989 
971	 0,204351260766176 
972	 0,204690501256647 
973	 0,205385080018598 
974	 0,205765269348682 
975	 0,205590837622694 
976	 0,204651620378323 
977	 0,205146995358422 
978	 0,206700729271979 
979	 0,205885576410591 
980	 0,204048523519935 
981	 0,202550855597699 
982	 0,204959165888668 
983	 0,207551679374646 
984	 0,206643110103546 
985	 0,20809848705098 
986	 0,210572835369964 
987	 0,209569582991267 
988	 0,207541665235007 
989	 0,205721705664864 
990	 0,205621855059195 
991	 0,206281511128261 
992	 0,207208714991269 
993	 0,208997520094917 
994	 0,210484025775267 
995	 0,210420584006317 
996	 0,20883369339396 
997	 0,208008421138873 
998	 0,212238633278173 
999	 0,214599088702353 
1000	 0,214083098359389 
1001	 0,215235983979029 
1002	 0,214954837855481 
1003	 0,212784415877666 
1004	 0,21522980451697 
1005	 0,218231233658988 
1006	 0,217627018111211 
1007	 0,217417019078196 
1008	 0,217448084302492 
1009	 0,216260675024984 
1010	 0,216516857973357 
1011	 0,218058053922685 
1012	 0,217677580819803 
1013	 0,218737076220394 
1014	 0,221934107511769 
1015	 0,22321088004083 
1016	 0,222857996979174 
1017	 0,221741248528575 
1018	 0,223617335328728 
1019	 0,225889122979171 
1020	 0,224004518031114 
1021	 0,223605509409789 
1022	 0,225688985841731 
1023	 0,229202989971027 
1024	 0,231919187928646 
1025	 0,232653148125488 
1026	 0,230675770012137 
1027	 0,230080469589135 
1028	 0,232666959795187 
1029	 0,230569063125731 
1030	 0,227397700009334 
1031	 0,228146339638859 
1032	 0,229729018629852 
1033	 0,230977873700702 
1034	 0,230737810126908 
1035	 0,231806169927905 
1036	 0,234611715853928 
1037	 0,238205750853005 
1038	 0,238247803663043 
1039	 0,233855527969475 
1040	 0,232241179264213 
1041	 0,2321746348678 
1042	 0,232645601251221 
1043	 0,237831698304434 
1044	 0,241524468928501 
1045	 0,235287699418837 
1046	 0,237665694589963 
1047	 0,246036540483058 
1048	 0,245018216703937 
1049	 0,243039736445665 
1050	 0,242944478727556 
1051	 0,245987463322044 
1052	 0,246000720030611 
1053	 0,242061868849294 
1054	 0,247891134939622 
1055	 0,253160368817877 
1056	 0,24886891311894 
1057	 0,245749783922762 
1058	 0,242082324337911 
1059	 0,233624647278786 
1060	 0,231336299422126 
1061	 0,23649497912177 
1062	 0,246334478948906 
1063	 0,24825579219967 
1064	 0,241768319354088 
1065	 0,241210609410923 
1066	 0,242434223501137 
1067	 0,243249927592013 
1068	 0,240505830096117 
1069	 0,243762750954271 
1070	 0,256398171206927 
1071	 0,246673533821598 
1072	 0,235428286656586 
1073	 0,25005340583913 
1074	 0,251276613759225 
1075	 0,245689762527963 
