Wavelength	NEUF00480.asd
325	 0,187264304821557 
326	 0,164876849321744 
327	 0,144458923727036 
328	 0,166662081212561 
329	 0,119667677462264 
330	 7,09656722742388E-02 
331	 7,97680164518945E-02 
332	 0,172072363855087 
333	 0,243686158872259 
334	 0,249942935863951 
335	 0,206076604490264 
336	 0,112516554381559 
337	 3,06287617021558E-02 
338	-1,35982622968222E-02 
339	-1,60503114483621E-02 
340	 1,97641541962623E-02 
341	 8,01775152815421E-02 
342	 0,123725184239501 
343	 0,152194154964262 
344	 0,172004936023204 
345	 0,14401259169624 
346	 0,108211329627701 
347	 0,103066137709907 
348	 8,70940526917203E-02 
349	 5,80056058392915E-02 
350	 2,90044902763521E-02 
351	 4,67696094337239E-02 
352	 0,103742515097226 
353	 8,98097339606145E-02 
354	 0,054637356380813 
355	 0,068082851360554 
356	 7,47874520471082E-02 
357	 8,06461127625472E-02 
358	 0,139524149940913 
359	 0,161237490710294 
360	 0,118252100753467 
361	 0,113187709022284 
362	 0,121065401194816 
363	 8,83371013424358E-02 
364	 0,102417846216901 
365	 0,152889769586167 
366	 0,142867855803739 
367	 0,1181762914005 
368	 0,10701845113147 
369	 0,106349977503957 
370	 0,116444329613967 
371	 0,140023498655719 
372	 0,131122540548062 
373	 9,43377321459093E-02 
374	 0,100995187653563 
375	 0,127436686211032 
376	 0,150762997974342 
377	 0,145288184195067 
378	 0,124190916847851 
379	 0,122790475928849 
380	 0,128821085995928 
381	 0,137984666179448 
382	 0,150787051797399 
383	 0,152703749789993 
384	 0,13169279745572 
385	 0,128489306198439 
386	 0,140577260010634 
387	 0,140595769175421 
388	 0,130606750246024 
389	 0,116732490143391 
390	 0,12720283730538 
391	 0,139168628647263 
392	 0,123262107666394 
393	 0,124704098356934 
394	 0,142240925027695 
395	 0,143734966640516 
396	 0,144198444896612 
397	 0,15074763175237 
398	 0,159378396863742 
399	 0,162247949367989 
400	 0,147645005044839 
401	 0,140894040785546 
402	 0,14596834160873 
403	 0,150873112250407 
404	 0,155844370250148 
405	 0,160105664920252 
406	 0,154635505944355 
407	 0,144930281295757 
408	 0,143945316373254 
409	 0,143900971632624 
410	 0,142255227209794 
411	 0,136788182918916 
412	 0,136440729331055 
413	 0,148377126980951 
414	 0,150398793253407 
415	 0,144907617138669 
416	 0,148274853906803 
417	 0,152713843378596 
418	 0,154780849098042 
419	 0,153559684677061 
420	 0,151288790095527 
421	 0,150797060158289 
422	 0,148675454958566 
423	 0,1455406899723 
424	 0,145224681334943 
425	 0,147060058671104 
426	 0,150004577660193 
427	 0,149449560293397 
428	 0,147161806743881 
429	 0,147042199604454 
430	 0,149681609760476 
431	 0,153531503756661 
432	 0,151343623719061 
433	 0,147620295323736 
434	 0,146756037518093 
435	 0,149137793623952 
436	 0,152616740846136 
437	 0,151591703146652 
438	 0,150957221653763 
439	 0,15191317839757 
440	 0,149016690979852 
441	 0,146412658521888 
442	 0,149812780835682 
443	 0,151092761845973 
444	 0,149535745334364 
445	 0,149418492471382 
446	 0,151194660119732 
447	 0,154754841510093 
448	 0,156568618354264 
449	 0,156979335847711 
450	 0,157479384737778 
451	 0,159538577439816 
452	 0,162110150297916 
453	 0,158106489121435 
454	 0,154350155872384 
455	 0,157225052698438 
456	 0,158217016592193 
457	 0,157387532825904 
458	 0,15943346998354 
459	 0,16101380156439 
460	 0,160854193598641 
461	 0,160426291678845 
462	 0,159487927177516 
463	 0,157513965450295 
464	 0,15802132254868 
465	 0,160772703174432 
466	 0,16238029111039 
467	 0,160490270836054 
468	 0,154585007001201 
469	 0,154871649726755 
470	 0,159196836022693 
471	 0,160382401648292 
472	 0,159938622960549 
473	 0,159086567024526 
474	 0,162615122739264 
475	 0,164857949263694 
476	 0,160381135612108 
477	 0,158607429568767 
478	 0,160227977588947 
479	 0,16173816067443 
480	 0,161595826631255 
481	 0,159576620201585 
482	 0,160755909282754 
483	 0,16226609605414 
484	 0,158998048416277 
485	 0,159459214761323 
486	 0,163790028853548 
487	 0,163808821027444 
488	 0,162089334534515 
489	 0,160825085442784 
490	 0,160905404714835 
491	 0,161463031281336 
492	 0,159991751575673 
493	 0,158685953836925 
494	 0,158549786424738 
495	 0,160615991986954 
496	 0,162371284524654 
497	 0,161021269457838 
498	 0,160951911573209 
499	 0,162253318698669 
500	 0,162030854745848 
501	 0,161314361313602 
502	 0,161039811479346 
503	 0,163902527336212 
504	 0,167313464495873 
505	 0,166159668640856 
506	 0,166339363091948 
507	 0,168741394390361 
508	 0,169158143194335 
509	 0,169195377682216 
510	 0,170363664513414 
511	 0,170709110443428 
512	 0,170408485708725 
513	 0,170623080532632 
514	 0,17187756672366 
515	 0,174029122937175 
516	 0,174492542690853 
517	 0,174323927920648 
518	 0,175356811013806 
519	 0,176068490112082 
520	 0,176127235238143 
521	 0,175615537158987 
522	 0,175794254901571 
523	 0,177399906527352 
524	 0,178149377520855 
525	 0,177889479387139 
526	 0,177083625719709 
527	 0,176448404127195 
528	 0,176422373184962 
529	 0,177570640487419 
530	 0,17833959786726 
531	 0,176985674732154 
532	 0,176049643631954 
533	 0,176158459116913 
534	 0,177276152124732 
535	 0,178263056144114 
536	 0,178367897228148 
537	 0,177747813303319 
538	 0,176786009067354 
539	 0,175974957284276 
540	 0,176311032940213 
541	 0,177709613423232 
542	 0,178188192078639 
543	 0,178248608151408 
544	 0,178480775296527 
545	 0,178607809180192 
546	 0,178781951572044 
547	 0,179569875039986 
548	 0,180160407550693 
549	 0,180165340767834 
550	 0,179904667501924 
551	 0,179774697375115 
552	 0,180314531667613 
553	 0,180866999192568 
554	 0,181123229902547 
555	 0,1808175333878 
556	 0,180168582660973 
557	 0,17941894644873 
558	 0,179154441807547 
559	 0,17905788185743 
560	 0,178040920602225 
561	 0,176878387793787 
562	 0,176066225012915 
563	 0,176541156734318 
564	 0,177015210075446 
565	 0,175723483625224 
566	 0,17458923323302 
567	 0,17427529206386 
568	 0,17512365186037 
569	 0,176230975392042 
570	 0,176999724153073 
571	 0,178351026415441 
572	 0,180067087499091 
573	 0,181359142033009 
574	 0,183036423073527 
575	 0,18518872596413 
576	 0,186718822804117 
577	 0,188296023915207 
578	 0,190719322286682 
579	 0,191979333207331 
580	 0,192578568841541 
581	 0,19564117608337 
582	 0,198296651222178 
583	 0,199103220698646 
584	 0,200565403387884 
585	 0,202276193928879 
586	 0,202946094997156 
587	 0,203525883802475 
588	 0,204351564057386 
589	 0,205520608849283 
590	 0,206667217143662 
591	 0,207451538563583 
592	 0,208186334921501 
593	 0,208801988751727 
594	 0,208809935381744 
595	 0,209439604931881 
596	 0,210993801447646 
597	 0,21131384482358 
598	 0,210974721248583 
599	 0,211193243101407 
600	 0,21114929160499 
601	 0,210741310080527 
602	 0,21039901493444 
603	 0,20998789346247 
604	 0,209386414451724 
605	 0,208477119096024 
606	 0,207504869985523 
607	 0,207201299177271 
608	 0,206306551797 
609	 0,204583723744746 
610	 0,203643465640453 
611	 0,203023062257269 
612	 0,201980701701036 
613	 0,201250275333957 
614	 0,20093947447867 
615	 0,200902265371905 
616	 0,200539443519292 
617	 0,199529298279573 
618	 0,198703947521864 
619	 0,198239668901162 
620	 0,198224234345488 
621	 0,198192147884714 
622	 0,198018989655438 
623	 0,197976737929019 
624	 0,198172733373102 
625	 0,198679614172098 
626	 0,198998599466794 
627	 0,199090657977698 
628	 0,199204630937966 
629	 0,199263843971139 
630	 0,199365197364932 
631	 0,200330399780601 
632	 0,201730005932786 
633	 0,202746026154997 
634	 0,203472057215056 
635	 0,204127702160072 
636	 0,205561315318077 
637	 0,207106336768493 
638	 0,208215533808366 
639	 0,209785251527143 
640	 0,21145949585978 
641	 0,211955967883324 
642	 0,212467408165743 
643	 0,213379356065932 
644	 0,21385135007753 
645	 0,21421137479601 
646	 0,214975308034758 
647	 0,21534201729342 
648	 0,215121342731182 
649	 0,214429678304774 
650	 0,213643543740377 
651	 0,212982296696423 
652	 0,211945769856947 
653	 0,210508077115368 
654	 0,208757108835249 
655	 0,206865052558091 
656	 0,204894662515236 
657	 0,20273760312422 
658	 0,200422091301786 
659	 0,197978623786482 
660	 0,195445324539344 
661	 0,192947394723934 
662	 0,190772901874554 
663	 0,188604977764241 
664	 0,186337900919432 
665	 0,184457519976729 
666	 0,182652874416511 
667	 0,180312360431749 
668	 0,178922838305814 
669	 0,178468581052426 
670	 0,177031922233282 
671	 0,17580186702027 
672	 0,175690332779584 
673	 0,175286527301433 
674	 0,174680993401928 
675	 0,174705023436919 
676	 0,174845280455963 
677	 0,174835033066316 
678	 0,17426651061466 
679	 0,173823116427089 
680	 0,174335582157466 
681	 0,175304421835911 
682	 0,176589657087707 
683	 0,178146947585674 
684	 0,179841239407815 
685	 0,18166661060657 
686	 0,184111553772421 
687	 0,187393528672827 
688	 0,191761907588875 
689	 0,196385028355675 
690	 0,201185122582002 
691	 0,207003517965454 
692	 0,213710553804414 
693	 0,221154049417012 
694	 0,229551722152013 
695	 0,238906636718553 
696	 0,249223294614411 
697	 0,259577381730859 
698	 0,269604501194109 
699	 0,279971873245426 
700	 0,290640431604418 
701	 0,301421413956718 
702	 0,31205579402902 
703	 0,322401388829624 
704	 0,332412705989147 
705	 0,341748060255526 
706	 0,350196666094084 
707	 0,358034472360704 
708	 0,365462670291496 
709	 0,372719731143907 
710	 0,379523117650894 
711	 0,385818752468011 
712	 0,391829529627013 
713	 0,3972067027086 
714	 0,401665161388371 
715	 0,405901268372218 
716	 0,41000828009747 
717	 0,413806623856427 
718	 0,417455051656968 
719	 0,42097442334706 
720	 0,42410147468646 
721	 0,426756762829712 
722	 0,428890991306878 
723	 0,430804737777502 
724	 0,432727083765129 
725	 0,435076496437612 
726	 0,437214778596349 
727	 0,438732508178438 
728	 0,439867725500795 
729	 0,440904859033103 
730	 0,442255667479885 
731	 0,443707841639443 
732	 0,445057369686902 
733	 0,445748500754082 
734	 0,44632073646166 
735	 0,447254264609986 
736	 0,448261096321268 
737	 0,449151139359336 
738	 0,449587698116201 
739	 0,449921958189612 
740	 0,450341998428794 
741	 0,451019039497156 
742	 0,45173018393281 
743	 0,452204024484038 
744	 0,452583532920607 
745	 0,452857754941637 
746	 0,452852694641465 
747	 0,452990539303641 
748	 0,453510302145777 
749	 0,454320236580353 
750	 0,455051712996858 
751	 0,455163090085735 
752	 0,455524883052597 
753	 0,45618890917969 
754	 0,456396933178564 
755	 0,456435969630676 
756	 0,456547517106733 
757	 0,456834277514883 
758	 0,457275509592101 
759	 0,457823088592868 
760	 0,458059283499365 
761	 0,457964097562607 
762	 0,458221923958694 
763	 0,458438319700194 
764	 0,458268072396474 
765	 0,458770458625161 
766	 0,459670916607725 
767	 0,459766190743453 
768	 0,459676102747585 
769	 0,459675907266897 
770	 0,459869769047429 
771	 0,460265179931085 
772	 0,460836003147432 
773	 0,460828202987664 
774	 0,46046998846385 
775	 0,461021052966704 
776	 0,46161300896903 
777	 0,46176449008487 
778	 0,4614565874179 
779	 0,461251759183321 
780	 0,46196343826825 
781	 0,462338062416972 
782	 0,462237768467848 
783	 0,462469618182561 
784	 0,4627925266878 
785	 0,463000100800323 
786	 0,462712341173074 
787	 0,462402277576049 
788	 0,463001184729826 
789	 0,463514810840496 
790	 0,463707585268125 
791	 0,463998033915869 
792	 0,464215418981964 
793	 0,464233750109125 
794	 0,464252523551388 
795	 0,464379112238842 
796	 0,464772998519796 
797	 0,465084118980116 
798	 0,465193397077033 
799	 0,465186361656708 
800	 0,465253318053932 
801	 0,465539883015575 
802	 0,46552973907397 
803	 0,4653881815516 
804	 0,465775553140837 
805	 0,466236156021783 
806	 0,466596668045117 
807	 0,466876902770057 
808	 0,467217931771529 
809	 0,467742936287396 
810	 0,467758833012995 
811	 0,467507152037209 
812	 0,468073081268416 
813	 0,468622999641887 
814	 0,468760491163385 
815	 0,468356424734885 
816	 0,468113788821561 
817	 0,468839941000477 
818	 0,469335364723943 
819	 0,469535491024978 
820	 0,470232279717434 
821	 0,470393520881754 
822	 0,469766703514325 
823	 0,470039856159047 
824	 0,470825819819237 
825	 0,471397994537711 
826	 0,471391589102326 
827	 0,47103997407496 
828	 0,471434064382296 
829	 0,471829184398269 
830	 0,471904549172437 
831	 0,472260386025526 
832	 0,472705274208376 
833	 0,472902129062813 
834	 0,472868862357199 
835	 0,472711449561048 
836	 0,472708367001698 
837	 0,472983800604546 
838	 0,473499397558723 
839	 0,473475109061218 
840	 0,473240418275335 
841	 0,473381126133155 
842	 0,473650341868891 
843	 0,473921508862086 
844	 0,474052652299632 
845	 0,47374203063339 
846	 0,473052603099663 
847	 0,47357445022314 
848	 0,474592212662057 
849	 0,474852965774139 
850	 0,475036230814536 
851	 0,475187072937819 
852	 0,474939673258135 
853	 0,474754213834195 
854	 0,474881283227643 
855	 0,475104362685581 
856	 0,475346533351594 
857	 0,475538528611103 
858	 0,475591912461404 
859	 0,475524237611803 
860	 0,475400683510706 
861	 0,475614816255839 
862	 0,476273672861208 
863	 0,476616640469838 
864	 0,476680475636988 
865	 0,476637677518242 
866	 0,476599462399809 
867	 0,476702950613801 
868	 0,477222435249994 
869	 0,477776200390607 
870	 0,478091921100889 
871	 0,477828943585875 
872	 0,477512034383332 
873	 0,477785292698996 
874	 0,477915310993285 
875	 0,4779494179845 
876	 0,478568859863772 
877	 0,478750242786014 
878	 0,47832451557834 
879	 0,478972394353694 
880	 0,479938014930183 
881	 0,480280643132974 
882	 0,480432522749895 
883	 0,480520190554838 
884	 0,48061618911849 
885	 0,48107134723714 
886	 0,481768011304225 
887	 0,481373230905058 
888	 0,480964662866017 
889	 0,481548230750914 
890	 0,481734274688339 
891	 0,481634832181299 
892	 0,482032448346932 
893	 0,482520842121173 
894	 0,48297144316532 
895	 0,483428707383978 
896	 0,483766513879055 
897	 0,483873176128268 
898	 0,483652757264341 
899	 0,483392715293407 
900	 0,483592837555197 
901	 0,483988217351869 
902	 0,484502002592461 
903	 0,485244090069017 
904	 0,485491668255236 
905	 0,485003061718084 
906	 0,485619371318836 
907	 0,486402214165389 
908	 0,485726643142016 
909	 0,48563356029494 
910	 0,486162124921321 
911	 0,48576851416376 
912	 0,485481606330194 
913	 0,485733498327502 
914	 0,486007735111624 
915	 0,4862718134917 
916	 0,486534307104864 
917	 0,486737765615806 
918	 0,487041137979853 
919	 0,488027147524755 
920	 0,487894540415577 
921	 0,486647860745043 
922	 0,487605502296594 
923	 0,488465795956312 
924	 0,487370821178237 
925	 0,486995240786865 
926	 0,487179177839805 
927	 0,48683020847111 
928	 0,487300751329219 
929	 0,488320480323873 
930	 0,487515511516407 
931	 0,486900807115042 
932	 0,48739590428858 
933	 0,486443582192782 
934	 0,48545621023291 
935	 0,486485073083152 
936	 0,486211670135342 
937	 0,484789936703324 
938	 0,484749642732999 
939	 0,484944753417139 
940	 0,485050449725239 
941	 0,485632765919971 
942	 0,485763035217963 
943	 0,484731004558249 
944	 0,484194133808512 
945	 0,484013354040586 
946	 0,483378426298441 
947	 0,483016928940517 
948	 0,482918749146374 
949	 0,482283691426522 
950	 0,481784486236848 
951	 0,48163359653527 
952	 0,480505103304292 
953	 0,47921685360052 
954	 0,478872709844457 
955	 0,478240017312066 
956	 0,477435466586322 
957	 0,477344197945144 
958	 0,477864095085508 
959	 0,478608662147203 
960	 0,478081464127163 
961	 0,477346595390129 
962	 0,477154302094354 
963	 0,476059524361206 
964	 0,475140295957515 
965	 0,476262924307952 
966	 0,477601923079139 
967	 0,478088338014547 
968	 0,475935948648991 
969	 0,474264018580636 
970	 0,474422750734101 
971	 0,475354584805152 
972	 0,475863127822106 
973	 0,475116356570865 
974	 0,475927278582374 
975	 0,477233959865808 
976	 0,47631672421986 
977	 0,475662844164575 
978	 0,475980789868939 
979	 0,477540404653647 
980	 0,47714952452765 
981	 0,474168665093596 
982	 0,475009718966509 
983	 0,476664612457412 
984	 0,475845838033654 
985	 0,477169733280926 
986	 0,479487355755771 
987	 0,47910941787824 
988	 0,478547661616563 
989	 0,478241143923947 
990	 0,476881158470001 
991	 0,476542151854328 
992	 0,478381949481837 
993	 0,48232811351444 
994	 0,48508186853551 
995	 0,483459464388694 
996	 0,481079715640612 
997	 0,480292536187781 
998	 0,484175019935736 
999	 0,485961214444759 
1000	 0,48478539901756 
1001	 0,485495592781718 
1002	 0,485571803829772 
1003	 0,484342186163565 
1004	 0,485267926862188 
1005	 0,486842509180403 
1006	 0,487260472198855 
1007	 0,485847349838217 
1008	 0,483953675292536 
1009	 0,484124875079495 
1010	 0,485161729441927 
1011	 0,486292216893028 
1012	 0,485496851905194 
1013	 0,48851831358981 
1014	 0,495182660829217 
1015	 0,4910964166506 
1016	 0,486097070688504 
1017	 0,488629215155799 
1018	 0,490301974210213 
1019	 0,490833936756596 
1020	 0,491590350369554 
1021	 0,493304163970752 
1022	 0,495093332479978 
1023	 0,493685891181106 
1024	 0,494135825679679 
1025	 0,496853956097376 
1026	 0,495308057385278 
1027	 0,494086275837728 
1028	 0,495874346633898 
1029	 0,496325938009419 
1030	 0,496143286610988 
1031	 0,496472714231547 
1032	 0,493489888235924 
1033	 0,489901693917449 
1034	 0,492434785047439 
1035	 0,491541740448812 
1036	 0,487683196790013 
1037	 0,492073872609156 
1038	 0,497177047094338 
1039	 0,499675753928176 
1040	 0,502158971605068 
1041	 0,501959057028423 
1042	 0,497926616609838 
1043	 0,498060888531238 
1044	 0,501908220333658 
1045	 0,50679622889141 
1046	 0,505069903476966 
1047	 0,499063779717613 
1048	 0,498237358388896 
1049	 0,497137066903903 
1050	 0,495736663741757 
1051	 0,500321957107759 
1052	 0,50010099905818 
1053	 0,492870212312517 
1054	 0,498640326136782 
1055	 0,505650982683051 
1056	 0,503414235438127 
1057	 0,503755734252547 
1058	 0,504636643335171 
1059	 0,501162048120748 
1060	 0,49428912648335 
1061	 0,491370676289188 
1062	 0,507316762705807 
1063	 0,506708748808784 
1064	 0,490474127906356 
1065	 0,503815707707611 
1066	 0,510895915063275 
1067	 0,499694589072109 
1068	 0,499963564139181 
1069	 0,502701378780217 
1070	 0,500586273633765 
1071	 0,500191188812812 
1072	 0,499181470491719 
1073	 0,494501872289431 
1074	 0,494157042416603 
1075	 0,496418277286189 
