Wavelength	PENFOUL00458.asd
325	 0,18695707330039 
326	 0,293925809185782 
327	 0,384975386885809 
328	 0,393827720511176 
329	 0,405610469611836 
330	 0,351474525411051 
331	 0,25158495742551 
332	 0,307467204049262 
333	 0,444297493008503 
334	 0,366381712412801 
335	 0,265027146013691 
336	 0,204538916988278 
337	 0,163172178830972 
338	 0,159267448456293 
339	 0,204142855203681 
340	 0,252822612735581 
341	 0,275300275149245 
342	 0,213796904544028 
343	 0,197283338876827 
344	 0,250901032373773 
345	 0,21943480238124 
346	 0,175780370977593 
347	 0,197618218465402 
348	 0,203286333725734 
349	 0,188287910658821 
350	 0,170757608953478 
351	 0,149826271441575 
352	 0,129738912012624 
353	 0,145137594362696 
354	 0,167509391968093 
355	 0,16954172977259 
356	 0,17408338841031 
357	 0,184967576151929 
358	 0,205392439611148 
359	 0,190640314697703 
360	 0,134559380739995 
361	 0,141105198546098 
362	 0,177350063827939 
363	 0,174830542842246 
364	 0,15876878438376 
365	 0,141714150008688 
366	 0,151911293700952 
367	 0,171909466994548 
368	 0,186354255129313 
369	 0,16661937716263 
370	 0,137612215467493 
371	 0,150741827699289 
372	 0,15552066676358 
373	 0,14664272784945 
374	 0,165801744574098 
375	 0,185118790867132 
376	 0,187664209913791 
377	 0,183534908782597 
378	 0,175184451855373 
379	 0,159574463623618 
380	 0,158621001825677 
381	 0,176250868940964 
382	 0,188982619386461 
383	 0,18875197462865 
384	 0,17120443060067 
385	 0,165018435340761 
386	 0,17150256892859 
387	 0,177607532536233 
388	 0,183511162410968 
389	 0,187173429117306 
390	 0,182178985135956 
391	 0,175246272575306 
392	 0,174898028994565 
393	 0,173951997952108 
394	 0,171265239149144 
395	 0,167941605240589 
396	 0,165300635697001 
397	 0,164419217650585 
398	 0,166336950100555 
399	 0,170643494234115 
400	 0,177173803544573 
401	 0,174841214911292 
402	 0,166032526780528 
403	 0,171293573049181 
404	 0,175981004108703 
405	 0,171203980241823 
406	 0,170336502776436 
407	 0,171226704231953 
408	 0,165333173609454 
409	 0,162356457694711 
410	 0,164271231786726 
411	 0,166481162880259 
412	 0,168257386358462 
413	 0,168967077661893 
414	 0,165351161203381 
415	 0,160524413281682 
416	 0,164038627043111 
417	 0,166940500949669 
418	 0,166566694915565 
419	 0,171178073685815 
420	 0,174320399225518 
421	 0,167527029443811 
422	 0,1624371430771 
423	 0,161707048225424 
424	 0,16381856005498 
425	 0,165679732593458 
426	 0,165380635730203 
427	 0,163992579688303 
428	 0,162312943598543 
429	 0,161370128498571 
430	 0,160750919809121 
431	 0,160872942810653 
432	 0,164114067154144 
433	 0,1665071627579 
434	 0,164820844092733 
435	 0,163250644822307 
436	 0,163147348028318 
437	 0,165824202062418 
438	 0,168232370728745 
439	 0,169153868165149 
440	 0,170429327434329 
441	 0,170481200092052 
442	 0,167201954346965 
443	 0,164894821864525 
444	 0,164442930334963 
445	 0,16474147458993 
446	 0,165393422472509 
447	 0,166133922995826 
448	 0,167833581720877 
449	 0,168551433450892 
450	 0,163957666667779 
451	 0,164767402559141 
452	 0,171625225025996 
453	 0,171161078305464 
454	 0,169500379497149 
455	 0,17249448880382 
456	 0,172645562526263 
457	 0,170208375730081 
458	 0,16949149949025 
459	 0,168885349019786 
460	 0,168166883329082 
461	 0,169525887330203 
462	 0,171410927295929 
463	 0,171556433982792 
464	 0,171341093408932 
465	 0,171435110473811 
466	 0,172972475653895 
467	 0,174272797900253 
468	 0,174263400891853 
469	 0,174023520465522 
470	 0,173449763144892 
471	 0,1717462361569 
472	 0,171861891375429 
473	 0,174154408756799 
474	 0,175702758757277 
475	 0,175269252704433 
476	 0,172066778299043 
477	 0,17120363722081 
478	 0,172885825229647 
479	 0,174777918578679 
480	 0,175114950571347 
481	 0,173393330094731 
482	 0,172999769513471 
483	 0,173742632056627 
484	 0,174811194691987 
485	 0,174507373862427 
486	 0,173062127044231 
487	 0,173099381563617 
488	 0,174367424712341 
489	 0,176344713148413 
490	 0,175985244607197 
491	 0,174145287225887 
492	 0,173873641231719 
493	 0,173835674136184 
494	 0,173507403340457 
495	 0,172131548774943 
496	 0,171184851856201 
497	 0,172325665969832 
498	 0,173478620739395 
499	 0,173981230873967 
500	 0,173343586670689 
501	 0,173420277490987 
502	 0,174997611295657 
503	 0,175229470748454 
504	 0,174714420645522 
505	 0,175131334084114 
506	 0,175486749852724 
507	 0,175875230304514 
508	 0,17806159849855 
509	 0,179449904348025 
510	 0,177951673830401 
511	 0,178818284006473 
512	 0,181335795782399 
513	 0,181077867014096 
514	 0,180296893844873 
515	 0,180151744016072 
516	 0,181605799059702 
517	 0,183201305297224 
518	 0,182806267048009 
519	 0,182570811386671 
520	 0,183031212747652 
521	 0,184066722332641 
522	 0,184665598025442 
523	 0,184119298879308 
524	 0,182977648753909 
525	 0,182149591032342 
526	 0,183459724033895 
527	 0,184567112294331 
528	 0,184643004310336 
529	 0,184244207620251 
530	 0,183850235276739 
531	 0,183945805825421 
532	 0,18387051548489 
533	 0,18360825377299 
534	 0,18365894937976 
535	 0,183447099969708 
536	 0,182717045073062 
537	 0,182203710878886 
538	 0,182241630159789 
539	 0,1833225802812 
540	 0,183837977894738 
541	 0,183395334426683 
542	 0,182760068247984 
543	 0,182789204956627 
544	 0,184177101557909 
545	 0,184915420745273 
546	 0,184781455514764 
547	 0,184440895212695 
548	 0,183992909362823 
549	 0,183658180238516 
550	 0,184285341184001 
551	 0,185047378370103 
552	 0,184544534491912 
553	 0,184070557386992 
554	 0,183992103706151 
555	 0,184132407710008 
556	 0,184472044513558 
557	 0,184895391292286 
558	 0,184089271914621 
559	 0,182709278550739 
560	 0,183021055871058 
561	 0,183143570941019 
562	 0,18245664786148 
563	 0,182090381383397 
564	 0,181691539512192 
565	 0,180669148795491 
566	 0,180116815713739 
567	 0,180364621503083 
568	 0,181479093111452 
569	 0,182524402912023 
570	 0,182897079262997 
571	 0,183534026537368 
572	 0,184661355881997 
573	 0,186501502343011 
574	 0,188045068443003 
575	 0,189074913476037 
576	 0,190713446221028 
577	 0,192292038404683 
578	 0,193019511509006 
579	 0,194369774587104 
580	 0,196248477650398 
581	 0,197234883786242 
582	 0,198195761474075 
583	 0,199633650980849 
584	 0,201422010211179 
585	 0,203054447237354 
586	 0,20365943178678 
587	 0,204663933392808 
588	 0,206267134031663 
589	 0,207188009970721 
590	 0,208121443747243 
591	 0,209678064494117 
592	 0,210211885027787 
593	 0,209951973898419 
594	 0,210380338324201 
595	 0,210837324255941 
596	 0,211122122988711 
597	 0,211851557771585 
598	 0,212590831030176 
599	 0,212626415416049 
600	 0,212397647260791 
601	 0,211992211968807 
602	 0,211256633971077 
603	 0,210459814750081 
604	 0,209798295350358 
605	 0,208894196308078 
606	 0,207887906742433 
607	 0,207212712695953 
608	 0,206810884943927 
609	 0,206639792381708 
610	 0,206633927206456 
611	 0,206246635562532 
612	 0,20484813359456 
613	 0,203623485435043 
614	 0,202856239687359 
615	 0,202240179482187 
616	 0,202111819412518 
617	 0,202543307612322 
618	 0,202259752920496 
619	 0,20155572285312 
620	 0,201361969221027 
621	 0,201527862836445 
622	 0,20181387785276 
623	 0,201254569734311 
624	 0,200459769401042 
625	 0,200145378081456 
626	 0,200896063139818 
627	 0,202235313773727 
628	 0,202514199078804 
629	 0,202287130513382 
630	 0,202014082354782 
631	 0,202882384412299 
632	 0,204284101292319 
633	 0,205046221305199 
634	 0,205219181649668 
635	 0,205123440543819 
636	 0,205929762979489 
637	 0,207564684642532 
638	 0,209787583159873 
639	 0,210814161843424 
640	 0,210889296657897 
641	 0,211447495029208 
642	 0,212536770110452 
643	 0,214008479135923 
644	 0,214513881657877 
645	 0,214636110427817 
646	 0,215301550648557 
647	 0,215416506597077 
648	 0,214937268625063 
649	 0,214693165151277 
650	 0,214289677368089 
651	 0,213468026388025 
652	 0,212385606250491 
653	 0,211198599062084 
654	 0,210221715045027 
655	 0,208723689031541 
656	 0,206543286318161 
657	 0,204130139552309 
658	 0,201989827304757 
659	 0,200572388272996 
660	 0,198707780805176 
661	 0,196479383478785 
662	 0,194920888638799 
663	 0,193464913304202 
664	 0,191780944322677 
665	 0,189664198448962 
666	 0,187583965349851 
667	 0,186261224197587 
668	 0,185362068726789 
669	 0,184805719660782 
670	 0,184689151323872 
671	 0,184546262760395 
672	 0,18399273373195 
673	 0,183135373224018 
674	 0,182239706140311 
675	 0,181763556292664 
676	 0,181885302279286 
677	 0,182459323298133 
678	 0,182199735942631 
679	 0,181863503245381 
680	 0,182461018997646 
681	 0,183149018353407 
682	 0,183834865304219 
683	 0,184833586491234 
684	 0,186079912439739 
685	 0,187567918878913 
686	 0,18938985783009 
687	 0,191802634221826 
688	 0,195191731073498 
689	 0,199322411076985 
690	 0,204178294797403 
691	 0,210026598881104 
692	 0,216355474836254 
693	 0,222772127267335 
694	 0,230381126045133 
695	 0,239280654149715 
696	 0,249255436252937 
697	 0,259688405138526 
698	 0,270273887120956 
699	 0,281349750784922 
700	 0,292902086400641 
701	 0,304882034854391 
702	 0,31647834438626 
703	 0,327552219779916 
704	 0,338660111429613 
705	 0,349179956180594 
706	 0,358774613065318 
707	 0,368087527335573 
708	 0,377211475746175 
709	 0,386209904395005 
710	 0,394067080340772 
711	 0,400724709870113 
712	 0,407556297737769 
713	 0,414163947764273 
714	 0,420092319634278 
715	 0,425381319929076 
716	 0,430172551763104 
717	 0,434819334560854 
718	 0,439099305837396 
719	 0,442931383528395 
720	 0,446403669140508 
721	 0,449627254282192 
722	 0,452734699304576 
723	 0,455682931355489 
724	 0,458412417309034 
725	 0,460772646603306 
726	 0,462834606238454 
727	 0,464685855629909 
728	 0,466616805436343 
729	 0,468372922767401 
730	 0,469414298535746 
731	 0,470477731425453 
732	 0,471738179372397 
733	 0,472826790153265 
734	 0,473923966493024 
735	 0,475151266849358 
736	 0,475825499710973 
737	 0,476280766167761 
738	 0,477702909252698 
739	 0,478870422296465 
740	 0,479379829929804 
741	 0,479862196452409 
742	 0,480187859229988 
743	 0,480170409698465 
744	 0,480704344367244 
745	 0,481787297468673 
746	 0,482877197767593 
747	 0,48324256533265 
748	 0,482699408736311 
749	 0,483172624321404 
750	 0,484027135616989 
751	 0,483903404219357 
752	 0,484275587816291 
753	 0,485191093171186 
754	 0,485304982797418 
755	 0,48519181672487 
756	 0,48532576017762 
757	 0,485904236680521 
758	 0,486649964228286 
759	 0,486983078658334 
760	 0,486888264792573 
761	 0,486547312376496 
762	 0,486840632580191 
763	 0,487316181530241 
764	 0,487511163265813 
765	 0,487680799888807 
766	 0,487942830272758 
767	 0,488552617488307 
768	 0,488848272247949 
769	 0,488682829959584 
770	 0,488921722448238 
771	 0,489299159911835 
772	 0,489418033608392 
773	 0,489493172366194 
774	 0,489576046507743 
775	 0,48961664192869 
776	 0,490007826072859 
777	 0,490774155669632 
778	 0,490572555043335 
779	 0,49004208420318 
780	 0,490326967985945 
781	 0,490713229809453 
782	 0,491036404480106 
783	 0,491392372661376 
784	 0,491717409424779 
785	 0,491939975006415 
786	 0,491815980048417 
787	 0,491689099008471 
788	 0,492241233753572 
789	 0,49247751766366 
790	 0,492222212299383 
791	 0,492107043511379 
792	 0,49205755656972 
793	 0,492003050199009 
794	 0,491883295434272 
795	 0,491913745098766 
796	 0,492607501323913 
797	 0,493097341640172 
798	 0,493140928481599 
799	 0,493227161785559 
800	 0,493247826197229 
801	 0,49311070696398 
802	 0,493231388197583 
803	 0,493600608574936 
804	 0,494021578071444 
805	 0,494272648939746 
806	 0,494307248351708 
807	 0,494513616677899 
808	 0,494603845788667 
809	 0,494280984705226 
810	 0,494418729005 
811	 0,494919984105195 
812	 0,494980589256297 
813	 0,49504673217669 
814	 0,495285132713803 
815	 0,495590838371799 
816	 0,495771793782599 
817	 0,495633246406427 
818	 0,495928307421053 
819	 0,496599449309018 
820	 0,496985885942349 
821	 0,497101939752465 
822	 0,497001393856046 
823	 0,497079098123282 
824	 0,49730970185753 
825	 0,497597370233133 
826	 0,497960948252324 
827	 0,498334823323933 
828	 0,498595653205676 
829	 0,498548630754894 
830	 0,498154968786657 
831	 0,497788679930178 
832	 0,497874608266859 
833	 0,498894119685767 
834	 0,499109236179664 
835	 0,498580789100179 
836	 0,499145528908005 
837	 0,499376861957742 
838	 0,498743810842565 
839	 0,499221488723137 
840	 0,500135284985922 
841	 0,500239177468304 
842	 0,500424558978334 
843	 0,500654281227609 
844	 0,500005575903922 
845	 0,499818616829817 
846	 0,500696187961516 
847	 0,50128716843743 
848	 0,501332641458597 
849	 0,500722970781609 
850	 0,500455410254402 
851	 0,500721355140004 
852	 0,501263231777032 
853	 0,501181436917099 
854	 0,500254033935726 
855	 0,500675824208716 
856	 0,501525760215956 
857	 0,501224480351054 
858	 0,501691312856753 
859	 0,502758838016025 
860	 0,502404673169434 
861	 0,502029245968749 
862	 0,502320632612448 
863	 0,502644318658435 
864	 0,502944596208613 
865	 0,503226479491422 
866	 0,503453958319462 
867	 0,503596072462533 
868	 0,503618096671371 
869	 0,503432916614507 
870	 0,503172182675595 
871	 0,503834830234714 
872	 0,504686823918012 
873	 0,504747391657624 
874	 0,504466071753123 
875	 0,504120050471386 
876	 0,504117160745298 
877	 0,504622064906468 
878	 0,505471133868638 
879	 0,505381449027226 
880	 0,50491355785101 
881	 0,504785497661027 
882	 0,504604021511128 
883	 0,504555167534798 
884	 0,505311528161899 
885	 0,50594127129696 
886	 0,506122768468093 
887	 0,506141339233702 
888	 0,506500392611899 
889	 0,507538631163907 
890	 0,507634923660797 
891	 0,506987218950878 
892	 0,506712667278198 
893	 0,506300886629156 
894	 0,505792532430776 
895	 0,505823551161517 
896	 0,506282810667057 
897	 0,506962904867511 
898	 0,507024610141165 
899	 0,506798387140633 
900	 0,507125498011611 
901	 0,50740465762451 
902	 0,507460414023176 
903	 0,507337633218911 
904	 0,506988364400056 
905	 0,506519036664745 
906	 0,506849859962978 
907	 0,507424865285111 
908	 0,507305901520076 
909	 0,508007246132319 
910	 0,509138305164687 
911	 0,508278603586257 
912	 0,507651466010303 
913	 0,508204158332667 
914	 0,508808846337355 
915	 0,508907926240116 
916	 0,50806613175973 
917	 0,507571182002237 
918	 0,507750216538218 
919	 0,508802916286074 
920	 0,508995791704917 
921	 0,508131883714723 
922	 0,5086205101086 
923	 0,509286978177772 
924	 0,509148647653651 
925	 0,509531070601613 
926	 0,509940168245461 
927	 0,509169628401187 
928	 0,508098369678098 
929	 0,507272700285867 
930	 0,507531655813131 
931	 0,508245757855126 
932	 0,508887495377465 
933	 0,508933653736689 
934	 0,508339979204313 
935	 0,507194540967865 
936	 0,506404999531025 
937	 0,50619396568091 
938	 0,506484881609252 
939	 0,506826540491037 
940	 0,506839563985281 
941	 0,50579835161511 
942	 0,504961329811324 
943	 0,505293710279463 
944	 0,504046960003519 
945	 0,502741451498736 
946	 0,505010453804602 
947	 0,506486627425208 
948	 0,505898018956303 
949	 0,503668466890105 
950	 0,501866162451885 
951	 0,501575203261536 
952	 0,500920127762879 
953	 0,500161155083009 
954	 0,499829423223577 
955	 0,499764758159601 
956	 0,499526169426292 
957	 0,498045014696871 
958	 0,4968224286115 
959	 0,496568291327578 
960	 0,497972461320407 
961	 0,498205049689143 
962	 0,495626076164146 
963	 0,4956484384116 
964	 0,497057263870142 
965	 0,496843516344998 
966	 0,495714757472821 
967	 0,494544293893669 
968	 0,495672867099188 
969	 0,496359316412922 
970	 0,495574574215746 
971	 0,494654233437935 
972	 0,494433882230958 
973	 0,49550315221973 
974	 0,496845040108019 
975	 0,497319058132563 
976	 0,495316626219293 
977	 0,494299866798493 
978	 0,494994445040576 
979	 0,496021000969781 
980	 0,497467612034421 
981	 0,498947071929004 
982	 0,49866917622413 
983	 0,497650366351351 
984	 0,497083280172263 
985	 0,496373606302657 
986	 0,496238110795116 
987	 0,49815552230325 
988	 0,49985838766476 
989	 0,50034024573417 
990	 0,498649241602685 
991	 0,498097726297419 
992	 0,500011935374203 
993	 0,500677638565932 
994	 0,500813488160184 
995	 0,501461363246067 
996	 0,501917722269863 
997	 0,502612467795921 
998	 0,504613961627901 
999	 0,505601133895467 
1000	 0,505278211937082 
1001	 0,504973301149263 
1002	 0,506267750229567 
1003	 0,50940150573809 
1004	 0,510935263637969 
1005	 0,510415355745395 
1006	 0,508071807756536 
1007	 0,507953159580448 
1008	 0,508988800574831 
1009	 0,507895229811404 
1010	 0,508124281199778 
1011	 0,510042248535919 
1012	 0,512095142969061 
1013	 0,512358654750634 
1014	 0,510546266396019 
1015	 0,510029606763542 
1016	 0,511409401484633 
1017	 0,514721566287628 
1018	 0,517645377489723 
1019	 0,518124139685552 
1020	 0,514087225225783 
1021	 0,512987749472904 
1022	 0,514445549713908 
1023	 0,511506589099143 
1024	 0,510397002211408 
1025	 0,512446689545292 
1026	 0,513629469603309 
1027	 0,515182146997619 
1028	 0,517378446105274 
1029	 0,515945602487829 
1030	 0,514435910496172 
1031	 0,517194000372334 
1032	 0,518195399714604 
1033	 0,519145501208373 
1034	 0,525806742289185 
1035	 0,527932208743471 
1036	 0,524534834881574 
1037	 0,523132680433232 
1038	 0,520595788227289 
1039	 0,517224399597193 
1040	 0,521043874076764 
1041	 0,522785226363947 
1042	 0,516420491890777 
1043	 0,521372849097846 
1044	 0,527502500451406 
1045	 0,518457690859654 
1046	 0,516153713903992 
1047	 0,52165552009985 
1048	 0,525600842261666 
1049	 0,525766303809103 
1050	 0,522025651540332 
1051	 0,517540492973746 
1052	 0,517812774673015 
1053	 0,523080432021111 
1054	 0,517492893512011 
1055	 0,516557408149069 
1056	 0,531424644227753 
1057	 0,529186236219353 
1058	 0,51965211204213 
1059	 0,521861143135864 
1060	 0,523774981339557 
1061	 0,523786222514624 
1062	 0,523319021121355 
1063	 0,52934724108237 
1064	 0,5379960292195 
1065	 0,525384636699142 
1066	 0,525642034894558 
1067	 0,544710747476544 
1068	 0,525690900586005 
1069	 0,50779610787222 
1070	 0,518099394082352 
1071	 0,523455163206663 
1072	 0,519458624193238 
1073	 0,508025050094054 
1074	 0,51635249132059 
1075	 0,531498667711051 
