Wavelength	PENFOUL00075.asd
325	 0,237915161473499 
326	 0,378738014515018 
327	 0,410360082616504 
328	 0,308298008790728 
329	 0,287733903809475 
330	 0,264077378287754 
331	 0,204858064436398 
332	 0,203057413085319 
333	 0,231597723835297 
334	 0,232989200226436 
335	 0,193127174961108 
336	 0,115080982173534 
337	 1,33402297794668E-03 
338	-2,05518832795033E-02 
339	 0,136105417475465 
340	 0,124342116129924 
341	 2,90307167610376E-02 
342	 8,68259841086917E-02 
343	 0,123846014839103 
344	 9,70579262454321E-02 
345	 0,116021212253571 
346	 0,128134789240007 
347	 8,31745127214782E-02 
348	 6,18842918637277E-02 
349	 6,24208091006396E-02 
350	 5,75680319839501E-02 
351	 5,02254398112893E-02 
352	 4,55890916800176E-02 
353	 7,62115112574201E-02 
354	 0,101664040152064 
355	 8,72815536749753E-02 
356	 5,32071603804232E-02 
357	 2,33970046540353E-02 
358	 5,95300367954101E-02 
359	 8,20793854775243E-02 
360	 6,38991680876783E-02 
361	 6,23195179003958E-02 
362	 7,92935740195898E-02 
363	 0,106375310281515 
364	 9,12882403622774E-02 
365	 0,042682989933586 
366	 3,56719110381982E-02 
367	 5,13257456836965E-02 
368	 6,99152108183058E-02 
369	 3,97523479980227E-02 
370	 4,06663286838525E-03 
371	 5,38062226799494E-02 
372	 7,54324756505306E-02 
373	 5,43213565765205E-02 
374	 8,25114502059886E-02 
375	 9,04171893570348E-02 
376	 3,62938102216051E-02 
377	 4,58996850686255E-02 
378	 9,01721190223397E-02 
379	 0,068800108032257 
380	 4,45870096950331E-02 
381	 4,04211846182832E-02 
382	 5,62241670144449E-02 
383	 6,53406872608672E-02 
384	 4,62573267138155E-02 
385	 4,37219457255115E-02 
386	 5,63990613434398E-02 
387	 5,76686375498014E-02 
388	 5,82686834481547E-02 
389	 6,08343221769543E-02 
390	 0,059128151789842 
391	 5,48703184886955E-02 
392	 5,07783648656326E-02 
393	 5,33337675962178E-02 
394	 5,77478003101531E-02 
395	 4,48412619166232E-02 
396	 3,62947331523503E-02 
397	 0,042131956366133 
398	 4,45073315031698E-02 
399	 0,046124023811376 
400	 5,46675433357559E-02 
401	 5,13158975595859E-02 
402	 0,038761412214779 
403	 4,48198582231472E-02 
404	 5,56071943606959E-02 
405	 6,06331499410361E-02 
406	 0,054316797204102 
407	 4,44718430862296E-02 
408	 4,90884162270066E-02 
409	 5,33567848056948E-02 
410	 5,32768685334968E-02 
411	 5,28807011558245E-02 
412	 0,049865319635327 
413	 4,24619161517271E-02 
414	 3,71735698220236E-02 
415	 3,74061840104855E-02 
416	 4,98845947276441E-02 
417	 5,58209037867892E-02 
418	 0,050538357051402 
419	 5,73501378222201E-02 
420	 6,37922266181231E-02 
421	 5,25078617054793E-02 
422	 4,50581900784102E-02 
423	 4,51887849952897E-02 
424	 4,64178702720044E-02 
425	 4,87744862613133E-02 
426	 0,051523650900591 
427	 0,049212190392683 
428	 4,53315796870934E-02 
429	 4,73633970433513E-02 
430	 4,83825539817531E-02 
431	 4,75131062427457E-02 
432	 0,050514683993635 
433	 5,27491214285411E-02 
434	 5,02412825045023E-02 
435	 4,63906261511411E-02 
436	 4,40527533927469E-02 
437	 4,86941010796877E-02 
438	 5,29991104653293E-02 
439	 5,37165979794892E-02 
440	 5,17466339407751E-02 
441	 4,95442243126375E-02 
442	 5,00420321683372E-02 
443	 5,15440424195305E-02 
444	 5,24590824734929E-02 
445	 4,85850692606404E-02 
446	 4,64792314877874E-02 
447	 4,97701418095914E-02 
448	 5,24329037910579E-02 
449	 5,34030602092243E-02 
450	 5,22123129149025E-02 
451	 5,19690709390445E-02 
452	 5,33142494808404E-02 
453	 5,41089993162714E-02 
454	 5,41291625858988E-02 
455	 5,32731505949235E-02 
456	 0,051559834515848 
457	 4,98880607686321E-02 
458	 5,03933823538066E-02 
459	 5,13167615891927E-02 
460	 5,20955352895317E-02 
461	 5,44334419612351E-02 
462	 5,69026123561292E-02 
463	 5,75050914822761E-02 
464	 5,56996176262177E-02 
465	 5,27090104016185E-02 
466	 0,052948291422956 
467	 5,43715078241482E-02 
468	 5,54255299211783E-02 
469	 5,51780294823613E-02 
470	 5,44554230934126E-02 
471	 5,50765982594711E-02 
472	 0,056737713068519 
473	 5,90690974535547E-02 
474	 6,13473886760358E-02 
475	 6,13605849045446E-02 
476	 5,72791411860737E-02 
477	 5,45626702187148E-02 
478	 5,43637700960203E-02 
479	 5,65149969900984E-02 
480	 5,74419707021274E-02 
481	 5,59372173796182E-02 
482	 5,69248809303695E-02 
483	 5,90781450806288E-02 
484	 0,059754232195269 
485	 5,97328033709085E-02 
486	 5,95862656808664E-02 
487	 6,08110385458589E-02 
488	 6,20648261207932E-02 
489	 6,22591794123475E-02 
490	 0,061334887141553 
491	 6,02266297756095E-02 
492	 6,10785798061171E-02 
493	 6,14758971380966E-02 
494	 6,08257048343979E-02 
495	 6,08881787436952E-02 
496	 6,10682729556013E-02 
497	 6,05705094734908E-02 
498	 0,060093869033837 
499	 6,01499416328358E-02 
500	 6,18554178666336E-02 
501	 6,30868347726208E-02 
502	 6,28593203517344E-02 
503	 0,063985995788563 
504	 6,53287356818273E-02 
505	 6,43112172753717E-02 
506	 6,28823040704822E-02 
507	 6,20858420147609E-02 
508	 6,36022755410335E-02 
509	 6,50001352795552E-02 
510	 6,42227458314611E-02 
511	 6,48968573822428E-02 
512	 6,64783830223919E-02 
513	 6,56243795523823E-02 
514	 6,54721436027884E-02 
515	 6,70938312880906E-02 
516	 0,06808925239532 
517	 6,83991654085209E-02 
518	 6,82849430294254E-02 
519	 6,85429149327431E-02 
520	 6,91505172290439E-02 
521	 6,92111083498775E-02 
522	 6,87290152030912E-02 
523	 6,79129055622143E-02 
524	 6,88344041453321E-02 
525	 0,07056571993123 
526	 7,02623404280718E-02 
527	 7,01656154389522E-02 
528	 7,08828287595094E-02 
529	 7,14540443565919E-02 
530	 7,16836960637653E-02 
531	 7,14432340615052E-02 
532	 7,12823843950252E-02 
533	 7,13886595824465E-02 
534	 7,17794055543845E-02 
535	 7,25363836591187E-02 
536	 7,35651332313318E-02 
537	 7,37618070302834E-02 
538	 7,36609874108652E-02 
539	 7,46054737507196E-02 
540	 7,47884707327621E-02 
541	 7,39980238830952E-02 
542	 7,38212268922666E-02 
543	 7,43923087114947E-02 
544	 7,56892727236614E-02 
545	 7,64588276085693E-02 
546	 7,65164096521039E-02 
547	 0,076137645660408 
548	 7,59520086704553E-02 
549	 7,63381409066382E-02 
550	 7,72776151758859E-02 
551	 0,078290145337929 
552	 7,86993561609781E-02 
553	 7,86416463550745E-02 
554	 7,83269864269399E-02 
555	 7,83699053969006E-02 
556	 7,86973810436772E-02 
557	 0,079207858524922 
558	 7,96177804514896E-02 
559	 7,99118109902096E-02 
560	 8,02275058979697E-02 
561	 8,04978802515395E-02 
562	 8,06988883754048E-02 
563	 8,09343577742215E-02 
564	 8,08566122690384E-02 
565	 8,00011741852522E-02 
566	 0,07972219413348 
567	 8,03211628289021E-02 
568	 8,15862594627409E-02 
569	 8,22425762161035E-02 
570	 0,081567834050487 
571	 8,17842181561155E-02 
572	 8,28961794943478E-02 
573	 0,084359199134528 
574	 8,41900993083938E-02 
575	 8,23326180376482E-02 
576	 8,28018362938152E-02 
577	 8,40876063252801E-02 
578	 8,41947769776211E-02 
579	 8,52681795944487E-02 
580	 8,68743099313231E-02 
581	 8,62177882499007E-02 
582	 8,55873967754621E-02 
583	 8,62821371200192E-02 
584	 8,74308754684718E-02 
585	 8,83983515007286E-02 
586	 8,82691440402499E-02 
587	 8,84521935248833E-02 
588	 8,91436588491114E-02 
589	 8,90119221163831E-02 
590	 8,91572488675537E-02 
591	 9,05257060368377E-02 
592	 9,04766970327493E-02 
593	 8,94536326780963E-02 
594	 9,01939440361701E-02 
595	 9,06186321308397E-02 
596	 0,089957708770474 
597	 8,97961165109049E-02 
598	 9,00236374801094E-02 
599	 9,02177840112666E-02 
600	 9,04592429719129E-02 
601	 9,06573104310286E-02 
602	 9,04129175602339E-02 
603	 9,04226700175951E-02 
604	 9,11447231895504E-02 
605	 9,11606049092558E-02 
606	 9,06646723353764E-02 
607	 9,07485314605841E-02 
608	 0,090691276394139 
609	 0,090480032977854 
610	 9,15870181360283E-02 
611	 9,26223629266367E-02 
612	 9,17768724722028E-02 
613	 9,07334686173201E-02 
614	 9,00844310267463E-02 
615	 0,090188945214994 
616	 9,05922436099871E-02 
617	 9,09490759394671E-02 
618	 9,10965066524718E-02 
619	 9,11784652391143E-02 
620	 0,091585070345682 
621	 9,17328217898462E-02 
622	 9,14608901893915E-02 
623	 9,10331920190316E-02 
624	 9,05300814555127E-02 
625	 9,00513075120509E-02 
626	 9,04003420148217E-02 
627	 9,14156327924517E-02 
628	 9,22429599326935E-02 
629	 9,25191661022731E-02 
630	 9,21664907240735E-02 
631	 9,23556325792953E-02 
632	 9,28595829678895E-02 
633	 9,30860208053025E-02 
634	 9,30148340454346E-02 
635	 9,27939878371167E-02 
636	 9,30853259293402E-02 
637	 9,35112693732023E-02 
638	 9,37590922184362E-02 
639	 9,43756644079017E-02 
640	 0,095107956124487 
641	 9,51393281442878E-02 
642	 9,48975780482183E-02 
643	 9,46473054520531E-02 
644	 0,094797047152058 
645	 0,095249421648476 
646	 9,58227989638116E-02 
647	 9,57803071056051E-02 
648	 9,52288148097578E-02 
649	 9,51830584933016E-02 
650	 9,55761746063584E-02 
651	 9,62357624101028E-02 
652	 0,096043269692319 
653	 9,52997285107342E-02 
654	 0,094982214750754 
655	 9,45585653304562E-02 
656	 9,39601038966013E-02 
657	 9,35140531473771E-02 
658	 9,34179387975105E-02 
659	 9,38068098944172E-02 
660	 9,34897157994933E-02 
661	 9,26349087559774E-02 
662	 9,26123033758667E-02 
663	 9,21712081273453E-02 
664	 9,09506026846856E-02 
665	 9,11956516397773E-02 
666	 9,16373096663272E-02 
667	 8,98612947684282E-02 
668	 0,089088828427106 
669	 8,98760427231306E-02 
670	 9,06167060091353E-02 
671	 9,08419766772712E-02 
672	 9,02675825806059E-02 
673	 8,99499877301648E-02 
674	 8,98879899554927E-02 
675	 8,94080281201341E-02 
676	 8,98406841302055E-02 
677	 9,12433137806687E-02 
678	 9,10186433686361E-02 
679	 9,03728368351703E-02 
680	 9,09693905496973E-02 
681	 9,14691123237055E-02 
682	 9,17817961827013E-02 
683	 9,26580641359086E-02 
684	 9,33720951079465E-02 
685	 9,35647829651749E-02 
686	 9,40088863310215E-02 
687	 9,47935146600062E-02 
688	 9,59012860197266E-02 
689	 9,68526091520595E-02 
690	 9,75904600515627E-02 
691	 9,86327611710227E-02 
692	 9,97906076432515E-02 
693	 0,100899629123585 
694	 0,102331681936282 
695	 0,104080917477788 
696	 0,106066983492956 
697	 0,107651401073775 
698	 0,108689487358366 
699	 0,11020811181327 
700	 0,1119640438949 
701	 0,113516916850978 
702	 0,115089425889528 
703	 0,116640830444097 
704	 0,117921821722081 
705	 0,119060757155275 
706	 0,120178635440124 
707	 0,121505926966927 
708	 0,122952550173911 
709	 0,124310722312244 
710	 0,125448676696933 
711	 0,126300813590264 
712	 0,126874327270015 
713	 0,127316346382153 
714	 0,127783675789288 
715	 0,128581806738892 
716	 0,129575686224109 
717	 0,130308648710234 
718	 0,130744022712261 
719	 0,130964161765029 
720	 0,131641043682581 
721	 0,132462150932656 
722	 0,13295145224967 
723	 0,133314838233794 
724	 0,133626743278304 
725	 0,134000150066719 
726	 0,134226264566617 
727	 0,134267825000517 
728	 0,134965768721887 
729	 0,135797337316388 
730	 0,135626929976416 
731	 0,1355060084322 
732	 0,135784623795256 
733	 0,136492274061761 
734	 0,137052524054858 
735	 0,136989706211617 
736	 0,136865826484561 
737	 0,137004242652193 
738	 0,137991813984149 
739	 0,138672151472404 
740	 0,138636942676569 
741	 0,138485890342197 
742	 0,1383297604036 
743	 0,13824406117234 
744	 0,138478506181659 
745	 0,13898289497683 
746	 0,139501653892708 
747	 0,139631912480807 
748	 0,139297087353388 
749	 0,139712308796929 
750	 0,140408696143666 
751	 0,140440349618002 
752	 0,140575053855858 
753	 0,140867825440093 
754	 0,14071500706152 
755	 0,140594992998569 
756	 0,140855192602299 
757	 0,141230518762904 
758	 0,141604386920203 
759	 0,141854201166809 
760	 0,141944347503935 
761	 0,141916763541316 
762	 0,142020340132889 
763	 0,142190073226974 
764	 0,142346650121201 
765	 0,142417947165917 
766	 0,142479582049215 
767	 0,142769677525578 
768	 0,143072789108371 
769	 0,143282750081727 
770	 0,143343946118161 
771	 0,143410749171229 
772	 0,143661482331909 
773	 0,143663433961351 
774	 0,143480416011432 
775	 0,143563706123767 
776	 0,143915510194134 
777	 0,144429864471535 
778	 0,144325526370573 
779	 0,144053877045961 
780	 0,144399126027471 
781	 0,144763734996949 
782	 0,144952570498103 
783	 0,144794905112989 
784	 0,144968428147029 
785	 0,145783353297909 
786	 0,145784811920131 
787	 0,1454415957248 
788	 0,145975926281279 
789	 0,146242227744811 
790	 0,146101505803186 
791	 0,146469176777881 
792	 0,146780217154098 
793	 0,146618169751885 
794	 0,14678773599599 
795	 0,14710441836869 
796	 0,146850372208805 
797	 0,146874833646002 
798	 0,14734843475011 
799	 0,14767022191279 
800	 0,147715916105837 
801	 0,147444873266369 
802	 0,147553158113662 
803	 0,147983226841781 
804	 0,14827013369906 
805	 0,148288569925352 
806	 0,148079099766893 
807	 0,148263892456805 
808	 0,148509185813732 
809	 0,148426209905288 
810	 0,14846383504549 
811	 0,148618578983623 
812	 0,148578141018747 
813	 0,148768298685457 
814	 0,149260441313795 
815	 0,149346874925908 
816	 0,14929256108345 
817	 0,149478130190945 
818	 0,149516484282739 
819	 0,149441016341978 
820	 0,149573605370121 
821	 0,149867202390641 
822	 0,150183632786037 
823	 0,149754948973879 
824	 0,149376292293629 
825	 0,150132674936184 
826	 0,150709603971721 
827	 0,150767989479171 
828	 0,150267386098637 
829	 0,150110328460102 
830	 0,150609566887076 
831	 0,150214475217398 
832	 0,149775994548653 
833	 0,150651300398567 
834	 0,150621646630362 
835	 0,149743404366839 
836	 0,150064777697197 
837	 0,150535420466448 
838	 0,150649074773414 
839	 0,151102380121569 
840	 0,151458575950238 
841	 0,151030229200132 
842	 0,150845225235068 
843	 0,151008037525516 
844	 0,150877818843639 
845	 0,150900534503972 
846	 0,151313995094525 
847	 0,152046920520564 
848	 0,152510036336201 
849	 0,151931505784329 
850	 0,151429533435917 
851	 0,151297505254803 
852	 0,151440950327339 
853	 0,151475276791854 
854	 0,151264405761883 
855	 0,151522202885113 
856	 0,151864343810602 
857	 0,151672185186666 
858	 0,151677835485031 
859	 0,151933478803178 
860	 0,152041056686206 
861	 0,151961536909864 
862	 0,151759586087203 
863	 0,152011332968937 
864	 0,152482546143441 
865	 0,152783486144529 
866	 0,152783624254198 
867	 0,152559448413861 
868	 0,152459379786253 
869	 0,152438332322742 
870	 0,15242007956376 
871	 0,151940142262894 
872	 0,151713953486437 
873	 0,152578719471279 
874	 0,152390748548588 
875	 0,151460240556338 
876	 0,152113175095123 
877	 0,152762420561101 
878	 0,152749449627177 
879	 0,152343844384839 
880	 0,152129082044716 
881	 0,152661418456648 
882	 0,152759979869032 
883	 0,152523313400925 
884	 0,152976733908382 
885	 0,152749488666065 
886	 0,151799320084619 
887	 0,152539375645971 
888	 0,153533613506888 
889	 0,153362646391586 
890	 0,153241597618232 
891	 0,15331857787979 
892	 0,15345652910062 
893	 0,153578134922879 
894	 0,153517185214331 
895	 0,152592965833075 
896	 0,152337222615882 
897	 0,153732060988371 
898	 0,154009686259941 
899	 0,153499991615742 
900	 0,153569615668083 
901	 0,153955962685553 
902	 0,154392542856156 
903	 0,154076076132668 
904	 0,153728492269225 
905	 0,153746603456801 
906	 0,153356779208903 
907	 0,153041406813915 
908	 0,153579376634791 
909	 0,154182031162295 
910	 0,154675853456738 
911	 0,155285925836275 
912	 0,155425585849322 
913	 0,154985703363014 
914	 0,155108623666938 
915	 0,155368015866179 
916	 0,155180505901733 
917	 0,154677220861572 
918	 0,154199755740094 
919	 0,154579183102272 
920	 0,154593019401218 
921	 0,154133811537729 
922	 0,154941942581472 
923	 0,155549651899768 
924	 0,154849559326148 
925	 0,155195473229097 
926	 0,155825964831826 
927	 0,154685667894451 
928	 0,154333338737651 
929	 0,15503844942794 
930	 0,154933552205665 
931	 0,154783284873842 
932	 0,155053050019983 
933	 0,155746799299707 
934	 0,156234202305231 
935	 0,155756491157051 
936	 0,155301255681573 
937	 0,155300188301107 
938	 0,156328258471263 
939	 0,157062878706277 
940	 0,156887214738711 
941	 0,15558512549565 
942	 0,155047630709903 
943	 0,156700298022984 
944	 0,157231307474078 
945	 0,156583632221912 
946	 0,155684874298297 
947	 0,156014845915364 
948	 0,157060202495537 
949	 0,154955803893321 
950	 0,153728593780963 
951	 0,155268472799994 
952	 0,155559711981891 
953	 0,155122183808938 
954	 0,155068738852871 
955	 0,154478945707951 
956	 0,154038812419903 
957	 0,156084797374265 
958	 0,156758838465787 
959	 0,155507788471836 
960	 0,156768027933492 
961	 0,157053893372503 
962	 0,154295299334326 
963	 0,15523788275935 
964	 0,157979643774858 
965	 0,15823790177334 
966	 0,156639115320848 
967	 0,154560118930335 
968	 0,15605124392917 
969	 0,156636328718783 
970	 0,155011209357393 
971	 0,155300200708182 
972	 0,155981981100162 
973	 0,155667513835025 
974	 0,157571925899706 
975	 0,159708086255649 
976	 0,15774778120706 
977	 0,156132402628378 
978	 0,15599405123656 
979	 0,156394633566117 
980	 0,157822189854897 
981	 0,159870284581416 
982	 0,159450836914409 
983	 0,1575814790453 
984	 0,155798553046662 
985	 0,156399615662604 
986	 0,158327063077665 
987	 0,158632407211953 
988	 0,158894332603518 
989	 0,159269986547929 
990	 0,159025038706505 
991	 0,15786293495612 
992	 0,156268780662348 
993	 0,157707824635256 
994	 0,16007786201015 
995	 0,160879168675342 
996	 0,161215359861449 
997	 0,161249455408507 
998	 0,161043336618011 
999	 0,159982488798804 
1000	 0,158508448818023 
1001	 0,158382702238899 
1002	 0,159760732232782 
1003	 0,162390404252287 
1004	 0,164848233530815 
1005	 0,164970334541589 
1006	 0,161347759718523 
1007	 0,160217538314315 
1008	 0,160801059549757 
1009	 0,159608714031228 
1010	 0,159174724412879 
1011	 0,159553644531756 
1012	 0,158502052598756 
1013	 0,159235880026034 
1014	 0,162573535339119 
1015	 0,165516932533787 
1016	 0,165311487942548 
1017	 0,160932149704619 
1018	 0,163261972279632 
1019	 0,168183622554124 
1020	 0,167289063323598 
1021	 0,162455004422472 
1022	 0,15702066189933 
1023	 0,158940071086312 
1024	 0,161871929678613 
1025	 0,163724615930756 
1026	 0,16537686912607 
1027	 0,167653420683596 
1028	 0,170461303132069 
1029	 0,169453635035152 
1030	 0,166103431920217 
1031	 0,163145614420681 
1032	 0,165265229899561 
1033	 0,170814153074633 
1034	 0,174463960115038 
1035	 0,174520304858579 
1036	 0,170584046994147 
1037	 0,163401642486293 
1038	 0,158691087554616 
1039	 0,159481329263484 
1040	 0,164670535856222 
1041	 0,169008178295551 
1042	 0,168444753269566 
1043	 0,167504307065994 
1044	 0,167905234894531 
1045	 0,170757084005614 
1046	 0,16672953077651 
1047	 0,160509882352621 
1048	 0,168549593320812 
1049	 0,172254181272585 
1050	 0,167659550942925 
1051	 0,161868144517583 
1052	 0,159535115366341 
1053	 0,162157186368016 
1054	 0,162770300346734 
1055	 0,163076157753842 
1056	 0,165550802947486 
1057	 0,176084669599675 
1058	 0,184096370821755 
1059	 0,175856354203618 
1060	 0,173997329716887 
1061	 0,177624782880821 
1062	 0,172303903027956 
1063	 0,173364480177525 
1064	 0,180606309119505 
1065	 0,17577152749403 
1066	 0,175819204131898 
1067	 0,185360661489189 
1068	 0,185889103315994 
1069	 0,181481500873929 
1070	 0,176691335819905 
1071	 0,177844713782996 
1072	 0,176253041388464 
1073	 0,162354075147615 
1074	 0,160933177101243 
1075	 0,166810689083623 
