Wavelength	PENFOUL00575.asd
325	 0,310538969904191 
326	 0,450869444297293 
327	 0,557550211763755 
328	 0,518261876085154 
329	 0,443904969328316 
330	 0,408121947626983 
331	 0,455110380595754 
332	 0,44488351681223 
333	 0,407774409198708 
334	 0,470967486139593 
335	 0,46614714034916 
336	 0,379645388370848 
337	 0,38792309796881 
338	 0,399704417149979 
339	 0,334496192428294 
340	 0,330621462818393 
341	 0,353811174025033 
342	 0,30561891978133 
343	 0,278491157036265 
344	 0,303861529582521 
345	 0,36614261232397 
346	 0,387278557047419 
347	 0,313217462880299 
348	 0,309667324602165 
349	 0,343320179010819 
350	 0,267465420432138 
351	 0,221125817728459 
352	 0,24710908588343 
353	 0,258850427689419 
354	 0,259694079512439 
355	 0,264448047780811 
356	 0,277008255945513 
357	 0,289750231598915 
358	 0,277558508794704 
359	 0,256124068253716 
360	 0,236900326628312 
361	 0,258701485238737 
362	 0,291929840424203 
363	 0,284896921918242 
364	 0,280475267475787 
365	 0,285159324519161 
366	 0,288665950904081 
367	 0,283236283197683 
368	 0,266891731467768 
369	 0,257151260504202 
370	 0,262569782858359 
371	 0,296387461718051 
372	 0,297307748219218 
373	 0,264264456979937 
374	 0,281424658795369 
375	 0,296812940824195 
376	 0,276907593025722 
377	 0,282317884351424 
378	 0,297807454761937 
379	 0,271340040335957 
380	 0,252844552558211 
381	 0,257514309102603 
382	 0,260981850838732 
383	 0,265618711971505 
384	 0,274300159410913 
385	 0,272507093388601 
386	 0,263699470565264 
387	 0,262248944963141 
388	 0,269956672176486 
389	 0,283637862969198 
390	 0,283175857955717 
391	 0,277848925404859 
392	 0,280340073007215 
393	 0,284209344423036 
394	 0,286498359846947 
395	 0,28315942246443 
396	 0,275467563553302 
397	 0,266627343608958 
398	 0,272296369022827 
399	 0,282119775573856 
400	 0,278887355817317 
401	 0,275500649297308 
402	 0,273928291451677 
403	 0,268432908089798 
404	 0,268145198948687 
405	 0,276938322351984 
406	 0,274736007086785 
407	 0,265898921746856 
408	 0,265324012975216 
409	 0,265727521661519 
410	 0,265032946924791 
411	 0,262790026905028 
412	 0,262674526626411 
413	 0,267652249998702 
414	 0,267778681121582 
415	 0,264768355493582 
416	 0,26826486916173 
417	 0,270243410196278 
418	 0,268149917271083 
419	 0,267871218671628 
420	 0,265706861949776 
421	 0,256273673330459 
422	 0,25947695562744 
423	 0,272006864283464 
424	 0,266469155682856 
425	 0,260153051915493 
426	 0,262866951286418 
427	 0,265060418222613 
428	 0,26461862358031 
429	 0,259725636614091 
430	 0,256846979481814 
431	 0,257935834668825 
432	 0,261367328056885 
433	 0,264980998866535 
434	 0,266957592284677 
435	 0,266297153032085 
436	 0,264865427213853 
437	 0,268043422367949 
438	 0,269720209047639 
439	 0,268260834070233 
440	 0,269723823873959 
441	 0,272004610120191 
442	 0,271830825451447 
443	 0,269395586108437 
444	 0,266303475433881 
445	 0,267479212089621 
446	 0,269565057036227 
447	 0,270606249838638 
448	 0,2735907836155 
449	 0,27604388607422 
450	 0,272597095986613 
451	 0,269312299327185 
452	 0,268980820228965 
453	 0,274683426900063 
454	 0,279313024585975 
455	 0,276563013326858 
456	 0,274822208283966 
457	 0,274467030043724 
458	 0,271576238825448 
459	 0,270451906627689 
460	 0,272446415079242 
461	 0,27341647464929 
462	 0,274368027010321 
463	 0,277181241004185 
464	 0,277572829705807 
465	 0,275676039462661 
466	 0,275765147574243 
467	 0,276683175216692 
468	 0,27744716082535 
469	 0,276182132737158 
470	 0,274681156584878 
471	 0,27702127366434 
472	 0,279194857895157 
473	 0,280143525825591 
474	 0,282346406457509 
475	 0,281903821112301 
476	 0,275374426515133 
477	 0,273451759040513 
478	 0,275990142087355 
479	 0,275939601307566 
480	 0,276452644113699 
481	 0,278400238745949 
482	 0,2781847123387 
483	 0,277180622718556 
484	 0,277895476930721 
485	 0,279135075259008 
486	 0,280168975760249 
487	 0,279418513862171 
488	 0,279207210263796 
489	 0,280932927458501 
490	 0,279427128784305 
491	 0,276152872099491 
492	 0,276271786672201 
493	 0,276020674943072 
494	 0,274691564032668 
495	 0,275424541013696 
496	 0,276794560471974 
497	 0,276976022403776 
498	 0,276086879371222 
499	 0,275035058244892 
500	 0,276425861627844 
501	 0,27818026816005 
502	 0,279091358160067 
503	 0,27989484745604 
504	 0,280360046963709 
505	 0,279945402139221 
506	 0,279292680705596 
507	 0,279161227058549 
508	 0,281824831885042 
509	 0,283897849474905 
510	 0,282581996369845 
511	 0,283642620738647 
512	 0,286307394267946 
513	 0,285474950894072 
514	 0,285790984262481 
515	 0,288463608756021 
516	 0,287555570473461 
517	 0,28572976983275 
518	 0,287435989249553 
519	 0,288859482238826 
520	 0,289127789073492 
521	 0,288891325332107 
522	 0,288343575743362 
523	 0,287715882505361 
524	 0,287708313862563 
525	 0,288172432237815 
526	 0,288497490967084 
527	 0,289011589622403 
528	 0,289633710337549 
529	 0,289658627546653 
530	 0,289053138357762 
531	 0,287866075456927 
532	 0,287679150491171 
533	 0,288415086325633 
534	 0,288564475034782 
535	 0,288646097453082 
536	 0,288904553691451 
537	 0,288820658947531 
538	 0,288643056847483 
539	 0,288942353733724 
540	 0,289286864758355 
541	 0,289421788972937 
542	 0,288823413024834 
543	 0,288335076944531 
544	 0,288761460833279 
545	 0,289060109219444 
546	 0,28922977250661 
547	 0,290023092753373 
548	 0,290216741401349 
549	 0,289469471383522 
550	 0,289847582695017 
551	 0,290912786299037 
552	 0,291684493299615 
553	 0,291522108899817 
554	 0,290578504129224 
555	 0,290317720991499 
556	 0,290554562535667 
557	 0,291030470415919 
558	 0,290900594400308 
559	 0,290368746847332 
560	 0,290512984827519 
561	 0,289919759776883 
562	 0,288371598774102 
563	 0,288103092251303 
564	 0,288375508762749 
565	 0,287952146821036 
566	 0,287437666662501 
567	 0,287258496405729 
568	 0,28840941890393 
569	 0,289517354120161 
570	 0,289677985492441 
571	 0,290000090041115 
572	 0,290861011583606 
573	 0,292751503046382 
574	 0,294290198602131 
575	 0,295247628419166 
576	 0,29740514146865 
577	 0,299621067784411 
578	 0,300544979986528 
579	 0,302609957124121 
580	 0,305545814000855 
581	 0,306824578620305 
582	 0,307530026403011 
583	 0,308375169089755 
584	 0,309835985126277 
585	 0,311471046496476 
586	 0,312394935931051 
587	 0,313147051250435 
588	 0,313916357036907 
589	 0,314703592845549 
590	 0,315832782232767 
591	 0,317499047979502 
592	 0,317923692038835 
593	 0,317408589500218 
594	 0,317659657647033 
595	 0,3183924146386 
596	 0,319424390131207 
597	 0,320278269908766 
598	 0,320503066879054 
599	 0,319520253573691 
600	 0,319092024088685 
601	 0,319438696012076 
602	 0,319195129967079 
603	 0,318851187582437 
604	 0,318753434342722 
605	 0,318067243544109 
606	 0,31698595495647 
607	 0,316372070912011 
608	 0,315226601364224 
609	 0,313697973108144 
610	 0,314953372544918 
611	 0,316013140849641 
612	 0,312980576092857 
613	 0,310859586156422 
614	 0,310531188310625 
615	 0,31045025320181 
616	 0,310402972907471 
617	 0,310176880131209 
618	 0,309480664140753 
619	 0,308883235772522 
620	 0,309651473760078 
621	 0,309872177673986 
622	 0,3091863520047 
623	 0,309310452945548 
624	 0,309293803158808 
625	 0,308158029893544 
626	 0,308649647691293 
627	 0,310287711626582 
628	 0,309866527360319 
629	 0,309688758149791 
630	 0,310795827988733 
631	 0,311697164635716 
632	 0,312274742264734 
633	 0,312617629001672 
634	 0,313212719293241 
635	 0,31414584961564 
636	 0,314921241659825 
637	 0,316176329238347 
638	 0,318334128261619 
639	 0,319553109891589 
640	 0,319882021655344 
641	 0,320295072724524 
642	 0,320965115011378 
643	 0,32196739171688 
644	 0,323006824521603 
645	 0,323667703101983 
646	 0,323475166630946 
647	 0,323084416614503 
648	 0,322682572856265 
649	 0,322206203252843 
650	 0,321711406741221 
651	 0,321176088915905 
652	 0,320083105020054 
653	 0,318590217525431 
654	 0,317135512505831 
655	 0,315853009864564 
656	 0,314609929538791 
657	 0,31242939368396 
658	 0,310073569870566 
659	 0,308366446530302 
660	 0,306310530477394 
661	 0,303974248394413 
662	 0,30214591433846 
663	 0,300483295127171 
664	 0,298802339089588 
665	 0,29709313515519 
666	 0,295374305112942 
667	 0,293636452131525 
668	 0,292623725544937 
669	 0,292319803425044 
670	 0,291694044294267 
671	 0,291283567781503 
672	 0,29145960029631 
673	 0,291212978252166 
674	 0,290470536561625 
675	 0,289312200802094 
676	 0,289068540845848 
677	 0,28999498832814 
678	 0,290291802122821 
679	 0,290100047980448 
680	 0,289787390054492 
681	 0,290221130498181 
682	 0,291326615199604 
683	 0,292043184374061 
684	 0,29295107246817 
685	 0,294462238353949 
686	 0,296826232620981 
687	 0,299904744241601 
688	 0,303403252274124 
689	 0,307240196161377 
690	 0,311498402569406 
691	 0,316568467885552 
692	 0,322632726992425 
693	 0,329819864966848 
694	 0,337771477228295 
695	 0,346323303817239 
696	 0,355381519790557 
697	 0,364872389932283 
698	 0,374751032925814 
699	 0,38520318518926 
700	 0,395942318349311 
701	 0,406595987734839 
702	 0,41704332762567 
703	 0,427171647706521 
704	 0,436937605650678 
705	 0,446225511808792 
706	 0,454994491735554 
707	 0,46353413017704 
708	 0,471703834367962 
709	 0,479185224889917 
710	 0,486043149246791 
711	 0,492331194185136 
712	 0,498244930993307 
713	 0,50368684952661 
714	 0,5085499128123 
715	 0,513012481999753 
716	 0,51720782960521 
717	 0,521334226295076 
718	 0,525286682710491 
719	 0,528983231667972 
720	 0,532328588705926 
721	 0,535179154595368 
722	 0,537382459016278 
723	 0,539703346715954 
724	 0,542126753235984 
725	 0,543890111762044 
726	 0,545344923333836 
727	 0,546775511658433 
728	 0,548577724336043 
729	 0,550370350441248 
730	 0,551394389849611 
731	 0,552139287685095 
732	 0,552858911925673 
733	 0,55386363293715 
734	 0,555113317063777 
735	 0,556485620096028 
736	 0,557036085433146 
737	 0,557129604279239 
738	 0,558139461180143 
739	 0,559015983162633 
740	 0,559439126061611 
741	 0,559931497013185 
742	 0,560437989678595 
743	 0,560848059556942 
744	 0,561061351761224 
745	 0,561231288191536 
746	 0,561968437634054 
747	 0,562290546437635 
748	 0,561842688951978 
749	 0,562161629115294 
750	 0,562884958414118 
751	 0,563173057125787 
752	 0,563465115377646 
753	 0,563745196681581 
754	 0,563562230756546 
755	 0,563355059352721 
756	 0,563460502592687 
757	 0,563793659265009 
758	 0,564172516019214 
759	 0,564249397187488 
760	 0,564431885873036 
761	 0,564794462780654 
762	 0,565066865956972 
763	 0,565147353047236 
764	 0,56497753861013 
765	 0,564905045517826 
766	 0,565046533187897 
767	 0,56552661778807 
768	 0,565866389313712 
769	 0,565922323060177 
770	 0,566206458405339 
771	 0,566443326972695 
772	 0,566271457108911 
773	 0,566107388945887 
774	 0,566096657523731 
775	 0,56631998483028 
776	 0,566731094783738 
777	 0,567182922535363 
778	 0,566923738782158 
779	 0,566463969025577 
780	 0,566663188729058 
781	 0,566891544042856 
782	 0,566976528752004 
783	 0,566875411145043 
784	 0,566963148258891 
785	 0,567416990062054 
786	 0,567515825113845 
787	 0,567325963243211 
788	 0,567151459608171 
789	 0,567026792460718 
790	 0,566984687447324 
791	 0,567025542196979 
792	 0,567052364106544 
793	 0,567010160292384 
794	 0,56721012881905 
795	 0,567486587322391 
796	 0,567361039971376 
797	 0,567423275241753 
798	 0,567723077660413 
799	 0,567518785816169 
800	 0,567170499805359 
801	 0,567063164612295 
802	 0,567232617273332 
803	 0,567546948509398 
804	 0,567642030446189 
805	 0,567785832523869 
806	 0,568013281063678 
807	 0,567974709941036 
808	 0,567991154036879 
809	 0,568399496301076 
810	 0,568516958464243 
811	 0,568330157176465 
812	 0,568152583268946 
813	 0,568336930715385 
814	 0,568885818192078 
815	 0,568770851144462 
816	 0,568381337076082 
817	 0,568293942116343 
818	 0,568545608034574 
819	 0,569070170236317 
820	 0,569690198190075 
821	 0,569916756726107 
822	 0,569606010540313 
823	 0,569590566744374 
824	 0,569723310025669 
825	 0,569707303475569 
826	 0,570526603706208 
827	 0,571691444232356 
828	 0,570938372279948 
829	 0,570227356410352 
830	 0,570467902965109 
831	 0,570280193945849 
832	 0,570006438604505 
833	 0,570289141924677 
834	 0,570509889712045 
835	 0,57052982113741 
836	 0,5703871115923 
837	 0,570502736586057 
838	 0,570996454347096 
839	 0,570923721144991 
840	 0,570700739725223 
841	 0,571057176655789 
842	 0,570962908700135 
843	 0,570489446258811 
844	 0,570758883643207 
845	 0,570941012436471 
846	 0,570690246115841 
847	 0,571056714956256 
848	 0,571382962089513 
849	 0,57061115130072 
850	 0,570449409326103 
851	 0,570966002990093 
852	 0,570942347095033 
853	 0,570492087473043 
854	 0,569856149667239 
855	 0,570283722285263 
856	 0,571072128337007 
857	 0,571078088811008 
858	 0,570700616896445 
859	 0,570226382661673 
860	 0,570240234418816 
861	 0,570384491250622 
862	 0,570490961303822 
863	 0,570741266935649 
864	 0,571063229662673 
865	 0,571343514218339 
866	 0,571392724296106 
867	 0,571341141458263 
868	 0,571770198956811 
869	 0,572002750427592 
870	 0,571749325869045 
871	 0,571365392958745 
872	 0,571168714291432 
873	 0,571475777363856 
874	 0,571794011888893 
875	 0,571991120739705 
876	 0,572033119165318 
877	 0,572232195373149 
878	 0,57257208384251 
879	 0,572115317901603 
880	 0,571674133328533 
881	 0,572149739155511 
882	 0,572311069294499 
883	 0,572269393612659 
884	 0,573057264843801 
885	 0,573504646175985 
886	 0,573232104898307 
887	 0,572623299861355 
888	 0,572407435113136 
889	 0,573133102038311 
890	 0,573213343690379 
891	 0,57266100161665 
892	 0,57213065916826 
893	 0,572005538140337 
894	 0,572313264277747 
895	 0,572324362517651 
896	 0,572609356528735 
897	 0,573462778151559 
898	 0,573122452981493 
899	 0,572298931890818 
900	 0,572726326103078 
901	 0,573109049605913 
902	 0,573165493538382 
903	 0,573255376735647 
904	 0,573467559467051 
905	 0,57374910954607 
906	 0,573288294665912 
907	 0,572547938232056 
908	 0,57230938573051 
909	 0,573314577964323 
910	 0,574825347450899 
911	 0,573960676601708 
912	 0,573020497669055 
913	 0,573074491863543 
914	 0,573277968511402 
915	 0,573931448411566 
916	 0,575299489916158 
917	 0,575012198328987 
918	 0,573547328953458 
919	 0,573350624208013 
920	 0,573280112412823 
921	 0,573099573740256 
922	 0,573393869350671 
923	 0,573601184617931 
924	 0,573244685171923 
925	 0,572527168541239 
926	 0,572035999369438 
927	 0,572732868681181 
928	 0,573272904300639 
929	 0,573130083834345 
930	 0,57191664138422 
931	 0,571165673374703 
932	 0,571689293408444 
933	 0,57224305938026 
934	 0,572324768378131 
935	 0,571536795968376 
936	 0,571323074602575 
937	 0,571499586884707 
938	 0,570396345743301 
939	 0,570235891176135 
940	 0,571312627515737 
941	 0,570536131202292 
942	 0,569394432544126 
943	 0,569341681413618 
944	 0,569513907637793 
945	 0,569801378146161 
946	 0,570293492330051 
947	 0,569916662499643 
948	 0,568629068587865 
949	 0,567492527391646 
950	 0,566588336204957 
951	 0,565936914441916 
952	 0,565109932298769 
953	 0,564343741062239 
954	 0,563994655972146 
955	 0,564716208958402 
956	 0,565530842962748 
957	 0,56349171912361 
958	 0,562541653629079 
959	 0,563484882282018 
960	 0,56329582616561 
961	 0,562283897568903 
962	 0,560943807357416 
963	 0,56057778325349 
964	 0,561117722861757 
965	 0,562113257800459 
966	 0,561359860566626 
967	 0,55957242282162 
968	 0,560941653426936 
969	 0,561968168171996 
970	 0,561117475646964 
971	 0,558618195762072 
972	 0,557486259319235 
973	 0,560123453635572 
974	 0,56237089640747 
975	 0,563024899893645 
976	 0,561394141509546 
977	 0,560410201221757 
978	 0,560867621939844 
979	 0,562141437298417 
980	 0,563173037268983 
981	 0,563397259384149 
982	 0,563351557162513 
983	 0,563295403641155 
984	 0,563432546241703 
985	 0,563497544697078 
986	 0,563234257758234 
987	 0,562168520975339 
988	 0,562675891743265 
989	 0,564567455264805 
990	 0,564723499074476 
991	 0,563625890733633 
992	 0,56215228414153 
993	 0,563629752975556 
994	 0,566268273627882 
995	 0,567798933843047 
996	 0,568124592097514 
997	 0,567631484050877 
998	 0,567145593002346 
999	 0,567761798467635 
1000	 0,569309397828525 
1001	 0,569803542909811 
1002	 0,570252390207947 
1003	 0,571230280571519 
1004	 0,573146659782893 
1005	 0,574283543577507 
1006	 0,573079095220321 
1007	 0,571038667517773 
1008	 0,569756702671348 
1009	 0,571322301080446 
1010	 0,574174766603017 
1011	 0,57630370513083 
1012	 0,572876849658621 
1013	 0,57033057077092 
1014	 0,571468599891337 
1015	 0,573958057105918 
1016	 0,576586935917562 
1017	 0,578203889727222 
1018	 0,577546727042428 
1019	 0,576124116346894 
1020	 0,57642255809646 
1021	 0,580071607673783 
1022	 0,58405574267129 
1023	 0,578673867659072 
1024	 0,575229482764453 
1025	 0,57685198154483 
1026	 0,578465994440809 
1027	 0,579907814101931 
1028	 0,581155075819477 
1029	 0,583341229698616 
1030	 0,583134753705056 
1031	 0,577501449904654 
1032	 0,580434792583382 
1033	 0,587703805077975 
1034	 0,585030230781245 
1035	 0,584690759041752 
1036	 0,58834677707152 
1037	 0,589598264090648 
1038	 0,589751370929071 
1039	 0,589739472225196 
1040	 0,592223339234996 
1041	 0,591530342645148 
1042	 0,584525121288692 
1043	 0,586015821138749 
1044	 0,590737576161316 
1045	 0,588953359453346 
1046	 0,587653830051669 
1047	 0,587638119762938 
1048	 0,587410199234887 
1049	 0,586415454262825 
1050	 0,58570517181527 
1051	 0,590536745840136 
1052	 0,593436981065751 
1053	 0,590599611268638 
1054	 0,583409474276075 
1055	 0,580053708817268 
1056	 0,586219521837235 
1057	 0,585265110796202 
1058	 0,582810791677784 
1059	 0,589117373181979 
1060	 0,59150612951351 
1061	 0,590148357443633 
1062	 0,591620648719415 
1063	 0,598284784552711 
1064	 0,606454433720774 
1065	 0,598790309279529 
1066	 0,596800638460745 
1067	 0,605145878182679 
1068	 0,592409907315777 
1069	 0,580332731039157 
1070	 0,58448472429027 
1071	 0,590870384958327 
1072	 0,596690638932064 
1073	 0,600049287268229 
1074	 0,60420778216162 
1075	 0,607619713680265 
