Wavelength	PENFOUL00354.asd
325	 0,21037767763293 
326	 0,177828839328283 
327	 9,47495392411546E-02 
328	 0,051324083777823 
329	 0,114583870302593 
330	 0,199421222422144 
331	 0,200767453069194 
332	 0,168937029413038 
333	 0,120364529992788 
334	 0,135103999859028 
335	 0,148891772060952 
336	 0,135857883676519 
337	 8,30169688521611E-02 
338	 2,08470802511297E-02 
339	-3,66673906256363E-03 
340	 8,21819896360297E-02 
341	 0,184532603263347 
342	 0,117390249498287 
343	 5,35959814471923E-02 
344	 5,39444021093865E-02 
345	 0,107349778653628 
346	 0,136191806298213 
347	 8,11758001709564E-02 
348	 9,76075340990562E-02 
349	 0,151098384338558 
350	 0,100649673986061 
351	 3,23824011730662E-02 
352	-0,01577333909414 
353	-5,64358333663851E-04 
354	 0,038510430125998 
355	 6,15157971597343E-02 
356	 4,02050263809385E-02 
357	-1,09940556278536E-03 
358	 3,89050391934426E-02 
359	 5,63336413752391E-02 
360	 1,74211734814415E-02 
361	 1,39567811346471E-02 
362	 3,28710913566382E-02 
363	 3,80899805252392E-02 
364	 3,42213338493487E-02 
365	 2,36373628947436E-02 
366	 1,18005013177022E-02 
367	 1,27510187948216E-02 
368	 0,030290276610772 
369	 2,69945625308947E-02 
370	 1,70883322518869E-02 
371	 3,57294961689013E-02 
372	 3,28056403547027E-02 
373	 1,11437970131998E-02 
374	 0,051798200188727 
375	 7,41791617695361E-02 
376	 2,94869122635841E-02 
377	 1,86625673642348E-02 
378	 3,57246677870394E-02 
379	 0,02829723800605 
380	 2,14269787809037E-02 
381	 2,35081014533241E-02 
382	 3,70415890891115E-02 
383	 4,23700499138071E-02 
384	 2,34825392802275E-02 
385	 1,09803141386438E-02 
386	 8,73677569053071E-03 
387	 7,80543308403987E-03 
388	 0,013307352726288 
389	 2,46344698542432E-02 
390	 3,31375937395047E-02 
391	 3,45783605438482E-02 
392	 0,02499206957938 
393	 1,10217062874409E-02 
394	 3,91918279218215E-04 
395	 9,31146840215915E-03 
396	 2,07456196622402E-02 
397	 2,41455931556551E-02 
398	 1,55912212841914E-02 
399	 7,41937432269919E-03 
400	 1,82953703237319E-02 
401	 1,66038342622742E-02 
402	 3,64029645995042E-03 
403	 1,66772182105506E-02 
404	 2,67692484849675E-02 
405	 1,63358692118239E-02 
406	 6,6269146922534E-03 
407	 3,73326897567263E-03 
408	 0,014360049165426 
409	 2,43651363580025E-02 
410	 2,82546038095794E-02 
411	 2,55895310332039E-02 
412	 1,94236295162892E-02 
413	 1,28465953325203E-02 
414	 0,00478405398425 
415	-9,72563889851834E-04 
416	 6,18365192356224E-03 
417	 1,08884928024226E-02 
418	 8,8266343088375E-03 
419	 1,64017663727835E-02 
420	 2,26299836836083E-02 
421	 1,27329171172387E-02 
422	 1,05951993059683E-02 
423	 1,67678601353101E-02 
424	 1,25365816692451E-02 
425	 9,34608474890193E-03 
426	 1,32228451133624E-02 
427	 1,43853201169442E-02 
428	 1,32062206062724E-02 
429	 1,26097210083855E-02 
430	 1,24461379087695E-02 
431	 1,28722475653852E-02 
432	 1,41356461293485E-02 
433	 1,56090691716378E-02 
434	 1,65800951909059E-02 
435	 1,35917582967381E-02 
436	 9,51869322770372E-03 
437	 1,31178104369696E-02 
438	 1,67210706183147E-02 
439	 1,73599934689228E-02 
440	 1,79504606057702E-02 
441	 1,71904072550316E-02 
442	 1,32176713212789E-02 
443	 1,15500730987452E-02 
444	 1,28507802846909E-02 
445	 1,46393716930957E-02 
446	 1,50650802462424E-02 
447	 1,33157126414247E-02 
448	 1,32201191284917E-02 
449	 1,43550695576692E-02 
450	 1,49244082074232E-02 
451	 1,51860873260213E-02 
452	 1,50370276828706E-02 
453	 1,37097831507768E-02 
454	 0,013657333440866 
455	 1,66831526422793E-02 
456	 1,42499255056026E-02 
457	 8,37499737051531E-03 
458	 8,58236877780176E-03 
459	 1,02156563921012E-02 
460	 1,14314960160095E-02 
461	 1,35228717960954E-02 
462	 1,49074138368703E-02 
463	 1,35057436964826E-02 
464	 9,80195644283325E-03 
465	 5,94128290751038E-03 
466	 8,4233515586837E-03 
467	 1,16067928222271E-02 
468	 1,20296808851403E-02 
469	 1,48745118828485E-02 
470	 1,78731608331351E-02 
471	 1,49666007916277E-02 
472	 0,01419056819854 
473	 0,017132409675614 
474	 1,85653879059443E-02 
475	 1,66794395590832E-02 
476	 1,04441679990151E-02 
477	 9,64609034208478E-03 
478	 1,31543063774839E-02 
479	 1,17734400558987E-02 
480	 1,07562814033045E-02 
481	 1,20435984911491E-02 
482	 0,011735500244417 
483	 1,13048152190329E-02 
484	 1,35274594608491E-02 
485	 1,41283204100693E-02 
486	 1,28943164098656E-02 
487	 1,36392460906459E-02 
488	 1,46563047815467E-02 
489	 1,45994519173168E-02 
490	 1,38567814661574E-02 
491	 1,32234437780608E-02 
492	 1,45787936244407E-02 
493	 1,45819287715285E-02 
494	 0,012664039266825 
495	 1,27269912769832E-02 
496	 1,31719496214741E-02 
497	 1,19141086839854E-02 
498	 1,13926177233826E-02 
499	 1,19873689128023E-02 
500	 1,31154858039659E-02 
501	 1,42988737950195E-02 
502	 1,50293418061586E-02 
503	 1,40964338781769E-02 
504	 1,23113276425699E-02 
505	 1,12210313813025E-02 
506	 0,010864538857851 
507	 1,12169819648035E-02 
508	 1,19623090120252E-02 
509	 1,21841980418051E-02 
510	 1,12212407765657E-02 
511	 1,15613890149295E-02 
512	 1,28114832396681E-02 
513	 1,26214725592915E-02 
514	 1,27678956911267E-02 
515	 1,37712384983729E-02 
516	 1,38819535957107E-02 
517	 1,35917336388503E-02 
518	 1,38198991698711E-02 
519	 1,38397574442444E-02 
520	 1,37030987242915E-02 
521	 1,43398654551306E-02 
522	 1,45395924742763E-02 
523	 1,35361799781651E-02 
524	 1,30158628986569E-02 
525	 1,30551167470017E-02 
526	 1,32320573731262E-02 
527	 1,31378870859146E-02 
528	 1,28116220399973E-02 
529	 1,35782312239108E-02 
530	 1,40504324904189E-02 
531	 1,26021267858913E-02 
532	 1,23982505454769E-02 
533	 1,34067458658147E-02 
534	 1,31772505298714E-02 
535	 0,012545213467831 
536	 1,21271659928198E-02 
537	 1,27917416625096E-02 
538	 1,38049223348422E-02 
539	 0,013659988078766 
540	 1,30099143665996E-02 
541	 1,23011698630886E-02 
542	 1,25571614056577E-02 
543	 1,31239953772746E-02 
544	 1,33130948997953E-02 
545	 1,35279613975723E-02 
546	 1,35476457667765E-02 
547	 1,25339918904499E-02 
548	 1,15686303647755E-02 
549	 1,13717611225798E-02 
550	 1,27342570782913E-02 
551	 1,43572366070745E-02 
552	 1,41844716808855E-02 
553	 0,013545375124171 
554	 1,29785405778909E-02 
555	 1,29553906926762E-02 
556	 1,32189222336588E-02 
557	 1,35049441985015E-02 
558	 1,34811653878253E-02 
559	 1,32531239897912E-02 
560	 1,32650732960772E-02 
561	 1,32598397718015E-02 
562	 1,31911349640017E-02 
563	 0,013459337841791 
564	 1,34852289558162E-02 
565	 1,24723695970379E-02 
566	 1,22010016508606E-02 
567	 1,28835269037894E-02 
568	 1,36415656498981E-02 
569	 1,36720935893645E-02 
570	 1,25909255041199E-02 
571	 1,24835393586596E-02 
572	 1,32754141777287E-02 
573	 1,42181412856284E-02 
574	 1,39954336380844E-02 
575	 0,012584542530393 
576	 1,28098261630076E-02 
577	 1,37636177526794E-02 
578	 1,41916979818603E-02 
579	 0,014692096632293 
580	 1,51488133843948E-02 
581	 1,48938265166347E-02 
582	 1,45978737149598E-02 
583	 1,46999312567795E-02 
584	 1,53831815424274E-02 
585	 0,015962223344486 
586	 1,51555364586974E-02 
587	 1,49869690944864E-02 
588	 1,57354060033165E-02 
589	 1,55113896882974E-02 
590	 1,55628594537216E-02 
591	 1,69954333743527E-02 
592	 1,72054319892244E-02 
593	 1,63384096566769E-02 
594	 1,61860616635704E-02 
595	 1,63139917051412E-02 
596	 1,65434815841827E-02 
597	 1,68095869066856E-02 
598	 1,68378939208458E-02 
599	 1,62339726544992E-02 
600	 1,61210728889089E-02 
601	 0,016576375586684 
602	 1,65162573835694E-02 
603	 1,64837569214416E-02 
604	 1,68360303937352E-02 
605	 1,63529186169573E-02 
606	 1,54173668134445E-02 
607	 1,54708179477891E-02 
608	 0,015336794173802 
609	 1,48844174489768E-02 
610	 1,60487305182527E-02 
611	 1,70652551227032E-02 
612	 1,56299253521538E-02 
613	 0,014712406426674 
614	 0,014792434238669 
615	 1,47489057866111E-02 
616	 1,49888858696317E-02 
617	 0,015626782261339 
618	 1,54347854285374E-02 
619	 1,47936002419874E-02 
620	 1,47913136716993E-02 
621	 1,49352428838661E-02 
622	 1,49708657566056E-02 
623	 1,43909444888839E-02 
624	 1,38039041204305E-02 
625	 1,38604091962653E-02 
626	 1,42655321845531E-02 
627	 1,47891715695993E-02 
628	 1,50234539017963E-02 
629	 1,50300540726337E-02 
630	 1,49317692563996E-02 
631	 1,54128119047794E-02 
632	 1,60784281379366E-02 
633	 1,61997572940268E-02 
634	 1,57155154700484E-02 
635	 1,50221939084244E-02 
636	 1,57913972218661E-02 
637	 1,67381203686576E-02 
638	 1,67555676041272E-02 
639	 1,67363656525588E-02 
640	 0,016871397687712 
641	 0,017271922800888 
642	 1,75071838160183E-02 
643	 1,74339674452975E-02 
644	 1,74090791959647E-02 
645	 1,74338481562424E-02 
646	 1,74628669014098E-02 
647	 1,76094334698642E-02 
648	 1,77255940045675E-02 
649	 1,71167339015577E-02 
650	 1,69794638822175E-02 
651	 1,79371830186285E-02 
652	 1,78649620530081E-02 
653	 0,017043070949091 
654	 1,66579673365474E-02 
655	 1,66328871095184E-02 
656	 1,67973481131127E-02 
657	 1,61355015453779E-02 
658	 1,57246506791701E-02 
659	 1,66491088734937E-02 
660	 1,63486849284253E-02 
661	 1,50112364727887E-02 
662	 1,47631309519244E-02 
663	 1,49134986666322E-02 
664	 0,015045179733139 
665	 1,46921982917127E-02 
666	 1,39282841871079E-02 
667	 1,29391281545101E-02 
668	 1,23913314032361E-02 
669	 1,25587678144654E-02 
670	 1,36588106483152E-02 
671	 1,43206424100006E-02 
672	 1,35656685536433E-02 
673	 0,013586518895468 
674	 1,40541716949431E-02 
675	 1,30561783173289E-02 
676	 1,28809251429003E-02 
677	 1,40403860644209E-02 
678	 1,43404660441889E-02 
679	 1,41577137823255E-02 
680	 1,41565965215333E-02 
681	 1,39828222602901E-02 
682	 1,37789524354716E-02 
683	 1,42301446481843E-02 
684	 1,44300814070511E-02 
685	 1,39803143729235E-02 
686	 1,42732656329644E-02 
687	 1,51235299446081E-02 
688	 0,015916096915072 
689	 1,62174051132313E-02 
690	 0,016169901422551 
691	 1,70772532849671E-02 
692	 1,83215572851489E-02 
693	 1,93224911032816E-02 
694	 2,06221505857749E-02 
695	 2,22646484009482E-02 
696	 2,40619644987331E-02 
697	 2,63253939321659E-02 
698	 2,91163782001189E-02 
699	 3,19351211682481E-02 
700	 3,50848857971188E-02 
701	 3,90098562814215E-02 
702	 4,27215813627355E-02 
703	 4,62461538240869E-02 
704	 5,06138795644965E-02 
705	 5,50726855923816E-02 
706	 0,059184013435285 
707	 6,35784753477473E-02 
708	 6,81084932488401E-02 
709	 7,23567473148439E-02 
710	 7,65673347769651E-02 
711	 8,07090164878578E-02 
712	 8,43937423820774E-02 
713	 8,78827203093978E-02 
714	 9,14197217105957E-02 
715	 9,49281809823517E-02 
716	 0,098264532589204 
717	 0,101116202681396 
718	 0,103705340885427 
719	 0,106217703801529 
720	 0,109213944817938 
721	 0,111947564180163 
722	 0,113430047111618 
723	 0,115151549633483 
724	 0,117320903255952 
725	 0,11932923073714 
726	 0,120998066359336 
727	 0,12226849223116 
728	 0,12373016416315 
729	 0,125133196311327 
730	 0,125862076018826 
731	 0,126726100037902 
732	 0,127858807573676 
733	 0,128671783988761 
734	 0,129391152011435 
735	 0,130197097953592 
736	 0,130477517743237 
737	 0,13066810540871 
738	 0,13220792573671 
739	 0,133250713094266 
740	 0,133239241563782 
741	 0,133411215546904 
742	 0,133744068600251 
743	 0,134093219834062 
744	 0,134529036438664 
745	 0,135049280675097 
746	 0,135703094330042 
747	 0,135962413627693 
748	 0,135671128712447 
749	 0,135959248664188 
750	 0,136464813969188 
751	 0,136410748836026 
752	 0,136599882977988 
753	 0,137028407497137 
754	 0,136828776852929 
755	 0,13663351481348 
756	 0,13690070668223 
757	 0,137269527059445 
758	 0,137604603326958 
759	 0,137765393189496 
760	 0,137834510121879 
761	 0,137849933396107 
762	 0,137848869707924 
763	 0,137859849484847 
764	 0,137900796562699 
765	 0,137820409251159 
766	 0,137769183405009 
767	 0,138211500402733 
768	 0,138680590462338 
769	 0,138938750189485 
770	 0,138864347514842 
771	 0,138721027815139 
772	 0,13882731529904 
773	 0,138921688484644 
774	 0,138972097624793 
775	 0,139056350063795 
776	 0,139176691015284 
777	 0,139301812756704 
778	 0,139204882048726 
779	 0,139058112572787 
780	 0,139140765772591 
781	 0,139405343459687 
782	 0,139704801756398 
783	 0,139580039308439 
784	 0,139416977420002 
785	 0,139455932947125 
786	 0,139367930139954 
787	 0,13929832606795 
788	 0,139593104197836 
789	 0,139677921436237 
790	 0,139525240538914 
791	 0,139840266838767 
792	 0,140040731863902 
793	 0,139697330748447 
794	 0,139545720993059 
795	 0,139635854811388 
796	 0,139801114427983 
797	 0,139969966793448 
798	 0,140077290132181 
799	 0,140014572762109 
800	 0,140003058064483 
801	 0,140236934502451 
802	 0,140423549373359 
803	 0,140419400459374 
804	 0,139915338663171 
805	 0,139916513944873 
806	 0,14063321922386 
807	 0,140947515874287 
808	 0,140872135933437 
809	 0,140543990680323 
810	 0,140619223367145 
811	 0,140980662969755 
812	 0,140844106245806 
813	 0,140820424619985 
814	 0,141076539951932 
815	 0,1410113935858 
816	 0,140838398305552 
817	 0,140871184398796 
818	 0,141106682129579 
819	 0,141480406094862 
820	 0,14183228445078 
821	 0,142017508572912 
822	 0,141960244575913 
823	 0,141708362422357 
824	 0,141579490604414 
825	 0,141952078357783 
826	 0,142252205707155 
827	 0,142340798243767 
828	 0,14224783867688 
829	 0,142313136034423 
830	 0,14259886107546 
831	 0,142160684374865 
832	 0,141657156530768 
833	 0,142100259213262 
834	 0,142154115455447 
835	 0,141786983736325 
836	 0,142035518893634 
837	 0,142286837030733 
838	 0,142247593271951 
839	 0,142326934119616 
840	 0,142470983689908 
841	 0,142542739291508 
842	 0,142802816180871 
843	 0,143068822892575 
844	 0,142467913012468 
845	 0,142187574743119 
846	 0,142825675134224 
847	 0,14361614190512 
848	 0,144011592175938 
849	 0,143413695980998 
850	 0,142730958866776 
851	 0,142417450518904 
852	 0,143123900548144 
853	 0,143351294337911 
854	 0,142492071669479 
855	 0,142553657706782 
856	 0,142936026309943 
857	 0,142525816786538 
858	 0,142621832733042 
859	 0,143241988704044 
860	 0,143476228036722 
861	 0,143421290600436 
862	 0,143217753199468 
863	 0,14353486142198 
864	 0,144001858402565 
865	 0,144043911514766 
866	 0,143575190231411 
867	 0,142979019007588 
868	 0,143517226638401 
869	 0,143797638132354 
870	 0,143323844147155 
871	 0,143514745144501 
872	 0,14380546096538 
873	 0,143397899845909 
874	 0,143390496088272 
875	 0,143786265679599 
876	 0,14383645155279 
877	 0,14419321330137 
878	 0,144840695918907 
879	 0,144167476046356 
880	 0,143293790318605 
881	 0,143517358509298 
882	 0,143570860472905 
883	 0,143515167830696 
884	 0,144190454426829 
885	 0,144816510076671 
886	 0,145103023295671 
887	 0,145217715247828 
888	 0,145196152289187 
889	 0,145105163747616 
890	 0,14546375412614 
891	 0,145831622057519 
892	 0,144990682357883 
893	 0,144651132344199 
894	 0,145066962103384 
895	 0,144614904815144 
896	 0,144303753258581 
897	 0,144862502311408 
898	 0,144986871090786 
899	 0,144826419794826 
900	 0,145034351599627 
901	 0,144737622713062 
902	 0,14411386101184 
903	 0,144744021232092 
904	 0,145326291817645 
905	 0,14510519462516 
906	 0,145004324360472 
907	 0,145165929472295 
908	 0,145622552277592 
909	 0,145742084434741 
910	 0,145451638613268 
911	 0,145020441135431 
912	 0,144925025782865 
913	 0,145325513995865 
914	 0,145651302292159 
915	 0,145612223797401 
916	 0,144984030519452 
917	 0,144258441930145 
918	 0,143762993292178 
919	 0,143967129417318 
920	 0,144361679093333 
921	 0,144723743428063 
922	 0,145152373827321 
923	 0,144954682459716 
924	 0,143733566151901 
925	 0,143443673089853 
926	 0,143683128161768 
927	 0,14311545479561 
928	 0,14286519455981 
929	 0,142985379351739 
930	 0,142416202873121 
931	 0,142380758004869 
932	 0,143328114141232 
933	 0,14314337845031 
934	 0,142383521242585 
935	 0,142063718340081 
936	 0,141708020207769 
937	 0,141519945449876 
938	 0,14243542405568 
939	 0,142643579235352 
940	 0,141473116971325 
941	 0,139446807031406 
942	 0,138104741166179 
943	 0,138643355302834 
944	 0,139071720058275 
945	 0,138805225679526 
946	 0,137431816295574 
947	 0,136769915099866 
948	 0,136922413717627 
949	 0,136012709738273 
950	 0,135376763417871 
951	 0,135573218757908 
952	 0,134882195355108 
953	 0,134100856166909 
954	 0,134324265773164 
955	 0,133764158219242 
956	 0,132405698264094 
957	 0,131108322333877 
958	 0,130355341053623 
959	 0,130431032472652 
960	 0,131803331254824 
961	 0,131505398711961 
962	 0,128019456639988 
963	 0,128462057116459 
964	 0,130999513044748 
965	 0,131317514592592 
966	 0,129492656467458 
967	 0,126900562072746 
968	 0,127991253393773 
969	 0,128826651359589 
970	 0,127907142526812 
971	 0,127017183969556 
972	 0,126243215429355 
973	 0,125723003872701 
974	 0,127136162516538 
975	 0,128989995388481 
976	 0,128267352430636 
977	 0,126541431940962 
978	 0,125286776411896 
979	 0,127872641833773 
980	 0,130211450925061 
981	 0,13031763674293 
982	 0,130238463341957 
983	 0,129674023254729 
984	 0,12830401394966 
985	 0,127456762972968 
986	 0,127436605752592 
987	 0,128278202141838 
988	 0,128870416113001 
989	 0,128890660867883 
990	 0,128510728926806 
991	 0,128978914348481 
992	 0,130558663066286 
993	 0,13051749840159 
994	 0,130278084967115 
995	 0,131463706132202 
996	 0,132643806168012 
997	 0,132848762138599 
998	 0,130742114920917 
999	 0,129480490160827 
1000	 0,130153052690905 
1001	 0,133102466062916 
1002	 0,133901039533378 
1003	 0,131518299917856 
1004	 0,134746876874018 
1005	 0,136999586852812 
1006	 0,132084170206715 
1007	 0,131032919751226 
1008	 0,133229252426958 
1009	 0,134071983706459 
1010	 0,136178875694398 
1011	 0,138119757715256 
1012	 0,133310922049484 
1013	 0,129897909783375 
1014	 0,131478635995284 
1015	 0,135494689461869 
1016	 0,139216055995249 
1017	 0,140548412182284 
1018	 0,141729981134362 
1019	 0,142863499083071 
1020	 0,143640347039453 
1021	 0,14027371743647 
1022	 0,135022258992036 
1023	 0,13678621078429 
1024	 0,137138787287616 
1025	 0,135273718532713 
1026	 0,141093587483893 
1027	 0,14624829889264 
1028	 0,145557263666385 
1029	 0,144382668143237 
1030	 0,142653064710316 
1031	 0,140125796106297 
1032	 0,143450994067256 
1033	 0,148804929957369 
1034	 0,145909639654297 
1035	 0,143733100129632 
1036	 0,143701443931495 
1037	 0,141499486173178 
1038	 0,140596913366927 
1039	 0,142207753775882 
1040	 0,143689647030652 
1041	 0,145580420670075 
1042	 0,148318222914717 
1043	 0,152073675633582 
1044	 0,153205846773324 
1045	 0,147329359738025 
1046	 0,143064277568012 
1047	 0,144023885694552 
1048	 0,154133939826207 
1049	 0,152417213731515 
1050	 0,138475560814082 
1051	 0,137068602534238 
1052	 0,144519721686855 
1053	 0,155472053569332 
1054	 0,153737186195192 
1055	 0,147258278704075 
1056	 0,14507635885927 
1057	 0,15300505366322 
1058	 0,161179462715959 
1059	 0,155922793248197 
1060	 0,146366302823867 
1061	 0,14019085736804 
1062	 0,150024458854156 
1063	 0,155307935614215 
1064	 0,152081064359217 
1065	 0,150082752802886 
1066	 0,151308229230572 
1067	 0,156831065053561 
1068	 0,166428237307339 
1069	 0,167536946844524 
1070	 0,154401379900046 
1071	 0,154173903136365 
1072	 0,15596690372465 
1073	 0,144099383189041 
1074	 0,146221231376141 
1075	 0,153514375432732 
