Wavelength	PENFOUL00093.asd
325	 0,369667387548478 
326	 0,344062880754357 
327	 0,277968146148999 
328	 0,205067963898578 
329	 0,319349579875251 
330	 0,422383443033441 
331	 0,350882179682061 
332	 0,358163662913123 
333	 0,407301903812372 
334	 0,358800064318456 
335	 0,240694654723948 
336	 0,111495313661097 
337	 0,179571874482018 
338	 0,265378218708156 
339	 0,197718850534146 
340	 0,208614318255874 
341	 0,263460894207587 
342	 0,245952674175437 
343	 0,232881735017508 
344	 0,23906511865629 
345	 0,208224886885966 
346	 0,151567647629627 
347	 9,34561686769874E-02 
348	 0,108012552897916 
349	 0,16222592906978 
350	 0,153145975660764 
351	 0,142241364043678 
352	 0,148742417696053 
353	 0,139318010550113 
354	 0,13061968317512 
355	 0,139301513686498 
356	 0,12965587157916 
357	 0,110529203520304 
358	 0,134153609646357 
359	 0,146535192530215 
360	 0,129726047306976 
361	 0,127899066560565 
362	 0,131256535969096 
363	 0,118469604666812 
364	 0,113508973154587 
365	 0,11775868821242 
366	 0,117363062498636 
367	 0,124699045076074 
368	 0,14207273885102 
369	 0,124363816114681 
370	 9,79312594195465E-02 
371	 0,121533813946825 
372	 0,116695256093424 
373	 8,27814423545607E-02 
374	 0,124352689359939 
375	 0,152527095257379 
376	 0,112275610868792 
377	 0,101499115603674 
378	 0,117617091214723 
379	 0,118083115220848 
380	 0,113332808039015 
381	 0,107839634102766 
382	 0,11125078420261 
383	 0,115912954164589 
384	 0,11470434129795 
385	 0,109751036361656 
386	 0,104886477043246 
387	 0,107332254519529 
388	 0,115863050831098 
389	 0,126853059815073 
390	 0,127524538395833 
391	 0,121624694681544 
392	 0,114986068499896 
393	 0,109563668652848 
394	 0,104685973400002 
395	 9,55067793124777E-02 
396	 8,94176350098533E-02 
397	 8,99376561104655E-02 
398	 9,06988115031111E-02 
399	 9,35434827415938E-02 
400	 0,103010791664568 
401	 9,99590147459526E-02 
402	 8,75845772780455E-02 
403	 9,70395984756826E-02 
404	 0,107502941871394 
405	 0,105659892282469 
406	 0,103707914855117 
407	 0,102477507609681 
408	 0,100510780858502 
409	 0,097108517791132 
410	 9,27670976046564E-02 
411	 8,95187642406298E-02 
412	 8,94209882783683E-02 
413	 9,37575744823529E-02 
414	 9,07297038004611E-02 
415	 8,43207457737919E-02 
416	 9,14751665872742E-02 
417	 9,49947993762116E-02 
418	 8,98723113101986E-02 
419	 9,08825232993546E-02 
420	 9,28334198876352E-02 
421	 0,087856439859815 
422	 8,64634072557748E-02 
423	 8,89133074612225E-02 
424	 8,66502662633028E-02 
425	 0,087900570945873 
426	 9,56758408583627E-02 
427	 0,092042212794823 
428	 8,32220309541561E-02 
429	 8,43417803075437E-02 
430	 8,51927459829019E-02 
431	 8,42381053912378E-02 
432	 8,80538684536041E-02 
433	 9,10629245570491E-02 
434	 8,85758108854946E-02 
435	 8,61552243160595E-02 
436	 8,54203898790903E-02 
437	 8,77473486195563E-02 
438	 8,96290771853792E-02 
439	 8,94301277820643E-02 
440	 8,71316343354704E-02 
441	 8,57083454507421E-02 
442	 8,88174848527392E-02 
443	 8,82715465850984E-02 
444	 8,46148670019885E-02 
445	 8,67458539865181E-02 
446	 8,86071256653803E-02 
447	 8,69011769023283E-02 
448	 8,75083134492008E-02 
449	 8,91974156369552E-02 
450	 8,80246995531726E-02 
451	 0,088531873102704 
452	 9,12373479769245E-02 
453	 9,21010383949797E-02 
454	 0,091909951893129 
455	 9,15235898241655E-02 
456	 8,99795797710641E-02 
457	 8,76786601895073E-02 
458	 8,56334288021841E-02 
459	 8,53114425937703E-02 
460	 8,72098213408123E-02 
461	 8,98219185326297E-02 
462	 9,17999747290487E-02 
463	 9,16577726659639E-02 
464	 9,12565204041742E-02 
465	 9,10263351451381E-02 
466	 9,05329009933132E-02 
467	 9,00816389365499E-02 
468	 8,99911723783762E-02 
469	 9,14494627086173E-02 
470	 0,092858012969419 
471	 9,06066905297551E-02 
472	 8,96643593595566E-02 
473	 0,091475910049895 
474	 9,50184832012482E-02 
475	 0,09603243931024 
476	 9,08575083685076E-02 
477	 8,92744559538223E-02 
478	 9,16399465585087E-02 
479	 0,093240784976318 
480	 9,31799335111122E-02 
481	 9,14225414069267E-02 
482	 9,19833022098122E-02 
483	 9,35422033374272E-02 
484	 9,36026822494398E-02 
485	 9,21805781803175E-02 
486	 9,00806554543118E-02 
487	 9,01244889268793E-02 
488	 9,11033140211206E-02 
489	 9,19571569727399E-02 
490	 9,22430620392184E-02 
491	 9,17198728788572E-02 
492	 0,089838991657941 
493	 0,08912736231858 
494	 9,01662829055894E-02 
495	 9,05974852314412E-02 
496	 9,01018393022588E-02 
497	 8,85846422398193E-02 
498	 8,87316804697859E-02 
499	 9,02562182181445E-02 
500	 9,01863014004957E-02 
501	 0,090323707857112 
502	 9,13891999157899E-02 
503	 9,07873867684302E-02 
504	 8,92651110130772E-02 
505	 8,85099878292663E-02 
506	 8,91638865742131E-02 
507	 9,11597752501041E-02 
508	 9,32930277072716E-02 
509	 9,43196464632093E-02 
510	 9,34253912059254E-02 
511	 9,45828960038937E-02 
512	 0,097003095822381 
513	 9,65554370351915E-02 
514	 9,62743639467291E-02 
515	 9,72781842442597E-02 
516	 9,79794719409022E-02 
517	 9,79183680997917E-02 
518	 9,66597932838971E-02 
519	 0,096221731726232 
520	 9,69717624782989E-02 
521	 9,81049921020265E-02 
522	 9,89369220855809E-02 
523	 9,90051489628252E-02 
524	 0,098993239164067 
525	 9,90570401353349E-02 
526	 9,93160873496161E-02 
527	 9,92192295072114E-02 
528	 0,098785966141859 
529	 9,94123937780903E-02 
530	 9,95232953940317E-02 
531	 9,72882717738745E-02 
532	 0,097086511237254 
533	 9,87801009667739E-02 
534	 9,85786787934309E-02 
535	 9,84235821977898E-02 
536	 9,92311608829932E-02 
537	 9,87272416801085E-02 
538	 9,76326431267476E-02 
539	 9,77690306319575E-02 
540	 9,82021829458982E-02 
541	 9,84954646921262E-02 
542	 9,78583406021771E-02 
543	 9,76244780163828E-02 
544	 9,90163613711549E-02 
545	 9,94226490691306E-02 
546	 9,88529154245225E-02 
547	 0,098983912552417 
548	 9,86601922555322E-02 
549	 9,76957497314343E-02 
550	 9,86960445437903E-02 
551	 0,10031522350543 
552	 0,100100265550564 
553	 9,92696851968956E-02 
554	 9,83609497402674E-02 
555	 9,79813950092072E-02 
556	 9,82082321335615E-02 
557	 9,89719864016909E-02 
558	 0,098884288294681 
559	 9,80167498382209E-02 
560	 9,71893750458169E-02 
561	 9,65862208655359E-02 
562	 9,62626432341344E-02 
563	 9,57081031782906E-02 
564	 9,50325132445272E-02 
565	 9,44360433832951E-02 
566	 9,44220113231085E-02 
567	 9,50010183946183E-02 
568	 9,57153205850792E-02 
569	 9,63803557543403E-02 
570	 9,68757893229731E-02 
571	 9,73684780687982E-02 
572	 9,81042767640453E-02 
573	 9,96225911109506E-02 
574	 0,100707477741776 
575	 0,101143355800316 
576	 0,102309414239352 
577	 0,103760542529772 
578	 0,104908859575501 
579	 0,106766522193268 
580	 0,108885429741665 
581	 0,10923306318279 
582	 0,109338478175383 
583	 0,110171664550085 
584	 0,11193261252938 
585	 0,113675270447602 
586	 0,11366684530252 
587	 0,114215563202394 
588	 0,115676359909565 
589	 0,116115270707395 
590	 0,116816503413907 
591	 0,118904949680127 
592	 0,119576255247153 
593	 0,118986568960904 
594	 0,119164623666361 
595	 0,119026567024024 
596	 0,11833310074666 
597	 0,118712523880485 
598	 0,1193395151351 
599	 0,118729615339569 
600	 0,1183678208731 
601	 0,118484720735539 
602	 0,118350092884341 
603	 0,117943498046528 
604	 0,117280333080294 
605	 0,116616501417333 
606	 0,116025750755172 
607	 0,115652260825183 
608	 0,114602787063152 
609	 0,113014967175139 
610	 0,113873352550228 
611	 0,114852698946982 
612	 0,112846354874404 
613	 0,11103740313487 
614	 0,110216000120921 
615	 0,110147325601086 
616	 0,110264180920416 
617	 0,110157181581311 
618	 0,109886023657471 
619	 0,109613725657361 
620	 0,109664178464417 
621	 0,109685805859715 
622	 0,109588811176079 
623	 0,109597032305224 
624	 0,109430036793221 
625	 0,108842568363607 
626	 0,109388287706448 
627	 0,110498884449024 
628	 0,109388992410952 
629	 0,108935433808522 
630	 0,110416965040528 
631	 0,111497329091257 
632	 0,112057297466226 
633	 0,11236768994792 
634	 0,112914539544325 
635	 0,113838239320022 
636	 0,114906831874627 
637	 0,116083453027352 
638	 0,117306060719011 
639	 0,118164434755584 
640	 0,118715354718512 
641	 0,119268991576807 
642	 0,119968193412147 
643	 0,12082412602166 
644	 0,121457903870596 
645	 0,121827886745477 
646	 0,121937266123258 
647	 0,121795073188368 
648	 0,121495455636574 
649	 0,121290278593385 
650	 0,121072390025214 
651	 0,120728733932089 
652	 0,119953871088393 
653	 0,118903368201021 
654	 0,118034297469941 
655	 0,116671269523007 
656	 0,114753614872697 
657	 0,113020255945235 
658	 0,111660682071739 
659	 0,110769724800035 
660	 0,108998570519632 
661	 0,106594636247365 
662	 0,105184651132262 
663	 0,103820922412776 
664	 0,102034294497131 
665	 0,100016636104011 
666	 9,81215109089411E-02 
667	 9,67987632042952E-02 
668	 9,63454297686427E-02 
669	 9,65126585350582E-02 
670	 9,60961582272059E-02 
671	 9,53260092574188E-02 
672	 9,44799745346582E-02 
673	 9,43424090802091E-02 
674	 9,45328805467622E-02 
675	 9,36460165917298E-02 
676	 9,35217849525278E-02 
677	 9,45133080636843E-02 
678	 0,094539093616509 
679	 9,41734160990432E-02 
680	 9,42980345064685E-02 
681	 9,46817226463731E-02 
682	 0,095270399732374 
683	 9,58882279890066E-02 
684	 9,70401714328234E-02 
685	 9,89613907930402E-02 
686	 0,100871582254521 
687	 0,102942276908006 
688	 0,105646268502317 
689	 0,10893991026793 
690	 0,1129080875468 
691	 0,117749521545584 
692	 0,123425074432528 
693	 0,12990745068352 
694	 0,137431939323014 
695	 0,145769921451 
696	 0,154253273695763 
697	 0,163590596374057 
698	 0,174054304592439 
699	 0,185503565727573 
700	 0,197456992883858 
701	 0,209340265970355 
702	 0,221216830971065 
703	 0,233053289609141 
704	 0,244926305098325 
705	 0,256477436355421 
706	 0,267514301921549 
707	 0,278511811101356 
708	 0,289217064599229 
709	 0,299083900691854 
710	 0,308189588627563 
711	 0,316732987109697 
712	 0,325526872304395 
713	 0,333997220889926 
714	 0,341530898290827 
715	 0,347997999505241 
716	 0,353856179987803 
717	 0,360349589936004 
718	 0,36642783122883 
719	 0,371666778990879 
720	 0,376434078574775 
721	 0,38086811035088 
722	 0,385113203550077 
723	 0,388919327277612 
724	 0,392306521395561 
725	 0,395586445093253 
726	 0,39831771993288 
727	 0,400370913571506 
728	 0,402971961328718 
729	 0,405693164035269 
730	 0,407481018702547 
731	 0,408923023194268 
732	 0,410347560966667 
733	 0,412359661619477 
734	 0,414267215946635 
735	 0,415453502463234 
736	 0,416329635803214 
737	 0,417149922948023 
738	 0,418377702331003 
739	 0,419318314940945 
740	 0,419835727048315 
741	 0,420799856215752 
742	 0,421743243390797 
743	 0,422062513071142 
744	 0,422602277672124 
745	 0,423483949266782 
746	 0,424585331885229 
747	 0,424974496306851 
748	 0,424407515008367 
749	 0,425113280272488 
750	 0,426345680717178 
751	 0,42654309278651 
752	 0,426843463134972 
753	 0,427386751004922 
754	 0,427544268136075 
755	 0,427638773075158 
756	 0,427924199631333 
757	 0,428401689496978 
758	 0,428928522787039 
759	 0,429241066603052 
760	 0,429350514582193 
761	 0,429337836774687 
762	 0,429575956343673 
763	 0,429832985135801 
764	 0,429885860691005 
765	 0,430018877798701 
766	 0,430261256687624 
767	 0,430558487156343 
768	 0,430796445033849 
769	 0,43093710987118 
770	 0,431059955227548 
771	 0,431334580834957 
772	 0,431930296037218 
773	 0,432040754443524 
774	 0,431723800733977 
775	 0,431721120050989 
776	 0,431923741904299 
777	 0,432224925985773 
778	 0,432210885237475 
779	 0,432035129602045 
780	 0,431991103767516 
781	 0,432118478334577 
782	 0,432400953256679 
783	 0,432734761433037 
784	 0,432942509392645 
785	 0,432913621767116 
786	 0,432782363110577 
787	 0,432735060237078 
788	 0,433061314976849 
789	 0,433327131168939 
790	 0,433327854065803 
791	 0,432810424008585 
792	 0,432503379320292 
793	 0,432921758940568 
794	 0,432970427405127 
795	 0,432711655906136 
796	 0,432659145631099 
797	 0,432804916552246 
798	 0,433105763297516 
799	 0,43333731186255 
800	 0,433301443834577 
801	 0,432884881962285 
802	 0,432955210411658 
803	 0,43345112171286 
804	 0,433801034867177 
805	 0,433999151361926 
806	 0,434042516617558 
807	 0,434110813253103 
808	 0,434194381420219 
809	 0,434275532899349 
810	 0,434557105876149 
811	 0,43493002227846 
812	 0,434978067467613 
813	 0,435045947498121 
814	 0,435262078556939 
815	 0,435453991850295 
816	 0,435643410809177 
817	 0,435861190545697 
818	 0,435625406740727 
819	 0,435154697159045 
820	 0,435362288595121 
821	 0,435863602127802 
822	 0,43639898307966 
823	 0,436602080104072 
824	 0,43655670576013 
825	 0,436437508668512 
826	 0,436733062564072 
827	 0,437258509342069 
828	 0,436982930018574 
829	 0,436837114334133 
830	 0,437241621159708 
831	 0,437502133586405 
832	 0,437671649232453 
833	 0,437922828096118 
834	 0,438015774297342 
835	 0,437933821926997 
836	 0,437821645222421 
837	 0,437637775761641 
838	 0,437481867117441 
839	 0,438141533833306 
840	 0,43891012164394 
841	 0,438698700068546 
842	 0,438504899050808 
843	 0,438514550863918 
844	 0,438403067355438 
845	 0,438545374415484 
846	 0,43907635196719 
847	 0,439485181844495 
848	 0,439519455303566 
849	 0,438935600488235 
850	 0,438916198039697 
851	 0,439433272472258 
852	 0,439326990431808 
853	 0,43903362802369 
854	 0,43878187214496 
855	 0,438427746131876 
856	 0,438222750535674 
857	 0,438504025294035 
858	 0,438835659991885 
859	 0,439027268578981 
860	 0,438904870190975 
861	 0,438652722051576 
862	 0,438505057370882 
863	 0,439294566530009 
864	 0,43998538256004 
865	 0,439173280826486 
866	 0,438841905422472 
867	 0,439228027648442 
868	 0,439548282182087 
869	 0,439675379977315 
870	 0,439572557517733 
871	 0,4395696002949 
872	 0,439821914833809 
873	 0,440440133803924 
874	 0,440461285885799 
875	 0,440151489742036 
876	 0,440947283238952 
877	 0,441675013962677 
878	 0,441797983733249 
879	 0,441391724211145 
880	 0,440841362163296 
881	 0,440593465532362 
882	 0,441117860014175 
883	 0,442061427859961 
884	 0,442255876684461 
885	 0,442430482825407 
886	 0,442791899337735 
887	 0,443131287333377 
888	 0,443162795903381 
889	 0,442732694614943 
890	 0,443273051598468 
891	 0,444194072083832 
892	 0,443610208578017 
893	 0,44324852426347 
894	 0,443453220870321 
895	 0,442990711371164 
896	 0,443025217256251 
897	 0,444306804596413 
898	 0,444689810756609 
899	 0,44448689132551 
900	 0,444881419057625 
901	 0,445060720070224 
902	 0,444911810702576 
903	 0,444839611666997 
904	 0,444807242701851 
905	 0,444747289115229 
906	 0,444270301629751 
907	 0,443880939064795 
908	 0,44433204206337 
909	 0,444454457395846 
910	 0,444181107888491 
911	 0,444266929796221 
912	 0,44439098662975 
913	 0,444468894027193 
914	 0,444892896673546 
915	 0,445354410056883 
916	 0,445453179809625 
917	 0,444612952565926 
918	 0,443643580890712 
919	 0,445020986141674 
920	 0,445228305329779 
921	 0,443621740559711 
922	 0,44350639525389 
923	 0,443675607583543 
924	 0,443094309962454 
925	 0,443118378225432 
926	 0,443159474913656 
927	 0,441785233651319 
928	 0,441304438638942 
929	 0,441677612904026 
930	 0,4400278216405 
931	 0,439132311196764 
932	 0,440318632287245 
933	 0,440690046675918 
934	 0,440280501053374 
935	 0,439583650654052 
936	 0,438890369400497 
937	 0,438351494544907 
938	 0,438178381678228 
939	 0,437492736636105 
940	 0,436102272442873 
941	 0,434868725175707 
942	 0,434178198172115 
943	 0,434239322749213 
944	 0,433933782271956 
945	 0,433582390426352 
946	 0,434201555356604 
947	 0,434029836485985 
948	 0,432584572390128 
949	 0,430087851342329 
950	 0,428043840276874 
951	 0,427206673213727 
952	 0,42597406799985 
953	 0,424754512677565 
954	 0,424202139007563 
955	 0,423535155444272 
956	 0,422511314974608 
957	 0,420830494750514 
958	 0,42021666051425 
959	 0,420701235875276 
960	 0,419554593244114 
961	 0,417463287848703 
962	 0,415364807170915 
963	 0,415796501019851 
964	 0,417042614523012 
965	 0,415983569970572 
966	 0,414289598404016 
967	 0,413153759900419 
968	 0,415111609648492 
969	 0,416078958929864 
970	 0,414471950128663 
971	 0,412230457648632 
972	 0,411055799024106 
973	 0,412252164833669 
974	 0,414188034913138 
975	 0,415299905078079 
976	 0,413492125873076 
977	 0,412008932918929 
978	 0,411884192567553 
979	 0,412930929005767 
980	 0,414729518604936 
981	 0,416534285066915 
982	 0,415903695590339 
983	 0,41518531632723 
984	 0,41672675302736 
985	 0,416696357462049 
986	 0,415908813674673 
987	 0,417282694271331 
988	 0,418044906092615 
989	 0,417583270085305 
990	 0,416627134230343 
991	 0,416334252103075 
992	 0,417113947224005 
993	 0,417096893702125 
994	 0,417286210346251 
995	 0,418766456945394 
996	 0,419862405981712 
997	 0,420430872887227 
998	 0,420881660219423 
999	 0,420632768009941 
1000	 0,420109241265686 
1001	 0,421041339091898 
1002	 0,423328582753815 
1003	 0,426236737623517 
1004	 0,42613689068225 
1005	 0,425416013965865 
1006	 0,426452848162603 
1007	 0,425382442986055 
1008	 0,424250325745432 
1009	 0,427640463277723 
1010	 0,430138433824541 
1011	 0,430139434809921 
1012	 0,427688204587656 
1013	 0,425356945921014 
1014	 0,42496220579157 
1015	 0,42828345966884 
1016	 0,431820140066394 
1017	 0,432524850099653 
1018	 0,43158752894465 
1019	 0,431020856775775 
1020	 0,433396114335251 
1021	 0,43308152628679 
1022	 0,430370194785406 
1023	 0,430002093057141 
1024	 0,43030802783626 
1025	 0,430588731774156 
1026	 0,429323163436525 
1027	 0,431295986788557 
1028	 0,43829707676643 
1029	 0,440609749210015 
1030	 0,438802539658626 
1031	 0,435358663401617 
1032	 0,43544835117439 
1033	 0,438760945074427 
1034	 0,442190735023724 
1035	 0,443862045558102 
1036	 0,442836624188657 
1037	 0,438422997824458 
1038	 0,433914816213798 
1039	 0,432332016463914 
1040	 0,438911106518204 
1041	 0,444559680475895 
1042	 0,442365015870608 
1043	 0,442517310947615 
1044	 0,445938052895563 
1045	 0,451484918814071 
1046	 0,44756910130571 
1047	 0,439183932628419 
1048	 0,444948023531455 
1049	 0,448556520397221 
1050	 0,446445488014005 
1051	 0,443890384982385 
1052	 0,444366535274881 
1053	 0,447632312021622 
1054	 0,441330800508127 
1055	 0,43694576421239 
1056	 0,444181530513568 
1057	 0,449040681378642 
1058	 0,452951846032358 
1059	 0,460185349414686 
1060	 0,453816622082305 
1061	 0,441601981340349 
1062	 0,450112914174133 
1063	 0,453800963799556 
1064	 0,448067502840476 
1065	 0,444724294402058 
1066	 0,443778627128429 
1067	 0,44550157040126 
1068	 0,449702531362902 
1069	 0,451806549330368 
1070	 0,449078838092711 
1071	 0,446728652768016 
1072	 0,442777929812042 
1073	 0,435735989867306 
1074	 0,444391208196644 
1075	 0,455252015917531 
