Wavelength	PENFOUL00101.asd
325	 0,146017832763474 
326	 6,83901043598029E-02 
327	 5,04223482359759E-02 
328	 0,102203938621326 
329	 0,146099670086087 
330	 0,265882448078973 
331	 0,407071443577987 
332	 0,378551664692153 
333	 0,240274640929818 
334	 0,196929014011291 
335	 0,126550196696662 
336	 2,19854415865634E-02 
337	 3,86866663604538E-02 
338	 6,96047447607361E-02 
339	 2,07906310659843E-02 
340	 0,104572189662758 
341	 0,223682331683902 
342	 0,155111669009312 
343	 6,36620057669795E-02 
344	 1,14199002360051E-02 
345	 2,23453208944295E-02 
346	 5,93566530815382E-02 
347	 7,87697470478361E-02 
348	 8,13381365575123E-02 
349	 7,09225817355112E-02 
350	 0,05574105023385 
351	 3,03068673252177E-02 
352	 1,83558622022204E-03 
353	 4,00363899575616E-02 
354	 7,87483848802384E-02 
355	 5,62990407899578E-02 
356	 5,41719409873528E-02 
357	 7,47754317665483E-02 
358	 7,44080696669996E-02 
359	 6,04931125169841E-02 
360	 0,040367694599837 
361	 0,044872940000397 
362	 6,61811856887409E-02 
363	 8,50672703693966E-02 
364	 8,03967841286349E-02 
365	 5,62512153393391E-02 
366	 4,34407917604619E-02 
367	 4,72953429316381E-02 
368	 6,53416034817398E-02 
369	 5,72698961937716E-02 
370	 4,16039107469174E-02 
371	 6,36762866800113E-02 
372	 4,15394679459224E-02 
373	-1,41727268941834E-02 
374	 5,61881746415338E-02 
375	 0,108426318355918 
376	 5,35423223571444E-02 
377	 3,74215422921052E-02 
378	 5,79898916931476E-02 
379	 0,056060605425182 
380	 4,09356553577506E-02 
381	 2,40156604276164E-02 
382	 4,76670725915888E-02 
383	 7,29948134088547E-02 
384	 0,065237304377019 
385	 0,051132154739535 
386	 3,95735215767951E-02 
387	 3,69358355704488E-02 
388	 4,31438277290027E-02 
389	 0,054140430649546 
390	 5,15451074856701E-02 
391	 4,38397254182391E-02 
392	 4,28600766054959E-02 
393	 4,24274838122796E-02 
394	 4,09543514985885E-02 
395	 3,73292623095486E-02 
396	 0,033614882902823 
397	 3,17140545060238E-02 
398	 3,48184609300552E-02 
399	 4,28718048029338E-02 
400	 5,67614752505882E-02 
401	 4,57693430299725E-02 
402	 1,68491456947726E-02 
403	 2,66206885861393E-02 
404	 4,30623345528307E-02 
405	 4,41293101820042E-02 
406	 3,77609269617674E-02 
407	 3,16776100922606E-02 
408	 4,08562609243919E-02 
409	 4,30487957588016E-02 
410	 3,56746576342453E-02 
411	 0,038700277454891 
412	 4,22218104775176E-02 
413	 3,66404781429986E-02 
414	 3,32955997257088E-02 
415	 0,032834900809741 
416	 3,15036234318746E-02 
417	 2,99816319409473E-02 
418	 2,95696261973681E-02 
419	 3,72866522133015E-02 
420	 4,38745356962359E-02 
421	 3,77743995360174E-02 
422	 3,45293225773967E-02 
423	 3,66169815335639E-02 
424	 3,91893447898451E-02 
425	 3,98856913325885E-02 
426	 3,75644460011759E-02 
427	 3,51043179900772E-02 
428	 0,033827142575756 
429	 3,52208196833826E-02 
430	 0,037030548945209 
431	 3,80406686574803E-02 
432	 3,67320989450184E-02 
433	 3,49777002479568E-02 
434	 3,44705244075581E-02 
435	 3,51059700447646E-02 
436	 3,66081093822715E-02 
437	 3,85597889231122E-02 
438	 3,96407801171524E-02 
439	 3,90821472620466E-02 
440	 3,61833506969886E-02 
441	 3,35979829112984E-02 
442	 3,46322439990859E-02 
443	 3,64378849206048E-02 
444	 3,77219139282938E-02 
445	 3,65820497771976E-02 
446	 3,64785129311578E-02 
447	 3,88674957345433E-02 
448	 3,64531384044404E-02 
449	 3,25248083289867E-02 
450	 3,51151420800348E-02 
451	 3,71022895991344E-02 
452	 3,72313524794537E-02 
453	 4,07782586780921E-02 
454	 4,25359285225421E-02 
455	 3,79613097363672E-02 
456	 0,035168520775765 
457	 3,48503037320719E-02 
458	 3,42864564562939E-02 
459	 3,43307842147284E-02 
460	 3,47835684704497E-02 
461	 3,23884285073049E-02 
462	 3,10610156873414E-02 
463	 3,63007540776338E-02 
464	 3,75911402479026E-02 
465	 3,46832041901081E-02 
466	 3,65857244103263E-02 
467	 3,92543559719428E-02 
468	 3,99021745288435E-02 
469	 3,88320224469916E-02 
470	 3,68819500218055E-02 
471	 3,53379886326417E-02 
472	 3,56985931404893E-02 
473	 3,80121120929484E-02 
474	 3,99261275154898E-02 
475	 4,06401223340142E-02 
476	 3,96274024419027E-02 
477	 3,90525142833125E-02 
478	 3,91329259560718E-02 
479	 3,90023672622093E-02 
480	 3,89257137384632E-02 
481	 3,89701262797895E-02 
482	 3,88814401898312E-02 
483	 3,86572586620086E-02 
484	 3,82762692976184E-02 
485	 3,91989748267848E-02 
486	 4,09248327847604E-02 
487	 3,99682600583659E-02 
488	 3,95158878695049E-02 
489	 4,16824644862269E-02 
490	 4,15671408652751E-02 
491	 3,98221802168518E-02 
492	 3,96778811233009E-02 
493	 3,96446467030668E-02 
494	 3,93966185036026E-02 
495	 3,97512142995556E-02 
496	 3,97606857112361E-02 
497	 3,83552929944515E-02 
498	 3,82272038172682E-02 
499	 3,92842074728522E-02 
500	 3,91526199188747E-02 
501	 3,94941979169674E-02 
502	 4,08446817859897E-02 
503	 3,97018426573349E-02 
504	 3,76876825923721E-02 
505	 3,83959187641403E-02 
506	 3,85324350185441E-02 
507	 3,79173095848618E-02 
508	 4,03492589971172E-02 
509	 4,19954387465836E-02 
510	 3,96444724861129E-02 
511	 3,98574428848408E-02 
512	 4,18875226412042E-02 
513	 4,03595903520963E-02 
514	 3,92188010091778E-02 
515	 0,039943244618692 
516	 4,02932614903375E-02 
517	 4,06332554069861E-02 
518	 4,17940530769453E-02 
519	 4,23296161941093E-02 
520	 4,20502302822996E-02 
521	 4,16732243386387E-02 
522	 4,15815586526924E-02 
523	 4,19908828693354E-02 
524	 4,20782999382956E-02 
525	 4,19872959899119E-02 
526	 0,042363165190467 
527	 4,27164845878913E-02 
528	 4,28696011345512E-02 
529	 4,28793621338702E-02 
530	 4,27744925436836E-02 
531	 4,25856829719014E-02 
532	 4,21750570638981E-02 
533	 4,18388900429148E-02 
534	 4,25816601647347E-02 
535	 4,32221392678886E-02 
536	 4,30909405217218E-02 
537	 4,29317127775953E-02 
538	 4,29798631883294E-02 
539	 4,35122976940173E-02 
540	 4,37152503644878E-02 
541	 4,34403949439192E-02 
542	 4,32573468234395E-02 
543	 4,34432810740207E-02 
544	 4,41849711342848E-02 
545	 4,44227614348135E-02 
546	 4,41291040021908E-02 
547	 4,38912234308928E-02 
548	 4,35516891853079E-02 
549	 4,32773336749192E-02 
550	 4,46137118558237E-02 
551	 4,61563075221492E-02 
552	 4,55415618712616E-02 
553	 4,45714499739173E-02 
554	 4,39860835733479E-02 
555	 4,44233222304202E-02 
556	 4,51195301887765E-02 
557	 4,54094392343193E-02 
558	 4,54837611792333E-02 
559	 4,54785165118472E-02 
560	 0,045707943993365 
561	 4,57475493500051E-02 
562	 4,55119145902326E-02 
563	 4,56911964620653E-02 
564	 4,55962604508491E-02 
565	 4,42424168152448E-02 
566	 4,41930154849133E-02 
567	 4,55092052344238E-02 
568	 4,60213892640699E-02 
569	 4,58740911749135E-02 
570	 4,53004132281638E-02 
571	 4,55769412583021E-02 
572	 4,65224450092715E-02 
573	 4,73771203383561E-02 
574	 4,75004039057716E-02 
575	 4,69221155916469E-02 
576	 4,73770673482151E-02 
577	 4,80428580679064E-02 
578	 4,78862484762026E-02 
579	 4,85297847969392E-02 
580	 4,97192537967843E-02 
581	 4,94532042767376E-02 
582	 0,049400160103365 
583	 5,03916411778378E-02 
584	 5,10114228316138E-02 
585	 0,051134341811255 
586	 5,08426272553096E-02 
587	 5,09140425819838E-02 
588	 5,14762468391306E-02 
589	 5,18059934901957E-02 
590	 5,20257921468143E-02 
591	 5,22865868841349E-02 
592	 5,27729731883881E-02 
593	 5,32537195110031E-02 
594	 5,29945257782386E-02 
595	 5,26756005947257E-02 
596	 5,26406470342702E-02 
597	 5,28161730544097E-02 
598	 5,30677034004334E-02 
599	 5,32139995671137E-02 
600	 5,31729400801097E-02 
601	 5,29506402458399E-02 
602	 5,25977647049381E-02 
603	 5,26791448385136E-02 
604	 5,34834105987022E-02 
605	 5,29125443486378E-02 
606	 0,051662161418579 
607	 5,24648326793526E-02 
608	 5,24406290050556E-02 
609	 5,10574806943325E-02 
610	 5,18758850768005E-02 
611	 5,31438359701982E-02 
612	 5,23792250707855E-02 
613	 5,17252007554232E-02 
614	 5,15377158874981E-02 
615	 5,11073391282718E-02 
616	 5,10188768853017E-02 
617	 5,15688498382656E-02 
618	 5,19329930213588E-02 
619	 5,19892314635663E-02 
620	 5,17458678685833E-02 
621	 5,16198691751361E-02 
622	 5,16964978788443E-02 
623	 5,16172798523708E-02 
624	 5,12759643093145E-02 
625	 5,06287536393742E-02 
626	 5,07983529595949E-02 
627	 5,15187456311077E-02 
628	 5,12716845837566E-02 
629	 0,051002454533867 
630	 5,12290128859697E-02 
631	 5,19996768802536E-02 
632	 5,28225780583409E-02 
633	 5,29157910310898E-02 
634	 5,29682330764097E-02 
635	 5,31820397161921E-02 
636	 5,34157782147685E-02 
637	 5,39592990464377E-02 
638	 5,49770260900529E-02 
639	 5,53144485706649E-02 
640	 5,51007328134999E-02 
641	 0,055180266373158 
642	 5,55354642715507E-02 
643	 5,60348988553836E-02 
644	 5,57456068428172E-02 
645	 5,52502996621602E-02 
646	 5,54067839921547E-02 
647	 5,57432902672122E-02 
648	 5,59884623600739E-02 
649	 5,55972761439883E-02 
650	 5,53768579417745E-02 
651	 5,57787140263889E-02 
652	 5,56357505798151E-02 
653	 5,50601782168588E-02 
654	 5,45774250293153E-02 
655	 5,45629165105673E-02 
656	 5,49048862587991E-02 
657	 5,42417324410159E-02 
658	 5,35464881339041E-02 
659	 5,38530503345887E-02 
660	 0,053459145232855 
661	 5,23745991573461E-02 
662	 5,16779047479129E-02 
663	 5,11144270838247E-02 
664	 5,06037594228932E-02 
665	 5,03600360036004E-02 
666	 5,01175128148426E-02 
667	 4,94165656506431E-02 
668	 4,90785749867253E-02 
669	 4,93050798149945E-02 
670	 4,99431694881813E-02 
671	 0,050302304384333 
672	 0,049864214317574 
673	 4,93614745764486E-02 
674	 4,89157824887406E-02 
675	 4,82990891839379E-02 
676	 4,85241879916777E-02 
677	 4,96785773297016E-02 
678	 4,99665925588144E-02 
679	 4,98390804390598E-02 
680	 5,00134808382552E-02 
681	 5,01105841659988E-02 
682	 5,01795844186341E-02 
683	 5,06080077746182E-02 
684	 0,050969003066985 
685	 5,10857903754694E-02 
686	 5,16346112893187E-02 
687	 5,26284842823523E-02 
688	 5,39516925450925E-02 
689	 5,51199961655261E-02 
690	 5,60693210251154E-02 
691	 5,72776074934588E-02 
692	 5,87911831230801E-02 
693	 6,06492228788409E-02 
694	 6,30174719741663E-02 
695	 6,58364320405392E-02 
696	 6,89798243538859E-02 
697	 7,19133013067949E-02 
698	 7,46833471276176E-02 
699	 7,91512214556211E-02 
700	 8,40623148375919E-02 
701	 8,76135970313846E-02 
702	 9,15261451102073E-02 
703	 9,59791708311704E-02 
704	 0,100177205755471 
705	 0,104208986617465 
706	 0,108139598333808 
707	 0,112096040971435 
708	 0,115956792424517 
709	 0,119469746586825 
710	 0,122817336734167 
711	 0,126006278598162 
712	 0,128817155049094 
713	 0,131505381296504 
714	 0,134281765262753 
715	 0,136703238770291 
716	 0,138766100001576 
717	 0,140689479835704 
718	 0,142420473060784 
719	 0,144028304148157 
720	 0,146027988941203 
721	 0,147837970866311 
722	 0,148677999718323 
723	 0,149866718860134 
724	 0,151500837900958 
725	 0,152749552552032 
726	 0,153785342122427 
727	 0,154730469854508 
728	 0,155730422188434 
729	 0,15664310867052 
730	 0,15716726791817 
731	 0,157728252988192 
732	 0,158389127807957 
733	 0,1587863954945 
734	 0,15917914813324 
735	 0,1597732213132 
736	 0,160033356357891 
737	 0,160177036727217 
738	 0,160992673685952 
739	 0,161786229027063 
740	 0,162271170454465 
741	 0,16252767758393 
742	 0,162552668866563 
743	 0,162357888670377 
744	 0,16274399507112 
745	 0,163623808669913 
746	 0,16419807389167 
747	 0,164352346345244 
748	 0,164120973811874 
749	 0,164376703240266 
750	 0,164824113680166 
751	 0,164828468627167 
752	 0,165096257608249 
753	 0,165605138758439 
754	 0,165544133636079 
755	 0,165407401778366 
756	 0,165566559342985 
757	 0,16582321198497 
758	 0,166171048544557 
759	 0,166692018008389 
760	 0,166946246618663 
761	 0,166854906336498 
762	 0,166834695467275 
763	 0,16686650495393 
764	 0,166921113492418 
765	 0,167146213007438 
766	 0,167456485303944 
767	 0,167548366777118 
768	 0,16774160989487 
769	 0,168128082946398 
770	 0,168508152246876 
771	 0,168678304970998 
772	 0,168437809719485 
773	 0,16836080683151 
774	 0,168518707320532 
775	 0,168635548446149 
776	 0,168923619182371 
777	 0,169372863401461 
778	 0,169166059257609 
779	 0,168780465797797 
780	 0,169035398333534 
781	 0,16934133044009 
782	 0,169563175174077 
783	 0,169812409294407 
784	 0,169979110064906 
785	 0,170017016535146 
786	 0,170203603602215 
787	 0,170405169401181 
788	 0,170304714145294 
789	 0,170309395906594 
790	 0,17048699990288 
791	 0,170557990625808 
792	 0,170615282696147 
793	 0,170749188760644 
794	 0,171088944329441 
795	 0,17139842126095 
796	 0,171093766149196 
797	 0,171120498575551 
798	 0,171622267880752 
799	 0,171614504135374 
800	 0,171494301657207 
801	 0,17167463013135 
802	 0,171961356965428 
803	 0,172248825740644 
804	 0,172361880071285 
805	 0,172440759338693 
806	 0,172549487240639 
807	 0,172758574835062 
808	 0,172855856292853 
809	 0,172634435381609 
810	 0,172636841868632 
811	 0,172848615588192 
812	 0,172845987199092 
813	 0,173090768788515 
814	 0,173639245520473 
815	 0,173628596463846 
816	 0,173497561052816 
817	 0,173836396461729 
818	 0,173867094676013 
819	 0,173636607270351 
820	 0,173727731549068 
821	 0,174282050636437 
822	 0,17514193947773 
823	 0,174809171092753 
824	 0,174222330159308 
825	 0,174758772534566 
826	 0,175341338131859 
827	 0,175583805930738 
828	 0,175062353554396 
829	 0,174841374357358 
830	 0,175330041622967 
831	 0,175059395489541 
832	 0,174733641532934 
833	 0,175501909802449 
834	 0,175580258816983 
835	 0,174908018385764 
836	 0,174725047893215 
837	 0,175025589716333 
838	 0,17570755706613 
839	 0,175916728736684 
840	 0,175984949222123 
841	 0,176527322256317 
842	 0,176356352486345 
843	 0,175617966311982 
844	 0,175714805537816 
845	 0,176220454657736 
846	 0,176825507588224 
847	 0,177182260161081 
848	 0,177046863972348 
849	 0,176175497830806 
850	 0,175933404908591 
851	 0,176435653412236 
852	 0,176828801799069 
853	 0,176824247236934 
854	 0,176314224685204 
855	 0,175839319873996 
856	 0,175712612538461 
857	 0,176240299640911 
858	 0,17661782607033 
859	 0,176692213904462 
860	 0,176726481527497 
861	 0,176748638491469 
862	 0,176827414692268 
863	 0,177254291482438 
864	 0,177593804034836 
865	 0,177268722221391 
866	 0,17740766998166 
867	 0,177895503044467 
868	 0,177494129943611 
869	 0,177258758314735 
870	 0,177559757092382 
871	 0,177324797308908 
872	 0,177091052694289 
873	 0,177580725673656 
874	 0,177560793513158 
875	 0,177278829842364 
876	 0,178326204334798 
877	 0,17898588369748 
878	 0,178605393350347 
879	 0,178022779627057 
880	 0,177595859279804 
881	 0,177626907087989 
882	 0,177721904441988 
883	 0,177909619198291 
884	 0,178553547609455 
885	 0,178932950596105 
886	 0,178848569184843 
887	 0,178794951045324 
888	 0,178947408174862 
889	 0,179402086096468 
890	 0,179611560638088 
891	 0,179563421974229 
892	 0,17947774589145 
893	 0,179343406793849 
894	 0,17919302416554 
895	 0,179024606198783 
896	 0,179208718212751 
897	 0,179938074901794 
898	 0,18031011896918 
899	 0,180118142129946 
900	 0,179260048130073 
901	 0,178804738492447 
902	 0,179030932991256 
903	 0,179618585579283 
904	 0,179902706065722 
905	 0,179543774845771 
906	 0,179405734953161 
907	 0,179565905261204 
908	 0,179960942806374 
909	 0,180341200691241 
910	 0,180534790693599 
911	 0,180248204320833 
912	 0,180058196194273 
913	 0,180290989663559 
914	 0,181112585166388 
915	 0,181479643436468 
916	 0,18035864137459 
917	 0,180339488472843 
918	 0,181205188711292 
919	 0,181025565620469 
920	 0,180670240036466 
921	 0,180525213485408 
922	 0,181155331870174 
923	 0,181325480349356 
924	 0,180174350660184 
925	 0,179922295605837 
926	 0,180517741727454 
927	 0,181249241762705 
928	 0,180820774868113 
929	 0,179305275520265 
930	 0,178326447101557 
931	 0,178680491659342 
932	 0,180555578834358 
933	 0,181987964874603 
934	 0,182097110735094 
935	 0,180223378630597 
936	 0,179320320798171 
937	 0,179664057239179 
938	 0,179843332361055 
939	 0,180355740970995 
940	 0,180928461178017 
941	 0,179537236565426 
942	 0,178308393370854 
943	 0,179088124606006 
944	 0,179559175280141 
945	 0,179602087975453 
946	 0,179720943455865 
947	 0,18010266951453 
948	 0,180338127091841 
949	 0,178612333248183 
950	 0,177550633925625 
951	 0,178286451905383 
952	 0,17740225540824 
953	 0,176149785244688 
954	 0,176394908802033 
955	 0,176575668509182 
956	 0,176205303101832 
957	 0,174627131781151 
958	 0,175077570889242 
959	 0,177556605679376 
960	 0,176488144664237 
961	 0,174754770892009 
962	 0,174824481826226 
963	 0,176917303272542 
964	 0,178589546429996 
965	 0,176211133845664 
966	 0,174696490545368 
967	 0,175095650310603 
968	 0,176688513968906 
969	 0,176921275492221 
970	 0,175127728686586 
971	 0,174693659126155 
972	 0,174528810577259 
973	 0,173631633388533 
974	 0,174487025015747 
975	 0,176056868304615 
976	 0,175825408151062 
977	 0,175886895909707 
978	 0,176311038367409 
979	 0,175121763307759 
980	 0,175319639615949 
981	 0,177707484577412 
982	 0,17769209752113 
983	 0,17657995982439 
984	 0,176100097049335 
985	 0,176007741802048 
986	 0,175978537307367 
987	 0,175286514775151 
988	 0,176405579284734 
989	 0,178872234670248 
990	 0,178450941128585 
991	 0,177941486021807 
992	 0,178578679473502 
993	 0,178260956515258 
994	 0,177849785355552 
995	 0,178304482318441 
996	 0,177887772661552 
997	 0,177532292075597 
998	 0,179648827600514 
999	 0,180187875044526 
1000	 0,179255632450531 
1001	 0,181856153177965 
1002	 0,183381420144061 
1003	 0,181974827104727 
1004	 0,181479647300153 
1005	 0,181098598942542 
1006	 0,180073409982894 
1007	 0,182236406844496 
1008	 0,184948530415477 
1009	 0,182588345539853 
1010	 0,181191419848658 
1011	 0,181688807310282 
1012	 0,181447579634808 
1013	 0,181000676316992 
1014	 0,180832743751289 
1015	 0,182458447964439 
1016	 0,183659506718238 
1017	 0,183033045949797 
1018	 0,186512275534839 
1019	 0,189704526450786 
1020	 0,185251649243807 
1021	 0,181697823781642 
1022	 0,181466806972191 
1023	 0,18548935138518 
1024	 0,18579891510867 
1025	 0,181183473870735 
1026	 0,180212288320183 
1027	 0,181018140946167 
1028	 0,182539611190024 
1029	 0,187827572774654 
1030	 0,190682604424563 
1031	 0,18461475456597 
1032	 0,185005253667243 
1033	 0,190268889109711 
1034	 0,190889675244256 
1035	 0,191024731134803 
1036	 0,190428980279032 
1037	 0,184471893693776 
1038	 0,180309091931945 
1039	 0,181390493995754 
1040	 0,186159431389218 
1041	 0,188401554540684 
1042	 0,184345423899471 
1043	 0,186712287991629 
1044	 0,192917020756058 
1045	 0,196831381297356 
1046	 0,194817713767503 
1047	 0,189732060916135 
1048	 0,190800318925281 
1049	 0,192498913004298 
1050	 0,193214049990083 
1051	 0,193674402261003 
1052	 0,189101748361187 
1053	 0,180885551541583 
1054	 0,188966852008038 
1055	 0,197240361712443 
1056	 0,192391482839783 
1057	 0,198694103281246 
1058	 0,206257024194222 
1059	 0,19827916223247 
1060	 0,187818386342372 
1061	 0,181093946670846 
1062	 0,18498296957722 
1063	 0,192747284138708 
1064	 0,199929247599801 
1065	 0,199025438954909 
1066	 0,198914770557694 
1067	 0,201798249708584 
1068	 0,196284403993202 
1069	 0,18959176640379 
1070	 0,186709125129611 
1071	 0,182083079687194 
1072	 0,175794718036543 
1073	 0,170637963411671 
1074	 0,187467915654227 
1075	 0,20900697266185 
