Wavelength	SCO-GRA00254.asd
325	 0,110165569608878 
326	 0,077863526593275 
327	-1,98698634638734E-02 
328	-0,112708135240917 
329	-5,59866731036291E-02 
330	 2,02384769161135E-02 
331	 6,41786707625887E-02 
332	 0,132622867314175 
333	 0,178654909498347 
334	 8,34372617987125E-02 
335	-1,08631514134191E-02 
336	-3,26400039655914E-02 
337	 5,25055151768382E-02 
338	 0,102308572249157 
339	 6,43563327284769E-03 
340	-3,49018478196406E-02 
341	-2,28422158039486E-02 
342	-2,45664851803375E-02 
343	-6,75088015013389E-03 
344	 2,83711912342802E-02 
345	 2,30977343373901E-02 
346	-6,59660061947154E-05 
347	-1,92955627031923E-02 
348	-3,8810820376284E-04 
349	 4,14914308992535E-02 
350	 5,18571725876602E-02 
351	 3,78787816758467E-02 
352	 1,26262666013919E-02 
353	 3,90566751066038E-02 
354	 5,57724853699814E-02 
355	-1,05639092560485E-02 
356	-3,31024799953339E-02 
357	-2,59046833889921E-03 
358	 2,16956740765618E-02 
359	 4,02646187616157E-02 
360	 4,82404963344429E-02 
361	 2,56269630090947E-02 
362	-4,10854596639207E-03 
363	-1,12237542943263E-02 
364	 1,24382083970727E-02 
365	 4,89521387636264E-02 
366	 3,49408103402558E-02 
367	 9,95592434588779E-03 
368	 3,68340922325669E-04 
369	 1,01487585967901E-02 
370	 0,023163656517947 
371	 1,19822306009191E-02 
372	-3,17087261363935E-03 
373	-7,24174673511008E-03 
374	 3,62793340138502E-02 
375	 5,98759793680796E-02 
376	 1,96961121587304E-02 
377	-3,70680557970428E-03 
378	 2,14766417930165E-03 
379	 3,10664748711866E-02 
380	 5,07994333130945E-02 
381	 4,75940151106144E-02 
382	 2,17140158930888E-02 
383	 5,52483020367914E-03 
384	 2,79632780616163E-02 
385	 4,06452424623796E-02 
386	 3,64911238957005E-02 
387	 2,07087010677297E-02 
388	 1,43883567054781E-02 
389	 0,023394494555428 
390	 2,08493213368596E-02 
391	 1,48263429109782E-02 
392	 1,74938473308409E-02 
393	 2,54468600530793E-02 
394	 0,034579713957496 
395	 3,61112957923838E-02 
396	 3,68074872787109E-02 
397	 3,85493112515207E-02 
398	 2,74368953540952E-02 
399	 1,63664507320394E-02 
400	 2,59860508428296E-02 
401	 0,032694850268791 
402	 3,27740040465049E-02 
403	 3,79742340245033E-02 
404	 3,77236228370144E-02 
405	 2,60883876798792E-02 
406	 1,94391365440813E-02 
407	 1,85082719213741E-02 
408	 0,018389099822659 
409	 2,21544585357319E-02 
410	 2,75444248340367E-02 
411	 2,19227352687578E-02 
412	 0,017689567088409 
413	 2,60125859600802E-02 
414	 2,68229049465895E-02 
415	 2,05105944342956E-02 
416	 1,57397187258963E-02 
417	 1,82763685707033E-02 
418	 2,79097487980378E-02 
419	 2,61790371605059E-02 
420	 2,19626767123829E-02 
421	 2,82122801680548E-02 
422	 2,89038629338114E-02 
423	 2,27669303001046E-02 
424	 0,016589189879262 
425	 1,54830696037709E-02 
426	 2,19467755496737E-02 
427	 2,89489826186864E-02 
428	 3,23573553617186E-02 
429	 2,65838806561273E-02 
430	 2,25366682586873E-02 
431	 0,022992477248882 
432	 2,31729646195982E-02 
433	 2,41107020208504E-02 
434	 2,67208914990535E-02 
435	 0,029130243953429 
436	 2,99181131120777E-02 
437	 2,66159479205642E-02 
438	 2,27275090315167E-02 
439	 2,02214378524898E-02 
440	 2,05757374473344E-02 
441	 2,24476001000894E-02 
442	 2,39912528823473E-02 
443	 2,31613237150435E-02 
444	 2,10111884830661E-02 
445	 2,29824005667656E-02 
446	 2,46097710618353E-02 
447	 2,34610259411148E-02 
448	 2,41970938483017E-02 
449	 2,59257006777072E-02 
450	 2,60825087138094E-02 
451	 2,37740540352537E-02 
452	 2,03417809187357E-02 
453	 2,28352771335473E-02 
454	 2,71042017023402E-02 
455	 2,90747403628803E-02 
456	 3,05947756531973E-02 
457	 3,14126202329044E-02 
458	 3,03221189314737E-02 
459	 2,81168044018324E-02 
460	 2,54827308519289E-02 
461	 2,37725582886282E-02 
462	 2,35840845238384E-02 
463	 2,54284601314121E-02 
464	 2,62182029567288E-02 
465	 2,55228305019821E-02 
466	 2,47036511079974E-02 
467	 2,55539456168058E-02 
468	 2,87909807563794E-02 
469	 2,96606765573868E-02 
470	 0,028292569968797 
471	 2,59883011910626E-02 
472	 2,72044502324875E-02 
473	 3,15549755677529E-02 
474	 2,96732015356326E-02 
475	 2,55832771315566E-02 
476	 2,37655387012316E-02 
477	 2,40617715027851E-02 
478	 2,57945724878983E-02 
479	 2,70172375151959E-02 
480	 2,81259860655909E-02 
481	 2,91243860757874E-02 
482	 2,92350610598653E-02 
483	 2,91524334859493E-02 
484	 3,00429816609228E-02 
485	 2,97666328332403E-02 
486	 2,80711429646463E-02 
487	 2,58079058655984E-02 
488	 2,55707723164821E-02 
489	 2,87841351074381E-02 
490	 2,88284263555943E-02 
491	 2,69836070787914E-02 
492	 2,92763133179877E-02 
493	 0,028625510376381 
494	 2,43109718205044E-02 
495	 2,60562142511853E-02 
496	 2,96177079266172E-02 
497	 2,94875757875505E-02 
498	 0,028997262623104 
499	 2,86841268208953E-02 
500	 2,77904761205634E-02 
501	 2,78778351486448E-02 
502	 2,94718854866628E-02 
503	 2,91439814671652E-02 
504	 2,79944244371954E-02 
505	 2,87110007591294E-02 
506	 2,94818719614451E-02 
507	 2,99351270751436E-02 
508	 3,10924498067001E-02 
509	 3,13410295606412E-02 
510	 2,94107776799827E-02 
511	 2,91653885866978E-02 
512	 3,05440997554442E-02 
513	 3,16140238512877E-02 
514	 3,13712582224293E-02 
515	 0,029946186772655 
516	 3,17473900481488E-02 
517	 3,42461949398286E-02 
518	 3,34359948531585E-02 
519	 3,21358559961888E-02 
520	 3,15146974397203E-02 
521	 3,30915601015367E-02 
522	 3,40495031588468E-02 
523	 3,25117104707246E-02 
524	 3,14632397797062E-02 
525	 3,14927047636453E-02 
526	 3,29088554129749E-02 
527	 0,033730140094237 
528	 3,34533079991443E-02 
529	 3,39299192834099E-02 
530	 0,034308484384355 
531	 3,34991614719726E-02 
532	 3,35760445316156E-02 
533	 0,034480910072884 
534	 3,44727823327684E-02 
535	 3,44615606959739E-02 
536	 3,48380050031662E-02 
537	 3,41386642428921E-02 
538	 3,32497511131917E-02 
539	 3,41946267100378E-02 
540	 0,03451191195096 
541	 3,37421995100155E-02 
542	 3,35055066928084E-02 
543	 3,37459155467576E-02 
544	 3,42990858767333E-02 
545	 3,46674502492603E-02 
546	 3,47732838217712E-02 
547	 3,46729413172883E-02 
548	 0,035007523533441 
549	 3,59492869171926E-02 
550	 3,63173784839577E-02 
551	 3,62045571404527E-02 
552	 3,59802143301633E-02 
553	 3,55936047346714E-02 
554	 3,52077918191715E-02 
555	 3,53440985827294E-02 
556	 3,56045811543928E-02 
557	 3,56513420056455E-02 
558	 3,57236710089522E-02 
559	 3,58162893726016E-02 
560	 3,57944293274876E-02 
561	 3,59479223446251E-02 
562	 3,62783666448164E-02 
563	 3,59941789618513E-02 
564	 3,57416213422855E-02 
565	 3,64542171285678E-02 
566	 3,66055920795659E-02 
567	 3,61753857815254E-02 
568	 3,65202558628083E-02 
569	 3,70934722541101E-02 
570	 3,74738808316546E-02 
571	 3,74792350518026E-02 
572	 3,74690936988919E-02 
573	 3,83515057453635E-02 
574	 3,88509684072488E-02 
575	 3,87245137962027E-02 
576	 3,92371132182905E-02 
577	 4,00885140268598E-02 
578	 4,08304110051017E-02 
579	 4,11044123626563E-02 
580	 4,10267696140363E-02 
581	 4,12190560973022E-02 
582	 0,04165155906485 
583	 4,22670050497116E-02 
584	 0,042625770370333 
585	 4,29785957978318E-02 
586	 4,39279909938228E-02 
587	 4,43601143944311E-02 
588	 0,044062439559551 
589	 4,36754542974731E-02 
590	 4,36506911244794E-02 
591	 4,43300845866996E-02 
592	 4,46571212634118E-02 
593	 0,044647828307667 
594	 4,50028835678214E-02 
595	 4,52499878986036E-02 
596	 4,52446242946994E-02 
597	 4,55496275472698E-02 
598	 4,58647178771441E-02 
599	 4,56559422958582E-02 
600	 4,55996955875859E-02 
601	 4,57886218517205E-02 
602	 4,59068688050377E-02 
603	 4,55074357947661E-02 
604	 0,044359453197936 
605	 4,40189045670399E-02 
606	 4,41704019716645E-02 
607	 4,32051037219677E-02 
608	 4,29578451119668E-02 
609	 4,38469242180227E-02 
610	 4,40711517148103E-02 
611	 4,38914420798514E-02 
612	 4,38273572646386E-02 
613	 4,40252789772154E-02 
614	 4,43885411456434E-02 
615	 4,44776969889004E-02 
616	 4,42492055249951E-02 
617	 4,37295016229237E-02 
618	 4,34397934679465E-02 
619	 4,32703266958592E-02 
620	 4,27886590967711E-02 
621	 4,26366825618144E-02 
622	 4,28960749152874E-02 
623	 4,28460316790419E-02 
624	 0,042826096897266 
625	 4,31997391165033E-02 
626	 4,31848433873571E-02 
627	 4,28432969257731E-02 
628	 4,28240067811284E-02 
629	 4,29515868125996E-02 
630	 4,31725318061539E-02 
631	 4,36484746452625E-02 
632	 4,42918847616846E-02 
633	 0,044979691962813 
634	 0,045108512793761 
635	 4,47272344489036E-02 
636	 4,48617684793797E-02 
637	 4,50081368331104E-02 
638	 4,48077811049838E-02 
639	 4,56728128302038E-02 
640	 4,72994956371499E-02 
641	 4,85317238131191E-02 
642	 4,85590882135921E-02 
643	 4,74617230819039E-02 
644	 4,82409426789958E-02 
645	 4,95327177468335E-02 
646	 4,92199515286745E-02 
647	 4,87793099335899E-02 
648	 4,85789879715656E-02 
649	 4,86314196847479E-02 
650	 4,84476415620039E-02 
651	 4,77492156123475E-02 
652	 4,72014870469758E-02 
653	 4,68862535828716E-02 
654	 4,67685372727956E-02 
655	 4,65181490870029E-02 
656	 4,59975411528881E-02 
657	 4,52284643424598E-02 
658	 4,44764969395997E-02 
659	 4,39985664153884E-02 
660	 4,33010261894488E-02 
661	 4,24257031471255E-02 
662	 4,17876876066317E-02 
663	 4,12105485195387E-02 
664	 4,06736076423317E-02 
665	 4,06341129251624E-02 
666	 4,07584635667989E-02 
667	 4,04772045512294E-02 
668	 3,99440976504961E-02 
669	 3,93420004263484E-02 
670	 3,91957509633466E-02 
671	 3,91966611855643E-02 
672	 3,90822858061507E-02 
673	 3,89110523587106E-02 
674	 3,88451764318624E-02 
675	 3,93078922988641E-02 
676	 3,95945092382849E-02 
677	 0,039475696989755 
678	 3,93093697958355E-02 
679	 3,92985087956859E-02 
680	 3,96379407686624E-02 
681	 4,00278153449643E-02 
682	 4,04063024702588E-02 
683	 0,040885785357734 
684	 4,11505506106183E-02 
685	 4,11842149412043E-02 
686	 4,24667110252735E-02 
687	 4,41673190645121E-02 
688	 4,44452435813734E-02 
689	 4,51677668878075E-02 
690	 4,67650504842879E-02 
691	 4,83741166342182E-02 
692	 5,03474557470869E-02 
693	 5,29766377875756E-02 
694	 5,54201790628065E-02 
695	 5,78719797983716E-02 
696	 6,12187634183358E-02 
697	 6,49972170361739E-02 
698	 6,90083082113303E-02 
699	 7,32458944673433E-02 
700	 7,77956481747166E-02 
701	 8,27610227083043E-02 
702	 8,78659673103449E-02 
703	 9,30040233227506E-02 
704	 9,81941153832198E-02 
705	 0,103209293335224 
706	 0,107944204689745 
707	 0,112771623752877 
708	 0,117620999667806 
709	 0,122303369517207 
710	 0,12658890212974 
711	 0,130450782573138 
712	 0,134207859255542 
713	 0,137848918183706 
714	 0,141331093818393 
715	 0,14458274864812 
716	 0,147582986154526 
717	 0,150361014104562 
718	 0,152755474659173 
719	 0,154782754621096 
720	 0,156935257193682 
721	 0,159066195036676 
722	 0,160926165566477 
723	 0,16265919260171 
724	 0,16425461632338 
725	 0,16552130094375 
726	 0,166862223755699 
727	 0,168458568535301 
728	 0,169616673521699 
729	 0,170371938767981 
730	 0,17092833450598 
731	 0,171782602170169 
732	 0,172918611658308 
733	 0,173468512282078 
734	 0,173863534252245 
735	 0,174506023101283 
736	 0,175225858553585 
737	 0,175935347535418 
738	 0,176492896865986 
739	 0,177028497910952 
740	 0,177517349334171 
741	 0,177533084506692 
742	 0,17753617509054 
743	 0,178081344335287 
744	 0,178638093425355 
745	 0,179036912533589 
746	 0,179186065401354 
747	 0,179209765569952 
748	 0,179240564167728 
749	 0,179617956685643 
750	 0,180184341191885 
751	 0,180655168665734 
752	 0,180645520507801 
753	 0,180301956654764 
754	 0,180618122826832 
755	 0,181024645597727 
756	 0,181110405775508 
757	 0,18120607030315 
758	 0,181370568721155 
759	 0,181637004721333 
760	 0,181831662493853 
761	 0,181892258219709 
762	 0,181838905684705 
763	 0,181818595615839 
764	 0,18197405552737 
765	 0,182405940377384 
766	 0,182825114479737 
767	 0,182390829489652 
768	 0,182264881299412 
769	 0,182778618537744 
770	 0,182899780133639 
771	 0,182780005071328 
772	 0,182706721779978 
773	 0,182930457278868 
774	 0,18333430516959 
775	 0,183351812951073 
776	 0,183374712347284 
777	 0,183584636608714 
778	 0,183756342963814 
779	 0,183870272503445 
780	 0,183938849963999 
781	 0,183872596125535 
782	 0,183737356354806 
783	 0,18380236886377 
784	 0,184029218515368 
785	 0,184345180052453 
786	 0,1843863436872 
787	 0,184316251505233 
788	 0,184534863694942 
789	 0,184590838591292 
790	 0,184442606935685 
791	 0,184474256390219 
792	 0,184641336544421 
793	 0,184856022710228 
794	 0,184630857857589 
795	 0,184286489452492 
796	 0,184713572640987 
797	 0,184874581455847 
798	 0,184599639929546 
799	 0,184891560955576 
800	 0,185138239617508 
801	 0,184772909197485 
802	 0,184712768242186 
803	 0,184923962705484 
804	 0,184807043513672 
805	 0,185064696085743 
806	 0,185710967893518 
807	 0,18538870247184 
808	 0,184969164729734 
809	 0,185431866733132 
810	 0,185420322831794 
811	 0,184988268584406 
812	 0,185114025970016 
813	 0,185000071118055 
814	 0,184526651950468 
815	 0,185025931577001 
816	 0,185703761114544 
817	 0,185526574929488 
818	 0,186072902625808 
819	 0,187077736197689 
820	 0,186687973360295 
821	 0,186331564364826 
822	 0,186607442112094 
823	 0,186673121873852 
824	 0,186561422276347 
825	 0,186419264979838 
826	 0,186571760352245 
827	 0,186987248325665 
828	 0,18734208194799 
829	 0,187387915912213 
830	 0,187091216305737 
831	 0,187296583980765 
832	 0,187471483318965 
833	 0,186782853155187 
834	 0,186808592002618 
835	 0,187458316743844 
836	 0,18706174543346 
837	 0,186819423557479 
838	 0,187255922883432 
839	 0,187228981053106 
840	 0,186907648932931 
841	 0,186707515321095 
842	 0,186644954751763 
843	 0,186684333000062 
844	 0,186625074243628 
845	 0,186648937950531 
846	 0,18682392660202 
847	 0,186912448880724 
848	 0,186897349190172 
849	 0,18679883792329 
850	 0,186774119402208 
851	 0,186806419512872 
852	 0,186710568069756 
853	 0,186433072279096 
854	 0,18609387558905 
855	 0,186712316941494 
856	 0,187482698382323 
857	 0,187182047283918 
858	 0,186654372832242 
859	 0,186214848745738 
860	 0,186143088660015 
861	 0,186153930367604 
862	 0,186085966398421 
863	 0,185937952916291 
864	 0,185853727938376 
865	 0,18601844999106 
866	 0,186600273017848 
867	 0,187249658935151 
868	 0,186791830091353 
869	 0,186592062117251 
870	 0,187108387961536 
871	 0,18678399245982 
872	 0,186271709677162 
873	 0,186499336536933 
874	 0,186766357695512 
875	 0,186912940457268 
876	 0,186884696391231 
877	 0,18715988801228 
878	 0,187752953940837 
879	 0,187469759822643 
880	 0,187180752457289 
881	 0,187827272785604 
882	 0,187324238621038 
883	 0,186294433091292 
884	 0,187532904044774 
885	 0,188422351358366 
886	 0,188190571235321 
887	 0,188164778952313 
888	 0,188169513944759 
889	 0,188000179629795 
890	 0,187986333686447 
891	 0,188051226709212 
892	 0,187871733181055 
893	 0,187947560367704 
894	 0,188263509064699 
895	 0,188030769680291 
896	 0,187629419620058 
897	 0,18741421393262 
898	 0,187467442625285 
899	 0,187933447645758 
900	 0,189083734146119 
901	 0,189132148278455 
902	 0,188030831561418 
903	 0,187707880739269 
904	 0,187685107559002 
905	 0,187723713871892 
906	 0,188353229843235 
907	 0,189041054052387 
908	 0,188986209890806 
909	 0,188932645040535 
910	 0,188906669326868 
911	 0,188294488167848 
912	 0,188256673179155 
913	 0,189008730423836 
914	 0,188308193521308 
915	 0,187210182307798 
916	 0,187079501507895 
917	 0,187308145250929 
918	 0,18745847770233 
919	 0,186569899037624 
920	 0,186698558011947 
921	 0,188112513548613 
922	 0,188547356059365 
923	 0,187899351726057 
924	 0,18640806624936 
925	 0,186290892133522 
926	 0,187383298183565 
927	 0,188779916098406 
928	 0,18788487181345 
929	 0,185207071235953 
930	 0,185591411711044 
931	 0,1865976845278 
932	 0,186737292459092 
933	 0,186418038593755 
934	 0,186102558498276 
935	 0,186333801726306 
936	 0,186652834076388 
937	 0,186728796415002 
938	 0,185951487670764 
939	 0,185145527368334 
940	 0,18473714664982 
941	 0,185024019922171 
942	 0,185190128059031 
943	 0,1845720675513 
944	 0,184364524438203 
945	 0,18424636697047 
946	 0,183213454991363 
947	 0,183357027252412 
948	 0,184371654905088 
949	 0,182936883869613 
950	 0,181082866480073 
951	 0,180009090962972 
952	 0,178900463082486 
953	 0,179123979830109 
954	 0,182089527439052 
955	 0,181850049245255 
956	 0,179147958828921 
957	 0,179220334931308 
958	 0,179815477032597 
959	 0,180236308070253 
960	 0,180672203665962 
961	 0,180433374416794 
962	 0,179099853048119 
963	 0,177464965230236 
964	 0,176625555892422 
965	 0,177954244177398 
966	 0,179004657290554 
967	 0,179285137542434 
968	 0,179554884231046 
969	 0,179337692549184 
970	 0,178554223396453 
971	 0,177581293422652 
972	 0,177588281560654 
973	 0,179311398025442 
974	 0,179153992580193 
975	 0,178312478307053 
976	 0,180050028889219 
977	 0,180771198828098 
978	 0,180057312590655 
979	 0,180066648195253 
980	 0,179810519813707 
981	 0,178960240135761 
982	 0,178279206271875 
983	 0,178335577019577 
984	 0,179519341339392 
985	 0,180660816767179 
986	 0,180768853386405 
987	 0,1784056336878 
988	 0,177654976800249 
989	 0,178813410307979 
990	 0,177962252116899 
991	 0,177986159084364 
992	 0,179749611605688 
993	 0,178952431036507 
994	 0,177715517336794 
995	 0,178535708710321 
996	 0,180260194469794 
997	 0,18127089567346 
998	 0,178837458683387 
999	 0,176872169359161 
1000	 0,176648534064335 
1001	 0,177914919091135 
1002	 0,179914446388736 
1003	 0,181726939209349 
1004	 0,181050320350957 
1005	 0,180479548311726 
1006	 0,182471980988147 
1007	 0,183623156934348 
1008	 0,18331884140976 
1009	 0,181508099952668 
1010	 0,182612794893228 
1011	 0,185467820373702 
1012	 0,181903880001536 
1013	 0,180040266651359 
1014	 0,182871846717002 
1015	 0,185918948694946 
1016	 0,18697294446491 
1017	 0,184642949754887 
1018	 0,182160375489039 
1019	 0,18078119937089 
1020	 0,181423627389497 
1021	 0,180706809646152 
1022	 0,180168528582063 
1023	 0,187157289836361 
1024	 0,188303309931842 
1025	 0,181876282999996 
1026	 0,182690314470175 
1027	 0,184874676779761 
1028	 0,18453862452573 
1029	 0,184553573223731 
1030	 0,184694408343702 
1031	 0,184435014223146 
1032	 0,184025985355015 
1033	 0,183708721481625 
1034	 0,183755374769436 
1035	 0,185671454631186 
1036	 0,188192092003758 
1037	 0,185447174478321 
1038	 0,182787434010744 
1039	 0,183436663116748 
1040	 0,189539506056346 
1041	 0,196338535132613 
1042	 0,198889062631243 
1043	 0,192774242631348 
1044	 0,186671924163368 
1045	 0,192362753163262 
1046	 0,193767920002612 
1047	 0,189549952399132 
1048	 0,184618639693183 
1049	 0,18434543519976 
1050	 0,188503034312662 
1051	 0,188049552749792 
1052	 0,188542915744704 
1053	 0,191545145350032 
1054	 0,190457526228728 
1055	 0,187148775676934 
1056	 0,183687265290118 
1057	 0,178846027453202 
1058	 0,178122297428587 
1059	 0,188068039995263 
1060	 0,188882835074236 
1061	 0,181998534803386 
1062	 0,181613143395668 
1063	 0,179276939653328 
1064	 0,175088696279638 
1065	 0,178226077037315 
1066	 0,176284906835273 
1067	 0,168924770889308 
1068	 0,187138254623047 
1069	 0,199509030600669 
1070	 0,186181353505742 
1071	 0,186310583113225 
1072	 0,195400912833541 
1073	 0,202085625502716 
1074	 0,194593890801245 
1075	 0,183037829141208 
