Wavelength	SCO-GRA00378.asd
325	 0,220187360995664 
326	 0,217172230571208 
327	 0,130105402983939 
328	-4,12548187131917E-02 
329	 2,42250314397935E-02 
330	 0,120268651931201 
331	 0,150051890904562 
332	 0,167169372885915 
333	 0,156114668828625 
334	 5,70323907832747E-02 
335	-1,15943250662454E-02 
336	 4,3019585418662E-03 
337	 0,105313655801381 
338	 0,141683379487372 
339	 7,55971596494406E-03 
340	-1,49748794808144E-02 
341	 4,99415593645081E-02 
342	 5,85893633005212E-02 
343	 3,69222062430023E-02 
344	 0,003859905014319 
345	 2,72953421148363E-02 
346	 5,26987200565075E-02 
347	 0,032183723017643 
348	 1,34058204165024E-02 
349	 1,14245113958234E-02 
350	 0,032672960420653 
351	 0,051375687065684 
352	 6,28739592893022E-02 
353	 0,098977718264757 
354	 0,113879656627857 
355	 5,52936027967217E-02 
356	 1,54885138081496E-02 
357	 1,49792446936298E-02 
358	 3,56571363661058E-02 
359	 5,34209736442381E-02 
360	 0,05060379215572 
361	-1,27248058793988E-03 
362	-4,42743242811027E-02 
363	-4,2641786417732E-03 
364	 3,97765732231169E-02 
365	 5,96395073038337E-02 
366	 3,90801809709201E-02 
367	 1,49490432086915E-02 
368	 1,27395844713481E-02 
369	 4,16777973787234E-02 
370	 6,97945861719816E-02 
371	 4,46605681362194E-02 
372	 1,02389830699224E-02 
373	-9,07705964813034E-03 
374	 2,50512489342036E-02 
375	 4,98597565150883E-02 
376	 2,33853839285637E-02 
377	 0,010706827959118 
378	 1,55599758602714E-02 
379	 2,05728418760648E-02 
380	 1,94951024498723E-02 
381	 1,13124386308887E-02 
382	 5,08744765430012E-03 
383	 3,57288915558579E-03 
384	 8,81410436516945E-03 
385	 1,81613342734337E-02 
386	 2,62988999480089E-02 
387	 2,39526673679858E-02 
388	 2,30086097284867E-02 
389	 2,76748870555822E-02 
390	 3,51333426151342E-02 
391	 3,27480434504669E-02 
392	 5,9144439723398E-03 
393	 1,56839526443213E-03 
394	 2,09177375440033E-02 
395	 3,48401294422946E-02 
396	 0,042436983945913 
397	 4,24549173894274E-02 
398	 2,99278604186955E-02 
399	 0,01820787375923 
400	 2,69593863464827E-02 
401	 3,08920293768064E-02 
402	 2,66369082967809E-02 
403	 2,77033558900704E-02 
404	 2,84185675311462E-02 
405	 2,49840995904947E-02 
406	 2,11502270256212E-02 
407	 1,77402021986583E-02 
408	 1,44483387497546E-02 
409	 1,39313662709449E-02 
410	 1,62703663355736E-02 
411	 1,80228292527458E-02 
412	 2,02118737604516E-02 
413	 2,36522869271911E-02 
414	 2,34807470845963E-02 
415	 1,98996783430372E-02 
416	 1,44764566190521E-02 
417	 1,34653550417378E-02 
418	 1,80742819310861E-02 
419	 1,68664963620351E-02 
420	 1,61663681475299E-02 
421	 2,50157243046363E-02 
422	 2,80652011108467E-02 
423	 2,31665781555621E-02 
424	 1,38383057438393E-02 
425	 1,23987280133761E-02 
426	 2,41164958111209E-02 
427	 2,51057369939112E-02 
428	 1,93299418193755E-02 
429	 1,95128552097429E-02 
430	 1,98375235110882E-02 
431	 1,89136442292959E-02 
432	 1,66991305009044E-02 
433	 1,66983803130771E-02 
434	 2,14480170701199E-02 
435	 2,18201099405057E-02 
436	 1,85525685348776E-02 
437	 1,80037951144583E-02 
438	 1,66284019729527E-02 
439	 1,40500807395507E-02 
440	 1,58259383740719E-02 
441	 1,90635679944908E-02 
442	 1,95905660814302E-02 
443	 2,02012477470217E-02 
444	 2,13014275406756E-02 
445	 2,26703055131393E-02 
446	 0,021492158127544 
447	 0,016968279741122 
448	 1,84918021402837E-02 
449	 2,19117154883235E-02 
450	 1,69615050802935E-02 
451	 1,41758216300416E-02 
452	 1,60556500940638E-02 
453	 1,79500191628051E-02 
454	 1,88896261225782E-02 
455	 1,83401216518723E-02 
456	 1,90096422253709E-02 
457	 2,09593707137653E-02 
458	 2,33290134486799E-02 
459	 0,023354684720516 
460	 2,01658572446721E-02 
461	 1,66404223530625E-02 
462	 1,48923165422133E-02 
463	 1,71390838976989E-02 
464	 1,88769515608567E-02 
465	 1,89043352009762E-02 
466	 1,73913057808166E-02 
467	 1,73908743671882E-02 
468	 2,05341803439006E-02 
469	 2,20833603066649E-02 
470	 2,18440421975103E-02 
471	 2,07267198840898E-02 
472	 2,14050637301799E-02 
473	 2,33190591537873E-02 
474	 1,88840305898732E-02 
475	 1,45568559415406E-02 
476	 1,67268477093068E-02 
477	 1,74709399200512E-02 
478	 1,66834388392136E-02 
479	 1,89065198903403E-02 
480	 2,05281181254484E-02 
481	 2,00984414208745E-02 
482	 1,99058362871876E-02 
483	 2,03951365981698E-02 
484	 2,19304797649325E-02 
485	 2,08936406984033E-02 
486	 1,76305136726643E-02 
487	 1,71338570345326E-02 
488	 1,79442958281045E-02 
489	 1,87178968080845E-02 
490	 1,81300737268166E-02 
491	 1,69446717022316E-02 
492	 0,01762426532608 
493	 1,73667382579942E-02 
494	 1,60417897393799E-02 
495	 0,018402328792316 
496	 2,11273627292769E-02 
497	 2,02154199299438E-02 
498	 2,01092275750669E-02 
499	 2,06130516092281E-02 
500	 1,75702627334638E-02 
501	 1,62893483007598E-02 
502	 1,90685671550007E-02 
503	 1,82292286911547E-02 
504	 1,57994011044381E-02 
505	 1,70416604890626E-02 
506	 1,83886845549109E-02 
507	 1,89674516013178E-02 
508	 0,019944920308705 
509	 2,02056824310568E-02 
510	 1,88714985986713E-02 
511	 1,88541564406115E-02 
512	 1,99115796765101E-02 
513	 2,00421145420788E-02 
514	 1,93151189401702E-02 
515	 1,82184913888983E-02 
516	 1,98621581159682E-02 
517	 2,22658758747861E-02 
518	 0,022397222231004 
519	 2,10572901793505E-02 
520	 1,91688061626629E-02 
521	 1,90461507080255E-02 
522	 1,99447394520359E-02 
523	 2,10710308629144E-02 
524	 2,04156189712545E-02 
525	 1,87665407970714E-02 
526	 1,84592277015702E-02 
527	 1,91506878080762E-02 
528	 2,03697984374579E-02 
529	 2,01127591691072E-02 
530	 1,91133502707748E-02 
531	 0,018394321821061 
532	 1,82146634886201E-02 
533	 1,86429741988041E-02 
534	 1,96162449871208E-02 
535	 2,04310845082925E-02 
536	 2,06529334814544E-02 
537	 2,06281334230392E-02 
538	 2,05808072389654E-02 
539	 2,08800751919015E-02 
540	 0,020627001462052 
541	 1,96921843658632E-02 
542	 1,87601824049516E-02 
543	 1,83234535075618E-02 
544	 1,87788141496766E-02 
545	 0,019147829611316 
546	 1,93752128406687E-02 
547	 2,00894879440693E-02 
548	 2,02008513379068E-02 
549	 1,94586102981864E-02 
550	 2,02115999981897E-02 
551	 2,12102448978159E-02 
552	 2,00998590534162E-02 
553	 0,019351298350729 
554	 1,95131669537984E-02 
555	 1,96902712565863E-02 
556	 1,99814969959604E-02 
557	 2,04191192248278E-02 
558	 2,02588777252766E-02 
559	 1,95769798414349E-02 
560	 1,86733718670183E-02 
561	 1,89394793238903E-02 
562	 2,05048649292083E-02 
563	 2,02095262113532E-02 
564	 1,93202249540057E-02 
565	 0,019883617538121 
566	 2,00680942634164E-02 
567	 1,96229146650762E-02 
568	 1,92941112394215E-02 
569	 1,90494486917208E-02 
570	 1,89511121752729E-02 
571	 1,97635845801803E-02 
572	 2,08922692856515E-02 
573	 2,08853356246746E-02 
574	 2,05052552610828E-02 
575	 2,01896860779598E-02 
576	 2,07473537514379E-02 
577	 2,15316725409438E-02 
578	 2,17539780367868E-02 
579	 0,02179654660753 
580	 2,19172268223659E-02 
581	 2,27701475653363E-02 
582	 2,30608241113699E-02 
583	 2,22569903782066E-02 
584	 2,23787639415368E-02 
585	 2,33372652708093E-02 
586	 2,45636415009129E-02 
587	 2,50196876464896E-02 
588	 2,44983647614562E-02 
589	 2,37867831250537E-02 
590	 2,35043887680056E-02 
591	 0,024153522768342 
592	 2,48947401137608E-02 
593	 2,53915897202367E-02 
594	 2,52907380989582E-02 
595	 2,51284042707677E-02 
596	 2,51804620561746E-02 
597	 2,54769354506231E-02 
598	 2,54562393094054E-02 
599	 2,42320483642354E-02 
600	 2,44217756138096E-02 
601	 2,59397113733602E-02 
602	 2,54594369343713E-02 
603	 2,44714840538437E-02 
604	 0,024182324169964 
605	 2,36603867845171E-02 
606	 2,30882256048723E-02 
607	 2,32343438064418E-02 
608	 2,34790664058926E-02 
609	 2,35338390872322E-02 
610	 2,31561485136466E-02 
611	 2,30463657002418E-02 
612	 2,40683239210579E-02 
613	 2,45821618479602E-02 
614	 2,43050521011556E-02 
615	 2,38508251027398E-02 
616	 2,31526314861827E-02 
617	 0,022282896028054 
618	 2,20278037337837E-02 
619	 2,22212970647331E-02 
620	 2,23111424514498E-02 
621	 2,23839496155555E-02 
622	 2,24264881601928E-02 
623	 2,24171453877211E-02 
624	 2,23374779871416E-02 
625	 2,21706942387092E-02 
626	 2,18624927141108E-02 
627	 2,15885286025055E-02 
628	 2,18784040679268E-02 
629	 2,21074261456343E-02 
630	 2,20301303333305E-02 
631	 2,23608560868231E-02 
632	 0,023042123622876 
633	 2,38937190389639E-02 
634	 2,40551926359645E-02 
635	 2,34925259410723E-02 
636	 2,32474055318914E-02 
637	 0,023178655368374 
638	 2,31972189462603E-02 
639	 2,40990054876569E-02 
640	 2,55045675612848E-02 
641	 2,63315997618797E-02 
642	 2,62029270235891E-02 
643	 2,52407652745888E-02 
644	 2,53682306054017E-02 
645	 2,60860995558233E-02 
646	 2,64990289086093E-02 
647	 2,67267750387502E-02 
648	 2,67158993340719E-02 
649	 2,63247785431718E-02 
650	 0,025837980618261 
651	 2,54731041097781E-02 
652	 2,52754063179292E-02 
653	 2,51389091822101E-02 
654	 2,48062116663923E-02 
655	 2,46929620568769E-02 
656	 2,47657997143913E-02 
657	 2,42436689994888E-02 
658	 2,33653477416024E-02 
659	 2,24557669532642E-02 
660	 2,20726928787668E-02 
661	 2,20773064596506E-02 
662	 2,16691493091905E-02 
663	 2,12463616009073E-02 
664	 2,10194145910091E-02 
665	 2,10808513841483E-02 
666	 2,10804582369419E-02 
667	 2,04580675093424E-02 
668	 1,99994883367976E-02 
669	 0,019873065702451 
670	 1,97627883208668E-02 
671	 1,96101749422379E-02 
672	 1,94096008589284E-02 
673	 1,96333838388614E-02 
674	 0,020122587495579 
675	 2,03502759628227E-02 
676	 2,03695209743602E-02 
677	 0,020256946378273 
678	 2,04690203469831E-02 
679	 0,020631997638424 
680	 2,02675652685201E-02 
681	 1,99033673200732E-02 
682	 1,98562091235249E-02 
683	 2,06505645114951E-02 
684	 2,15856465270027E-02 
685	 2,21810882708727E-02 
686	 2,23167532120557E-02 
687	 2,23740233025416E-02 
688	 2,30388088396745E-02 
689	 0,023796637224532 
690	 2,46246519099523E-02 
691	 0,026022683692356 
692	 2,78313246879796E-02 
693	 0,02985093455899 
694	 3,15128311643177E-02 
695	 3,32615275728668E-02 
696	 3,64227684518247E-02 
697	 4,03007927745157E-02 
698	 0,044566799441563 
699	 4,90462470899869E-02 
700	 5,39073205757024E-02 
701	 5,93834144210878E-02 
702	 6,51329761320048E-02 
703	 7,10327599302097E-02 
704	 7,70525184334323E-02 
705	 8,32268726181022E-02 
706	 8,95210651587685E-02 
707	 0,095360222751387 
708	 0,101112610643401 
709	 0,107662679460857 
710	 0,113891254908146 
711	 0,119496940261188 
712	 0,124980312674141 
713	 0,130240705121342 
714	 0,135155636631551 
715	 0,139852815050798 
716	 0,144347159100889 
717	 0,148676192340553 
718	 0,152456376896302 
719	 0,155636703930347 
720	 0,15900584188696 
721	 0,16221880808714 
722	 0,164743559479501 
723	 0,167360641027427 
724	 0,170074114585409 
725	 0,172150286659633 
726	 0,174332549239938 
727	 0,176939657124358 
728	 0,178593786968728 
729	 0,179622648274679 
730	 0,18092836322387 
731	 0,182292979633854 
732	 0,183625005991906 
733	 0,184683370481411 
734	 0,185658676336842 
735	 0,186705872170183 
736	 0,187500507699431 
737	 0,188089811296386 
738	 0,188724304912569 
739	 0,189325203224734 
740	 0,189889759189042 
741	 0,190509665679449 
742	 0,191103313997485 
743	 0,191572141161884 
744	 0,192139252780076 
745	 0,192694199588483 
746	 0,192711682105091 
747	 0,192869058995296 
748	 0,193440046319334 
749	 0,193541459763679 
750	 0,193447633392205 
751	 0,193725233319344 
752	 0,194244707038445 
753	 0,194802825744347 
754	 0,194796741795317 
755	 0,194629474271258 
756	 0,194641916977175 
757	 0,195001626513075 
758	 0,195603182334883 
759	 0,19627452795612 
760	 0,19611556206444 
761	 0,195182746306807 
762	 0,195232934244837 
763	 0,195756236362911 
764	 0,196166357852718 
765	 0,196468002592897 
766	 0,196537526642988 
767	 0,195994138906104 
768	 0,196100530982721 
769	 0,197066389481683 
770	 0,196834947352953 
771	 0,196210838315974 
772	 0,196335582990356 
773	 0,196741003171073 
774	 0,197184642457848 
775	 0,197270332801369 
776	 0,197184040399394 
777	 0,197042413255693 
778	 0,196915185806541 
779	 0,196904151497856 
780	 0,197129197302131 
781	 0,197412499340239 
782	 0,197643303750686 
783	 0,197666239456432 
784	 0,19762440749638 
785	 0,19761940967394 
786	 0,197629426456991 
787	 0,197638345913753 
788	 0,197616094369137 
789	 0,19762539467445 
790	 0,19763559925617 
791	 0,197424881138644 
792	 0,197263660446593 
793	 0,197378643236714 
794	 0,197774216999158 
795	 0,198088473469362 
796	 0,197547286950422 
797	 0,19709731676965 
798	 0,197094248504907 
799	 0,197535845204157 
800	 0,197791855827663 
801	 0,197329965858122 
802	 0,19718586669157 
803	 0,197421634044131 
804	 0,197675604818933 
805	 0,197911024293851 
806	 0,19805363046418 
807	 0,197946929291917 
808	 0,197852004687798 
809	 0,198032735974964 
810	 0,197789346816565 
811	 0,19740504045208 
812	 0,198186502853295 
813	 0,198282480164172 
814	 0,197285058280083 
815	 0,197871035748336 
816	 0,198849464334008 
817	 0,198574387225468 
818	 0,198526492671956 
819	 0,198703794441818 
820	 0,198016452506119 
821	 0,197808188907905 
822	 0,198544238592097 
823	 0,198779815855852 
824	 0,198563904790746 
825	 0,19816632313997 
826	 0,198262361994981 
827	 0,198782519500459 
828	 0,198918208179245 
829	 0,198957105729055 
830	 0,19902697077364 
831	 0,199041124194374 
832	 0,198946299258213 
833	 0,198682173920171 
834	 0,198939562137911 
835	 0,199523020745444 
836	 0,199206612811678 
837	 0,198879968161351 
838	 0,199016797404472 
839	 0,199345018567073 
840	 0,199416758832082 
841	 0,198665811486302 
842	 0,198445130705447 
843	 0,198835479978134 
844	 0,198879296496939 
845	 0,198764568202109 
846	 0,198622691154803 
847	 0,198706902019197 
848	 0,198877411643172 
849	 0,198898034006266 
850	 0,198689861114725 
851	 0,198271140398327 
852	 0,197718841912497 
853	 0,197403067317773 
854	 0,197629787621154 
855	 0,199030755102436 
856	 0,200039453923122 
857	 0,198522580339795 
858	 0,197575502346794 
859	 0,19771507581837 
860	 0,197951632676945 
861	 0,197840694577121 
862	 0,197215065591058 
863	 0,196835516036229 
864	 0,196809107478598 
865	 0,197146948085748 
866	 0,198033849173698 
867	 0,198927081399979 
868	 0,198122537433166 
869	 0,197570399451915 
870	 0,198042566894042 
871	 0,197973485657689 
872	 0,197711172251737 
873	 0,197832770386583 
874	 0,198119226075213 
875	 0,198367000679081 
876	 0,198066742417852 
877	 0,198125660655157 
878	 0,1987697345352 
879	 0,198902323578877 
880	 0,198787098528729 
881	 0,198811126404608 
882	 0,199102196438503 
883	 0,199424272064812 
884	 0,199071371699495 
885	 0,198681466878361 
886	 0,19852740418239 
887	 0,198643699771763 
888	 0,198847754311328 
889	 0,198987810894346 
890	 0,19961868712048 
891	 0,200091987074903 
892	 0,198701863929326 
893	 0,19828586209478 
894	 0,199364446769181 
895	 0,199743820470338 
896	 0,199597054684205 
897	 0,199189735160488 
898	 0,199226905802547 
899	 0,199426331943083 
900	 0,199036543135136 
901	 0,199224247754969 
902	 0,199887251170562 
903	 0,199297749642105 
904	 0,198991740771465 
905	 0,199791430083426 
906	 0,200212338307755 
907	 0,200147282435939 
908	 0,19972898232902 
909	 0,19910482740735 
910	 0,19871244104923 
911	 0,199790206441834 
912	 0,200273285457799 
913	 0,199329210774223 
914	 0,198473890519596 
915	 0,198036608033965 
916	 0,198193110438021 
917	 0,198391757275885 
918	 0,198303447959287 
919	 0,197305942791309 
920	 0,197296623599081 
921	 0,198478557048945 
922	 0,198465709476893 
923	 0,197522328062959 
924	 0,196150454765769 
925	 0,195973397712332 
926	 0,196831863323325 
927	 0,197955731503557 
928	 0,197897517345902 
929	 0,196745661837068 
930	 0,196727388327082 
931	 0,196460222648712 
932	 0,195367051668683 
933	 0,195351899524132 
934	 0,195667725202916 
935	 0,19513218328215 
936	 0,195140089818795 
937	 0,195404813455023 
938	 0,194253734159594 
939	 0,19318283259486 
940	 0,19277627746436 
941	 0,192820225341218 
942	 0,192788811767216 
943	 0,192257357971482 
944	 0,191930526944893 
945	 0,191427929059627 
946	 0,189792085812696 
947	 0,189464529020762 
948	 0,190178636161941 
949	 0,188347711119831 
950	 0,185823111761747 
951	 0,183890804495513 
952	 0,183061188775081 
953	 0,18355743495456 
954	 0,18533055674722 
955	 0,184139135072863 
956	 0,18112315209643 
957	 0,181610034290234 
958	 0,182301769913774 
959	 0,182249638622106 
960	 0,182319681601535 
961	 0,182679858455849 
962	 0,183122317021957 
963	 0,180803246731302 
964	 0,178031093116788 
965	 0,178836462312291 
966	 0,180307070901464 
967	 0,181095450910382 
968	 0,179286771205926 
969	 0,178715090653242 
970	 0,180454624360678 
971	 0,180370099868681 
972	 0,180197401824781 
973	 0,181438855629512 
974	 0,180093859101411 
975	 0,17783617363235 
976	 0,178770261450551 
977	 0,179553376651387 
978	 0,17972359940028 
979	 0,181007413706388 
980	 0,18197883863035 
981	 0,181830690109693 
982	 0,180376814831086 
983	 0,179096480815617 
984	 0,179431577076031 
985	 0,180251272933973 
986	 0,180487772757473 
987	 0,178458875630054 
988	 0,178302538492617 
989	 0,180170591909144 
990	 0,179753102652512 
991	 0,17980684939272 
992	 0,181364545683304 
993	 0,181394026427678 
994	 0,181654019041004 
995	 0,183839664958077 
996	 0,182936666119341 
997	 0,180256339261101 
998	 0,180087435483543 
999	 0,180748540589785 
1000	 0,181643096642407 
1001	 0,182177266190767 
1002	 0,183092718686348 
1003	 0,184227461511657 
1004	 0,182485605188487 
1005	 0,180901450055695 
1006	 0,182459069695659 
1007	 0,184024389022037 
1008	 0,184999921899813 
1009	 0,185286735945112 
1010	 0,187471760549309 
1011	 0,189978575199366 
1012	 0,185028494798634 
1013	 0,183335788012673 
1014	 0,187986633505729 
1015	 0,188260635847482 
1016	 0,186098437009755 
1017	 0,184165318647123 
1018	 0,186728624610294 
1019	 0,190123142864717 
1020	 0,188091890338681 
1021	 0,18809925013075 
1022	 0,189901007001984 
1023	 0,187613234250778 
1024	 0,187082968173612 
1025	 0,189594930735617 
1026	 0,191667408249539 
1027	 0,191513523921111 
1028	 0,188780329689965 
1029	 0,189144368380636 
1030	 0,190081744402392 
1031	 0,188228550276673 
1032	 0,189413772990762 
1033	 0,191325719999267 
1034	 0,187070121196114 
1035	 0,188468675900303 
1036	 0,194987481334171 
1037	 0,192114843025821 
1038	 0,190750675448661 
1039	 0,194480429690996 
1040	 0,194830275662201 
1041	 0,194039152508693 
1042	 0,194147139110386 
1043	 0,192386093445371 
1044	 0,193958543443628 
1045	 0,205168210034488 
1046	 0,203109006427676 
1047	 0,191669743165144 
1048	 0,191669098987602 
1049	 0,193678201234203 
1050	 0,195730214157741 
1051	 0,20080555384624 
1052	 0,204342671319697 
1053	 0,2044256038627 
1054	 0,207077691121398 
1055	 0,204496623990282 
1056	 0,19205234088623 
1057	 0,19113713048205 
1058	 0,197477448997433 
1059	 0,20013920137259 
1060	 0,193667130335614 
1061	 0,183496287255052 
1062	 0,185905372688943 
1063	 0,193736511469303 
1064	 0,201963967387083 
1065	 0,201559049199913 
1066	 0,19423059701648 
1067	 0,183400133679828 
1068	 0,180572570538701 
1069	 0,185989095611543 
1070	 0,198198013509774 
1071	 0,213272339941568 
1072	 0,219006136254123 
1073	 0,2039073607672 
1074	 0,190339028689732 
1075	 0,186529291644959 
