Wavelength	SCORFF200273.asd
325	 0,295110595796608 
326	 0,383513774524753 
327	 0,397173674901749 
328	 0,308293199468846 
329	 0,37982455003693 
330	 0,445583737201323 
331	 0,389367610288112 
332	 0,339943283317553 
333	 0,327630354307662 
334	 0,342712168544758 
335	 0,361311192773065 
336	 0,361515887472172 
337	 0,341035610964419 
338	 0,298058405102431 
339	 0,249382505241756 
340	 0,242802917217554 
341	 0,25008032827226 
342	 0,189618720180267 
343	 0,206442616718595 
344	 0,297416802140669 
345	 0,287594249636628 
346	 0,261685018021434 
347	 0,301389768738505 
348	 0,309363810078293 
349	 0,293623634900563 
350	 0,318350519301642 
351	 0,313326864492835 
352	 0,264443885479474 
353	 0,248477034176935 
354	 0,243819056095916 
355	 0,222798077752256 
356	 0,238313469023402 
357	 0,271153457042566 
358	 0,249623860828825 
359	 0,217510404463995 
360	 0,192570991039261 
361	 0,17184576151518 
362	 0,174216251886284 
363	 0,222102761430512 
364	 0,245647889928173 
365	 0,238102453885068 
366	 0,225338531439281 
367	 0,223020075130767 
368	 0,236339606543556 
369	 0,223805456412759 
370	 0,204273899552251 
371	 0,22564063803038 
372	 0,229007682772519 
373	 0,208334155465932 
374	 0,210213731204302 
375	 0,216645946983758 
376	 0,215362760352092 
377	 0,233692029920955 
378	 0,255137439985869 
379	 0,240307402048282 
380	 0,223330504717133 
381	 0,2174086330284 
382	 0,22713842302919 
383	 0,236425448835266 
384	 0,231716531415282 
385	 0,221906601857755 
386	 0,21891393330708 
387	 0,253844244102074 
388	 0,259140202135013 
389	 0,218884784654848 
390	 0,199791881138886 
391	 0,203861376343517 
392	 0,227464585018127 
393	 0,231622320170275 
394	 0,219112114933589 
395	 0,228645252908537 
396	 0,22773851677616 
397	 0,20588966396022 
398	 0,208719222119762 
399	 0,225120470755611 
400	 0,232509144968882 
401	 0,229365637132938 
402	 0,219641478265778 
403	 0,22034415798286 
404	 0,223593527667819 
405	 0,223302030173279 
406	 0,216689691756692 
407	 0,210365906325809 
408	 0,21888546287311 
409	 0,226262578091468 
410	 0,227600639699053 
411	 0,226437359437501 
412	 0,220731471921907 
413	 0,20936062449402 
414	 0,210987724914453 
415	 0,220517653490852 
416	 0,217216220408923 
417	 0,212359480877427 
418	 0,210210606159883 
419	 0,206114783762962 
420	 0,204718403958929 
421	 0,212287717235195 
422	 0,214931784161032 
423	 0,211483273878406 
424	 0,209135885766717 
425	 0,208793599805776 
426	 0,210885280365644 
427	 0,214003214348752 
428	 0,215527198676897 
429	 0,210829791045803 
430	 0,21190132280022 
431	 0,219084527736244 
432	 0,217910138608143 
433	 0,213217387503605 
434	 0,21003249084414 
435	 0,210059632085436 
436	 0,211971881890129 
437	 0,211473143775288 
438	 0,210874987990471 
439	 0,210947838094837 
440	 0,210686627974322 
441	 0,21085847962339 
442	 0,21248948720176 
443	 0,213138230910743 
444	 0,213138223445024 
445	 0,216340271305083 
446	 0,216508049758961 
447	 0,21101364152417 
448	 0,212395994026427 
449	 0,217792676171199 
450	 0,218826764343421 
451	 0,218206353189325 
452	 0,217050671941557 
453	 0,217533144035869 
454	 0,217486008693274 
455	 0,215001706213983 
456	 0,213815290268067 
457	 0,214293420300453 
458	 0,215153325509077 
459	 0,217176037736421 
460	 0,219840749501329 
461	 0,218426378079054 
462	 0,21614086147877 
463	 0,217774740480521 
464	 0,218019845674142 
465	 0,216476063400275 
466	 0,21645234295884 
467	 0,216697628668465 
468	 0,216543108179348 
469	 0,218002363312966 
470	 0,219740221826544 
471	 0,218521445939006 
472	 0,218076594714787 
473	 0,219138613498413 
474	 0,219041339390686 
475	 0,218530187522195 
476	 0,21846596742895 
477	 0,218799250375569 
478	 0,218715715627948 
479	 0,215666096650476 
480	 0,213971861814887 
481	 0,215523543875003 
482	 0,217937386070742 
483	 0,219484978648455 
484	 0,218131869883818 
485	 0,217651211533831 
486	 0,218424262075692 
487	 0,217329248317015 
488	 0,217240798404952 
489	 0,21994642901431 
490	 0,219852796460913 
491	 0,218001041107687 
492	 0,21903353534483 
493	 0,219044781125739 
494	 0,217265756113308 
495	 0,216849468456224 
496	 0,217278615947865 
497	 0,217688822841278 
498	 0,217516460936641 
499	 0,21710419223833 
500	 0,218011155930769 
501	 0,218913889923459 
502	 0,219141123371333 
503	 0,219900555074352 
504	 0,220588854666756 
505	 0,219709918585865 
506	 0,221056330878846 
507	 0,224301804145743 
508	 0,223003116624552 
509	 0,220622484916272 
510	 0,220561505167637 
511	 0,222303691612766 
512	 0,224558895663231 
513	 0,224316347719812 
514	 0,223771775371422 
515	 0,223841570784312 
516	 0,2238661255432 
517	 0,2238677257378 
518	 0,223920578331367 
519	 0,224577634279975 
520	 0,225693241625737 
521	 0,226355336276369 
522	 0,226418215213651 
523	 0,225896512364681 
524	 0,225933653201969 
525	 0,22646069613437 
526	 0,227011902786818 
527	 0,226809322802812 
528	 0,225814493248428 
529	 0,225353088205994 
530	 0,225886000914451 
531	 0,227755571989719 
532	 0,227720654611564 
533	 0,225983461156607 
534	 0,225700660965078 
535	 0,225564380822173 
536	 0,224967034071947 
537	 0,22542956209194 
538	 0,226231139161513 
539	 0,22571598603839 
540	 0,225232531077052 
541	 0,225281194670104 
542	 0,226129338113699 
543	 0,226790007188107 
544	 0,226361796263749 
545	 0,226597052926798 
546	 0,22745164000459 
547	 0,227815932258943 
548	 0,227916769534548 
549	 0,227870865085132 
550	 0,227813817400331 
551	 0,227934585628662 
552	 0,228502086068124 
553	 0,228701381048096 
554	 0,228513439437784 
555	 0,229017489796233 
556	 0,22917301957083 
557	 0,228158113095722 
558	 0,227036013626994 
559	 0,226299926494766 
560	 0,226722720556281 
561	 0,226635658650039 
562	 0,225622080564001 
563	 0,225753097694411 
564	 0,22627824373508 
565	 0,225967542469162 
566	 0,226120850801515 
567	 0,226933657510095 
568	 0,228012089543883 
569	 0,22867701545822 
570	 0,228536340482498 
571	 0,228722980806915 
572	 0,229476804812698 
573	 0,230875170894147 
574	 0,232509021615764 
575	 0,23401683895094 
576	 0,234710889641843 
577	 0,234939004126985 
578	 0,235180089796172 
579	 0,236334384264564 
580	 0,238254318391296 
581	 0,239914483923899 
582	 0,24079827465676 
583	 0,240754119570079 
584	 0,241224434275331 
585	 0,242405750781025 
586	 0,244349143912716 
587	 0,245351864702743 
588	 0,245345698835236 
589	 0,246697100486643 
590	 0,248395878502262 
591	 0,249390805681799 
592	 0,249833368901797 
593	 0,250003986244658 
594	 0,250621498936694 
595	 0,251111342278096 
596	 0,251241760975849 
597	 0,251340482433776 
598	 0,251443099230222 
599	 0,251558506525281 
600	 0,251420593176169 
601	 0,250931468765645 
602	 0,249921368032007 
603	 0,249367772771737 
604	 0,249940572028242 
605	 0,25013367932608 
606	 0,249624230461363 
607	 0,248243383144757 
608	 0,247153527683803 
609	 0,246786960147434 
610	 0,246455411815547 
611	 0,246102686269263 
612	 0,245733225779888 
613	 0,245108699935778 
614	 0,244399750403493 
615	 0,244375008588584 
616	 0,244320813805071 
617	 0,243803379728303 
618	 0,243282410267718 
619	 0,243015657620751 
620	 0,243403228430137 
621	 0,243597387067124 
622	 0,24340003304885 
623	 0,24347557202644 
624	 0,243404145851973 
625	 0,2427637738906 
626	 0,24278149337152 
627	 0,243341094996663 
628	 0,243230478266839 
629	 0,243468927090591 
630	 0,244403049121329 
631	 0,244531981475082 
632	 0,244465083444079 
633	 0,245492849260689 
634	 0,246067805865486 
635	 0,246098702272452 
636	 0,247106827118841 
637	 0,248400484956975 
638	 0,249355165994336 
639	 0,250229197629724 
640	 0,251141043192986 
641	 0,252337729816976 
642	 0,253371020208081 
643	 0,254084180131538 
644	 0,254847837528028 
645	 0,255421201535557 
646	 0,255461363635756 
647	 0,255231616385633 
648	 0,254871098418057 
649	 0,254616012112909 
650	 0,254081103018773 
651	 0,253058474847076 
652	 0,252160884372052 
653	 0,251316558996795 
654	 0,250217036421678 
655	 0,248838533470639 
656	 0,247202069347469 
657	 0,245528126114252 
658	 0,243708913374594 
659	 0,241655676678781 
660	 0,240347394622621 
661	 0,239601488454666 
662	 0,238320950579764 
663	 0,236741610796263 
664	 0,235044721594685 
665	 0,233680894265656 
666	 0,232769697832396 
667	 0,232388156047636 
668	 0,2320672782519 
669	 0,231555153402283 
670	 0,23055008311027 
671	 0,229664161901635 
672	 0,229373736042316 
673	 0,22910399802678 
674	 0,228908656817072 
675	 0,229227574510692 
676	 0,229323639757711 
677	 0,229013924189033 
678	 0,22893902612234 
679	 0,229223589981748 
680	 0,229935861847339 
681	 0,230431163022332 
682	 0,230771429553151 
683	 0,231714639333886 
684	 0,232673418303594 
685	 0,233442314938627 
686	 0,235225155139037 
687	 0,237738703341154 
688	 0,240196478034451 
689	 0,2429020362251 
690	 0,246064112740821 
691	 0,250051814513323 
692	 0,255090265584938 
693	 0,261296027146764 
694	 0,267497353373434 
695	 0,274039390606044 
696	 0,282435755074788 
697	 0,291527599669518 
698	 0,300842677704165 
699	 0,310638208929706 
700	 0,320951763888558 
701	 0,331832111374316 
702	 0,342511316449559 
703	 0,352853677128888 
704	 0,363338237511682 
705	 0,373497920717654 
706	 0,383066657978624 
707	 0,392529949948828 
708	 0,401853821748701 
709	 0,410818528022985 
710	 0,419374057346952 
711	 0,427427868802618 
712	 0,434646237598358 
713	 0,441500213401754 
714	 0,448397751480308 
715	 0,454566803393225 
716	 0,460012917684938 
717	 0,465135815730436 
718	 0,469958796783245 
719	 0,474475062028445 
720	 0,478415669706101 
721	 0,482003440385452 
722	 0,485558057109056 
723	 0,488795546390069 
724	 0,491685767958388 
725	 0,494352978965946 
726	 0,496723593673441 
727	 0,498796205477017 
728	 0,500908344898829 
729	 0,502960775611686 
730	 0,504718511496726 
731	 0,505989674000875 
732	 0,506903775729416 
733	 0,508255150138875 
734	 0,509675835374983 
735	 0,510820675213285 
736	 0,511842119295701 
737	 0,512887842643452 
738	 0,514356213298182 
739	 0,515341592855684 
740	 0,515623211692296 
741	 0,516160817266988 
742	 0,516741122626008 
743	 0,517032854466565 
744	 0,517455111423326 
745	 0,51803070687752 
746	 0,518550356887487 
747	 0,518905869538516 
748	 0,519107185851555 
749	 0,519704022908774 
750	 0,520429390130464 
751	 0,520778834364838 
752	 0,521078441433655 
753	 0,52146139544445 
754	 0,52207819434494 
755	 0,522691044395787 
756	 0,523119204536912 
757	 0,523402512335512 
758	 0,52372205473641 
759	 0,524437007449223 
760	 0,525052083771001 
761	 0,525463229097905 
762	 0,526019837627987 
763	 0,526673958698123 
764	 0,527346733694254 
765	 0,527775596723126 
766	 0,528021400899228 
767	 0,528376823815958 
768	 0,528742623884291 
769	 0,529077619813387 
770	 0,529355644624748 
771	 0,529545928940171 
772	 0,529619131891375 
773	 0,529669134740718 
774	 0,529797558339191 
775	 0,530260686636391 
776	 0,530536275772723 
777	 0,530400727511642 
778	 0,53043088434713 
779	 0,530483428868383 
780	 0,530249737092537 
781	 0,530166547508973 
782	 0,530266369179906 
783	 0,530210766124244 
784	 0,530186801470782 
785	 0,530304825740684 
786	 0,530379063429143 
787	 0,530476737281104 
788	 0,530758432295447 
789	 0,531138692573801 
790	 0,531503005134537 
791	 0,53152148566688 
792	 0,531538952500777 
793	 0,531830004929156 
794	 0,532159931450949 
795	 0,532438716129512 
796	 0,532527407660748 
797	 0,532902524835388 
798	 0,533574053813934 
799	 0,533754665632882 
800	 0,533848823629044 
801	 0,534243165097791 
802	 0,534329358250627 
803	 0,534224485455683 
804	 0,534477445376358 
805	 0,534852686847189 
806	 0,535283915434658 
807	 0,535911895999725 
808	 0,536288000755308 
809	 0,535973032232825 
810	 0,535922499953149 
811	 0,536263155779214 
812	 0,536822899509877 
813	 0,536902024419711 
814	 0,536325006040289 
815	 0,536071006958587 
816	 0,53624798288618 
817	 0,536842943086625 
818	 0,536973905647486 
819	 0,536721654493712 
820	 0,537015809403423 
821	 0,537296360632078 
822	 0,537370180260634 
823	 0,537766733876083 
824	 0,538160969447879 
825	 0,538091207837956 
826	 0,538701249813274 
827	 0,53974730436171 
828	 0,539588325925331 
829	 0,539326611806266 
830	 0,539547473365214 
831	 0,540015867709803 
832	 0,54054280217742 
833	 0,540901393287872 
834	 0,541076652122114 
835	 0,541190679289044 
836	 0,541645407568895 
837	 0,542166546099978 
838	 0,542573626397071 
839	 0,542819175246043 
840	 0,542872235044464 
841	 0,542708948149189 
842	 0,542596846855887 
843	 0,542545949572714 
844	 0,542280629245828 
845	 0,54213977582606 
846	 0,542289374463334 
847	 0,542545301358024 
848	 0,542501933948992 
849	 0,541647818472339 
850	 0,541384706054645 
851	 0,541713372053974 
852	 0,541346603687788 
853	 0,54100525135854 
854	 0,541054071514975 
855	 0,541172833997974 
856	 0,541302156607273 
857	 0,541409551957135 
858	 0,541245051682637 
859	 0,540825315893443 
860	 0,540312878320548 
861	 0,540287680678035 
862	 0,540910018735782 
863	 0,540969957655858 
864	 0,540895915822344 
865	 0,541403380762356 
866	 0,5418164678191 
867	 0,54211472890614 
868	 0,542722949736201 
869	 0,543379301396541 
870	 0,54394269389951 
871	 0,544434742915719 
872	 0,54471497594552 
873	 0,544642832201854 
874	 0,544810863430559 
875	 0,545310045182806 
876	 0,545948309537551 
877	 0,546684726444301 
878	 0,54745746062942 
879	 0,548220500276908 
880	 0,548719062811364 
881	 0,548712228674887 
882	 0,548659445002774 
883	 0,548626825434331 
884	 0,54844468848709 
885	 0,548494676608176 
886	 0,548855516393664 
887	 0,549136853285723 
888	 0,549320473271018 
889	 0,549434393182659 
890	 0,549880033505235 
891	 0,550197817682456 
892	 0,549140260255374 
893	 0,548894685816409 
894	 0,54986812828669 
895	 0,550484133193198 
896	 0,550307083734394 
897	 0,549182303915022 
898	 0,548716692389244 
899	 0,548586652150309 
900	 0,547700246566015 
901	 0,547220922431304 
902	 0,547362287660795 
903	 0,547692314542451 
904	 0,547586661859016 
905	 0,546832165086825 
906	 0,547091743780554 
907	 0,547340261549008 
908	 0,545875958553327 
909	 0,545620132914246 
910	 0,546620207667583 
911	 0,546736548230526 
912	 0,546335109859433 
913	 0,545716122806769 
914	 0,545753717217328 
915	 0,546165101953596 
916	 0,546516845471005 
917	 0,546487683011898 
918	 0,546483346574158 
919	 0,547913797728815 
920	 0,548091826425029 
921	 0,546699187796641 
922	 0,546986098539745 
923	 0,547967943502693 
924	 0,548640139178065 
925	 0,548827536289293 
926	 0,548656009571362 
927	 0,548478723121572 
928	 0,547840802522935 
929	 0,547089810652688 
930	 0,5478426460338 
931	 0,548707363983625 
932	 0,548835087564668 
933	 0,548652985972784 
934	 0,548424883228049 
935	 0,54844156138798 
936	 0,549032031792226 
937	 0,549588697929456 
938	 0,548131695673596 
939	 0,547225999824365 
940	 0,54771135762694 
941	 0,548367513442917 
942	 0,548112377933389 
943	 0,546325665932117 
944	 0,546315226530985 
945	 0,547225403841722 
946	 0,546443647640241 
947	 0,545361708302088 
948	 0,544178546822879 
949	 0,542106306318216 
950	 0,540498169559806 
951	 0,540088412893875 
952	 0,540025193680096 
953	 0,539557087858239 
954	 0,537987182868726 
955	 0,537247695476538 
956	 0,53740187808118 
957	 0,537776660583855 
958	 0,535947465190221 
959	 0,532182053824354 
960	 0,531763224062781 
961	 0,532766290789565 
962	 0,533399457377145 
963	 0,533074265675731 
964	 0,532068081100375 
965	 0,531020347689763 
966	 0,530222103761251 
967	 0,529928815197121 
968	 0,530535611618227 
969	 0,531120864091814 
970	 0,531114931483778 
971	 0,530138624382818 
972	 0,528799312161763 
973	 0,527877795195796 
974	 0,529368727723978 
975	 0,531638583599202 
976	 0,53122670450892 
977	 0,531088400156069 
978	 0,53135379767425 
979	 0,52932049183979 
980	 0,529067362967862 
981	 0,531933924036238 
982	 0,533101924063702 
983	 0,532582643102629 
984	 0,531124504377618 
985	 0,532398867886505 
986	 0,535212131548902 
987	 0,535816263670808 
988	 0,536336891184128 
989	 0,537106943218233 
990	 0,537482674425763 
991	 0,536476043327074 
992	 0,534294012631827 
993	 0,535213336831511 
994	 0,537291225510906 
995	 0,538140350592856 
996	 0,53870933568145 
997	 0,53926882080557 
998	 0,540082748499895 
999	 0,541052258581147 
1000	 0,542294408477834 
1001	 0,54449318383511 
1002	 0,545255251833611 
1003	 0,544056064603581 
1004	 0,545596063815328 
1005	 0,546577625053422 
1006	 0,544001956790444 
1007	 0,545038617868387 
1008	 0,548501843468336 
1009	 0,550139497115977 
1010	 0,550079391285589 
1011	 0,548557705721513 
1012	 0,54648428078945 
1013	 0,545025374440588 
1014	 0,545090387049362 
1015	 0,547864407585744 
1016	 0,549613097482039 
1017	 0,547816823437281 
1018	 0,550070387569613 
1019	 0,554046348140733 
1020	 0,554712445336072 
1021	 0,553137246040316 
1022	 0,551302227043398 
1023	 0,554278914532906 
1024	 0,554638158674761 
1025	 0,551501204904649 
1026	 0,553356207199471 
1027	 0,554998477622683 
1028	 0,553431953563784 
1029	 0,553671544340897 
1030	 0,556252998295274 
1031	 0,560740105571891 
1032	 0,561445425196177 
1033	 0,559599707218153 
1034	 0,559951451517945 
1035	 0,563968335939688 
1036	 0,569213792220761 
1037	 0,565249051897292 
1038	 0,562190965454498 
1039	 0,563567945462744 
1040	 0,5611745043992 
1041	 0,55907224652829 
1042	 0,560483374517811 
1043	 0,560243265595036 
1044	 0,558337248197078 
1045	 0,556072631383269 
1046	 0,561690881993785 
1047	 0,571475499218096 
1048	 0,571609842832646 
1049	 0,573052845231263 
1050	 0,576223221697339 
1051	 0,568761374918054 
1052	 0,564929024865042 
1053	 0,570470885239239 
1054	 0,575252723501192 
1055	 0,57368315993601 
1056	 0,564237260663686 
1057	 0,569430411591791 
1058	 0,577974173787258 
1059	 0,569747599279452 
1060	 0,56758286917624 
1061	 0,569644925698445 
1062	 0,560540670460702 
1063	 0,556335290580305 
1064	 0,560650277680486 
1065	 0,568515829885401 
1066	 0,570532402934594 
1067	 0,56444876574614 
1068	 0,562809329370176 
1069	 0,568425676461273 
1070	 0,579261046180177 
1071	 0,572911351731176 
1072	 0,562743962403435 
1073	 0,566442535720869 
1074	 0,573714521977042 
1075	 0,577646953834037 
