Wavelength	SCORFF200815.asd
325	 0,395926152568879 
326	 0,372900147402663 
327	 0,295896041314188 
328	 0,180071518971214 
329	 0,32203231700206 
330	 0,425194015815136 
331	 0,288577280209079 
332	 0,197218737027691 
333	 0,198463670093367 
334	 0,244465673695563 
335	 0,314836456384666 
336	 0,345576011218088 
337	 0,303114706002503 
338	 0,216943157241207 
339	 0,152229334773493 
340	 0,170359392104178 
341	 0,217507017948079 
342	 0,185400962180821 
343	 0,194243645550869 
344	 0,244435953538725 
345	 0,190194631177326 
346	 0,147900316612304 
347	 0,232963144318721 
348	 0,254898856138605 
349	 0,226330382802621 
350	 0,264811264564643 
351	 0,27425025386438 
352	 0,226603856369881 
353	 0,196391795930682 
354	 0,183783254262661 
355	 0,187191025329455 
356	 0,204873343747754 
357	 0,221341051176287 
358	 0,212429256840762 
359	 0,189719766588203 
360	 0,158076098544225 
361	 0,12017865871421 
362	 0,117480943069391 
363	 0,201792100497963 
364	 0,228843784379038 
365	 0,197312113097071 
366	 0,2155931470998 
367	 0,219188178930558 
368	 0,17513218922296 
369	 0,143354382111589 
370	 0,137098595261041 
371	 0,16903773912912 
372	 0,182972010243697 
373	 0,171053072934343 
374	 0,176488289994223 
375	 0,178632701588225 
376	 0,16448766123414 
377	 0,172153990796618 
378	 0,192485098064146 
379	 0,197240259057817 
380	 0,190723956561516 
381	 0,1770011382629 
382	 0,174790191772824 
383	 0,175025223911613 
384	 0,16870216792206 
385	 0,170744389175029 
386	 0,179159971600463 
387	 0,183588295956577 
388	 0,182759301407404 
389	 0,176267622204754 
390	 0,163590454128962 
391	 0,157138464233481 
392	 0,171996622821054 
393	 0,175100411719527 
394	 0,166166255289646 
395	 0,166471659841201 
396	 0,170640371281715 
397	 0,174798966847281 
398	 0,168822693777169 
399	 0,163608816867336 
400	 0,177255991803763 
401	 0,172492697338401 
402	 0,150719929791003 
403	 0,151311205711763 
404	 0,160951671174209 
405	 0,168395704781488 
406	 0,164548665747109 
407	 0,156856834729953 
408	 0,16316928340532 
409	 0,169323974522805 
410	 0,170844342225026 
411	 0,169012922988639 
412	 0,163862016868172 
413	 0,155902966368842 
414	 0,155397819973871 
415	 0,160439615006046 
416	 0,162109025472371 
417	 0,161324247916572 
418	 0,158363128451091 
419	 0,153130605930757 
420	 0,15025810013397 
421	 0,155439717858991 
422	 0,159088587389614 
423	 0,159744284753843 
424	 0,161091371548739 
425	 0,161990961045315 
426	 0,16166590136521 
427	 0,158993443319239 
428	 0,156498453893595 
429	 0,158852290491899 
430	 0,159939957472457 
431	 0,1588385921489 
432	 0,160469431857562 
433	 0,160866089398034 
434	 0,156822863824172 
435	 0,156383053632203 
436	 0,158388592220877 
437	 0,155985756499844 
438	 0,154407760154451 
439	 0,155456339091173 
440	 0,156819077890647 
441	 0,156910326478774 
442	 0,154066252178691 
443	 0,155326308762328 
444	 0,160298014823978 
445	 0,162454629135493 
446	 0,16091599552163 
447	 0,155969223433801 
448	 0,155165565094306 
449	 0,157463036227599 
450	 0,158860138277918 
451	 0,159559938231348 
452	 0,159818924368397 
453	 0,161716649541601 
454	 0,162405464591656 
455	 0,159404543335432 
456	 0,156920570937528 
457	 0,155883638259855 
458	 0,156104921815143 
459	 0,157137735744722 
460	 0,158545061126337 
461	 0,159250241748083 
462	 0,160324188627546 
463	 0,163392673587186 
464	 0,16134343016876 
465	 0,155508931882907 
466	 0,156596234337198 
467	 0,159533717301668 
468	 0,160634451975512 
469	 0,159840209080066 
470	 0,157783407308376 
471	 0,155498041498446 
472	 0,155459558724153 
473	 0,157945264704937 
474	 0,15969519949912 
475	 0,16101638371933 
476	 0,162311168971531 
477	 0,161691226607709 
478	 0,15920976034658 
479	 0,155579280253091 
480	 0,153573625951565 
481	 0,154501215087158 
482	 0,156707381934059 
483	 0,158838095285886 
484	 0,159373687491375 
485	 0,159192620617863 
486	 0,15864407187833 
487	 0,157591711891506 
488	 0,158461149960431 
489	 0,162513454749878 
490	 0,163061451875274 
491	 0,160738913327785 
492	 0,159409067459684 
493	 0,158580023128692 
494	 0,158247285539767 
495	 0,158216054106775 
496	 0,158236117020902 
497	 0,15806420942703 
498	 0,158288652247631 
499	 0,15869625033372 
500	 0,158193818379163 
501	 0,157956476476138 
502	 0,158518168897037 
503	 0,15829537068609 
504	 0,158046317445881 
505	 0,159445655272912 
506	 0,160888391765203 
507	 0,161540915856468 
508	 0,16008235489403 
509	 0,158899010942845 
510	 0,160068907975641 
511	 0,160926277392065 
512	 0,161230467429628 
513	 0,161892963502267 
514	 0,161911490114588 
515	 0,161006555719756 
516	 0,160111203680634 
517	 0,159971422550341 
518	 0,161473525716062 
519	 0,16197762600076 
520	 0,161356848226602 
521	 0,162030596043992 
522	 0,162439890482544 
523	 0,161544809889947 
524	 0,160922391439861 
525	 0,161025599597968 
526	 0,162483611334448 
527	 0,162809609333201 
528	 0,161622691650177 
529	 0,162201135600659 
530	 0,16325239250607 
531	 0,163043948667811 
532	 0,162234603845052 
533	 0,161318491253713 
534	 0,161303932363135 
535	 0,161493921187703 
536	 0,161465667898201 
537	 0,161397148384527 
538	 0,16126771801154 
539	 0,16095229953378 
540	 0,161126618600345 
541	 0,161838929925574 
542	 0,162383340471933 
543	 0,162263248808326 
544	 0,161149015138737 
545	 0,161603700885479 
546	 0,163140295064321 
547	 0,162877850610466 
548	 0,162486543372702 
549	 0,162686643748235 
550	 0,16259222516855 
551	 0,162497915846961 
552	 0,163002675218716 
553	 0,163359566296859 
554	 0,16333904000259 
555	 0,162951501949245 
556	 0,162724446815667 
557	 0,163031326094196 
558	 0,162793005878869 
559	 0,162185378071352 
560	 0,162133213242135 
561	 0,162098794079779 
562	 0,161926362268541 
563	 0,162016072575789 
564	 0,161960377922282 
565	 0,16118243875595 
566	 0,161211447521254 
567	 0,162135130523801 
568	 0,162835735340891 
569	 0,163213178070253 
570	 0,163202744326143 
571	 0,162909342022659 
572	 0,162896599871257 
573	 0,164320586359076 
574	 0,165723456019282 
575	 0,166523975814348 
576	 0,166906165211634 
577	 0,166955943795747 
578	 0,16678856625279 
579	 0,167249723199833 
580	 0,168318233215259 
581	 0,169416041771388 
582	 0,169635916460578 
583	 0,168735486158732 
584	 0,169304651679468 
585	 0,170815977222875 
586	 0,171818449351085 
587	 0,171728399157119 
588	 0,170964345835762 
589	 0,172374307388237 
590	 0,174228707302123 
591	 0,174792263804985 
592	 0,174627734411816 
593	 0,17423550691199 
594	 0,174739336777263 
595	 0,174946803893081 
596	 0,174438449487642 
597	 0,17426822364962 
598	 0,174658018558345 
599	 0,175800430460012 
600	 0,175888396351985 
601	 0,174831467874585 
602	 0,174463368451997 
603	 0,174429258040859 
604	 0,174431622150024 
605	 0,174773418406153 
606	 0,175006952170497 
607	 0,173898084615731 
608	 0,173107679717326 
609	 0,173164675112689 
610	 0,173008625242925 
611	 0,172735843314709 
612	 0,17257354077043 
613	 0,172175281259169 
614	 0,171676429383084 
615	 0,171760121504619 
616	 0,172028263502359 
617	 0,172162560667316 
618	 0,171751483013752 
619	 0,171276103998136 
620	 0,171852215086309 
621	 0,172058738009831 
622	 0,171603648692252 
623	 0,171509783329176 
624	 0,171611137697594 
625	 0,171666419400722 
626	 0,171395321448647 
627	 0,171060632509489 
628	 0,171652617846446 
629	 0,172088794378187 
630	 0,171868463546315 
631	 0,171702641857247 
632	 0,171886565700846 
633	 0,172761228285677 
634	 0,173376504754793 
635	 0,173629933913505 
636	 0,174501045891679 
637	 0,175130567965529 
638	 0,174846495348074 
639	 0,174956030041432 
640	 0,175589025060721 
641	 0,176456391764005 
642	 0,177186287427887 
643	 0,177658154055643 
644	 0,178436920367252 
645	 0,179061495922795 
646	 0,178888184030191 
647	 0,178424315791268 
648	 0,177867898995976 
649	 0,1773030438837 
650	 0,177042445404838 
651	 0,177168634891568 
652	 0,176350919176363 
653	 0,175179411106866 
654	 0,175272952797728 
655	 0,175374294603106 
656	 0,175034365593641 
657	 0,174318170923989 
658	 0,173323882726796 
659	 0,17217359227347 
660	 0,171180267830813 
661	 0,170418800903985 
662	 0,169862523197821 
663	 0,169208952872062 
664	 0,168387318081386 
665	 0,16809286374645 
666	 0,168159113647796 
667	 0,168239974062251 
668	 0,167724104916416 
669	 0,166662640496938 
670	 0,165976753052428 
671	 0,165718632117152 
672	 0,165875434642198 
673	 0,165982273929052 
674	 0,16602212122908 
675	 0,16628944969072 
676	 0,166108106297931 
677	 0,165437664271652 
678	 0,165471926845064 
679	 0,166039652628619 
680	 0,166802963925793 
681	 0,167159154443248 
682	 0,167119286716319 
683	 0,167207017598634 
684	 0,167683817781955 
685	 0,168649413354983 
686	 0,169356828831437 
687	 0,170183892379588 
688	 0,171998886646181 
689	 0,173725112992149 
690	 0,175302510810728 
691	 0,177909279466112 
692	 0,181136145922752 
693	 0,18456020162181 
694	 0,188070751711025 
695	 0,1918837548739 
696	 0,196615191988069 
697	 0,201847350071539 
698	 0,207341863082864 
699	 0,212748812790361 
700	 0,218550053472991 
701	 0,225410909554133 
702	 0,231649896189031 
703	 0,237196554050259 
704	 0,243480127343834 
705	 0,249567465435059 
706	 0,254855455904392 
707	 0,259624725180646 
708	 0,264166897233604 
709	 0,268905083725726 
710	 0,273560041071064 
711	 0,277955862543768 
712	 0,281740199091948 
713	 0,285119229156666 
714	 0,288313462722784 
715	 0,291443820351464 
716	 0,294456323392862 
717	 0,297149481271798 
718	 0,299545796714505 
719	 0,301666267049923 
720	 0,303574522132108 
721	 0,305384684289301 
722	 0,307228881221684 
723	 0,309102595932742 
724	 0,310830701136777 
725	 0,311819820669084 
726	 0,312833904512614 
727	 0,314287895066915 
728	 0,315366717285604 
729	 0,316156511746364 
730	 0,317005417383051 
731	 0,317878160134874 
732	 0,318702900376508 
733	 0,319140331671658 
734	 0,319662664435112 
735	 0,320640773503969 
736	 0,32120109588549 
737	 0,321513460347072 
738	 0,322478223746496 
739	 0,323070310356471 
740	 0,323028514028111 
741	 0,323220971977315 
742	 0,323571100513058 
743	 0,323904925582897 
744	 0,32425186439823 
745	 0,324561328750182 
746	 0,324683103557461 
747	 0,32480896906131 
748	 0,325042599645413 
749	 0,325303887102585 
750	 0,325545149607813 
751	 0,325708817491599 
752	 0,325870557620148 
753	 0,326111743934759 
754	 0,326646773796725 
755	 0,327158565994048 
756	 0,327402673376752 
757	 0,327377904111032 
758	 0,32742242246236 
759	 0,328243280430615 
760	 0,328798479276703 
761	 0,328853232667582 
762	 0,329077968297486 
763	 0,329468900625219 
764	 0,329976125880199 
765	 0,330374203099021 
766	 0,330634541109797 
767	 0,330787863128127 
768	 0,331115047571667 
769	 0,331627868886463 
770	 0,331676001869801 
771	 0,33152403019537 
772	 0,331552089485659 
773	 0,331907171748391 
774	 0,332440943628862 
775	 0,332628060346874 
776	 0,332567916131723 
777	 0,332372837189573 
778	 0,332479043161817 
779	 0,332683863156416 
780	 0,332611225398752 
781	 0,332648271854169 
782	 0,332756384630529 
783	 0,332378022656708 
784	 0,3322435374809 
785	 0,332752097034538 
786	 0,332907325035311 
787	 0,332845343116687 
788	 0,333076252620825 
789	 0,333207996221963 
790	 0,333211430848842 
791	 0,333469321404949 
792	 0,333631618984293 
793	 0,333459519112399 
794	 0,333595738688278 
795	 0,333951283035954 
796	 0,334101464927293 
797	 0,334257607258649 
798	 0,33446816092993 
799	 0,334662394184078 
800	 0,334838381517606 
801	 0,335000516297236 
802	 0,335197107439867 
803	 0,335394605153282 
804	 0,335457070078014 
805	 0,335667649918211 
806	 0,336061085614717 
807	 0,336204491057648 
808	 0,336288391095439 
809	 0,336535189688527 
810	 0,336556974348302 
811	 0,336477429548442 
812	 0,336922970383014 
813	 0,336978140753926 
814	 0,336457387731053 
815	 0,336736763862459 
816	 0,337275687992451 
817	 0,337308510373286 
818	 0,337656496339232 
819	 0,338231102560189 
820	 0,338252533310398 
821	 0,338182543623866 
822	 0,338262774397005 
823	 0,338533717320657 
824	 0,338803247795577 
825	 0,338823820491517 
826	 0,33907617115143 
827	 0,33954264187011 
828	 0,339795671896895 
829	 0,340025449064027 
830	 0,340280565238625 
831	 0,340242835765421 
832	 0,340095427475406 
833	 0,340125064424956 
834	 0,340870378746809 
835	 0,342009750240323 
836	 0,342135573698296 
837	 0,341878080976068 
838	 0,341683883482659 
839	 0,34203292866878 
840	 0,342742490373407 
841	 0,343461509605971 
842	 0,343517689736226 
843	 0,34297993599349 
844	 0,342617653766607 
845	 0,342860930201402 
846	 0,343721179600917 
847	 0,343356722905178 
848	 0,342669724453127 
849	 0,343210015339216 
850	 0,34349517435064 
851	 0,34333818971549 
852	 0,343437155626928 
853	 0,34325830271125 
854	 0,342649735700631 
855	 0,342595872848548 
856	 0,342784941806028 
857	 0,34264180089222 
858	 0,342710576808131 
859	 0,342915877615569 
860	 0,342650236566243 
861	 0,342184805441037 
862	 0,341796493967982 
863	 0,342190691635556 
864	 0,342974031466265 
865	 0,343529208098989 
866	 0,343698232476305 
867	 0,34363007214401 
868	 0,34396082292618 
869	 0,344234990487256 
870	 0,344306474762469 
871	 0,344653895945605 
872	 0,345072275379042 
873	 0,345277630607386 
874	 0,345719903024775 
875	 0,346390859040075 
876	 0,347007640946413 
877	 0,34748836929811 
878	 0,347842482170247 
879	 0,34844369829118 
880	 0,348991489528763 
881	 0,349142492831313 
882	 0,349172854326062 
883	 0,349200667399838 
884	 0,349359451900021 
885	 0,349501849275535 
886	 0,349681120311816 
887	 0,350414060385141 
888	 0,351227698674826 
889	 0,351636124003632 
890	 0,351677602903222 
891	 0,351434561048363 
892	 0,351010044761152 
893	 0,351104717742285 
894	 0,351794772489075 
895	 0,352332907017908 
896	 0,352287846589894 
897	 0,351425144441944 
898	 0,35060625654129 
899	 0,350243455833683 
900	 0,350776202341964 
901	 0,350996779087279 
902	 0,35055930130557 
903	 0,349534182560082 
904	 0,349433243301931 
905	 0,350891637531796 
906	 0,351210557356033 
907	 0,350553225597806 
908	 0,349673916686216 
909	 0,349587967804407 
910	 0,350356777874128 
911	 0,35136041631719 
912	 0,351388132189993 
913	 0,35015567326771 
914	 0,349852400733102 
915	 0,350195380349121 
916	 0,350612740868114 
917	 0,350680201722771 
918	 0,350719429966198 
919	 0,351950044848459 
920	 0,352418668680275 
921	 0,351752418104583 
922	 0,351730378365458 
923	 0,351912650694661 
924	 0,351968807070682 
925	 0,353135469566885 
926	 0,354348573939064 
927	 0,353427144035565 
928	 0,352499063588027 
929	 0,352306712549275 
930	 0,353088213564498 
931	 0,353825628514299 
932	 0,353979579007353 
933	 0,35449983988885 
934	 0,355117965138358 
935	 0,35538169898105 
936	 0,356008005463345 
937	 0,356566815612299 
938	 0,355299297912869 
939	 0,354780666081765 
940	 0,355721091958864 
941	 0,356179936698389 
942	 0,355936589979659 
943	 0,355047206398291 
944	 0,355198711572986 
945	 0,355936273938461 
946	 0,355864959371029 
947	 0,355800761223072 
948	 0,355708639021696 
949	 0,354668662808781 
950	 0,353685770542353 
951	 0,353385939102345 
952	 0,353508499661548 
953	 0,353966321911369 
954	 0,354628872791394 
955	 0,354412291054732 
956	 0,353420452608994 
957	 0,352475738942579 
958	 0,352072517092353 
959	 0,352293735257433 
960	 0,352376295834447 
961	 0,352421503107829 
962	 0,352524814761986 
963	 0,352716675640227 
964	 0,352853212507808 
965	 0,352725169296322 
966	 0,352059050656998 
967	 0,351085662479476 
968	 0,350562656800594 
969	 0,350809838995812 
970	 0,351583869571793 
971	 0,350687412686844 
972	 0,350008155205642 
973	 0,351218546464589 
974	 0,351926853804621 
975	 0,351828685545031 
976	 0,351138709719908 
977	 0,351012819986671 
978	 0,351501772234155 
979	 0,351305311295128 
980	 0,351726882691889 
981	 0,353437691964124 
982	 0,356628644116925 
983	 0,358024899729692 
984	 0,354972540781999 
985	 0,355990152053332 
986	 0,359351717424674 
987	 0,35855969853482 
988	 0,357567309249544 
989	 0,357395236350509 
990	 0,357550651595694 
991	 0,358339130999198 
992	 0,359571607644501 
993	 0,359245313102392 
994	 0,358831226700876 
995	 0,359862671089312 
996	 0,359565842931461 
997	 0,358967913606343 
998	 0,361014532691543 
999	 0,362380200209365 
1000	 0,362331290279473 
1001	 0,361981617551202 
1002	 0,36097701245392 
1003	 0,359860690384379 
1004	 0,362112893978708 
1005	 0,365808647416122 
1006	 0,368567016943612 
1007	 0,369284170213217 
1008	 0,368314317405925 
1009	 0,366777342218738 
1010	 0,365753417941359 
1011	 0,365501481064693 
1012	 0,36543614631146 
1013	 0,365607999077811 
1014	 0,365915137125329 
1015	 0,365779276036653 
1016	 0,366407273473986 
1017	 0,368516181691481 
1018	 0,368916590011734 
1019	 0,36901971782014 
1020	 0,371532634437122 
1021	 0,371625632049939 
1022	 0,370640520686969 
1023	 0,375814981742185 
1024	 0,378651446282698 
1025	 0,376927008324626 
1026	 0,374908879210512 
1027	 0,374116261393285 
1028	 0,37504620679257 
1029	 0,373546172217545 
1030	 0,372094776353814 
1031	 0,373823491394 
1032	 0,374738675862518 
1033	 0,374756730385084 
1034	 0,37517735513529 
1035	 0,378535097683229 
1036	 0,383172946310471 
1037	 0,380683428607328 
1038	 0,378343475923783 
1039	 0,37816876968411 
1040	 0,371131065018404 
1041	 0,367197850980297 
1042	 0,373563106525174 
1043	 0,375036385107927 
1044	 0,373335357423139 
1045	 0,373775923227283 
1046	 0,377315483449768 
1047	 0,382778586279996 
1048	 0,386288270908136 
1049	 0,387855739692341 
1050	 0,388016238998644 
1051	 0,388725319343017 
1052	 0,388748531888426 
1053	 0,387804845758131 
1054	 0,388172458024495 
1055	 0,385713645362895 
1056	 0,378810322056803 
1057	 0,384540967692166 
1058	 0,393351623022106 
1059	 0,388427568377115 
1060	 0,385465444201586 
1061	 0,385228701570451 
1062	 0,381469856155259 
1063	 0,381890866637424 
1064	 0,385909530142474 
1065	 0,382431411775664 
1066	 0,382637116308034 
1067	 0,387809024704449 
1068	 0,374901814119462 
1069	 0,374357015992912 
1070	 0,403754077952277 
1071	 0,406359485569312 
1072	 0,399489413525796 
1073	 0,408650756702317 
1074	 0,412725025373861 
1075	 0,407800802603006 
