Wavelength	SCORFF200605.asd
325	 0,426995322805172 
326	 0,488662066686998 
327	 0,405456000330703 
328	 0,183225601866402 
329	 0,334824355668433 
330	 0,495647041825132 
331	 0,416962569263824 
332	 0,410729527656379 
333	 0,447803528336611 
334	 0,351514559857191 
335	 0,296424746830662 
336	 0,338382195622633 
337	 0,337184472148876 
338	 0,327479480199081 
339	 0,346853357900756 
340	 0,356714078560157 
341	 0,352684218198233 
342	 0,336734241499131 
343	 0,330908315529139 
344	 0,341443750352953 
345	 0,362897438226744 
346	 0,36478586132003 
347	 0,318595573172524 
348	 0,316166397362756 
349	 0,344889297620416 
350	 0,339814056508953 
351	 0,330427169130091 
352	 0,330861134378706 
353	 0,341533235956114 
354	 0,360192616618081 
355	 0,38497166017294 
356	 0,3691970178949 
357	 0,328259694090008 
358	 0,322284835967635 
359	 0,330417925361484 
360	 0,341165883105172 
361	 0,328614031016555 
362	 0,317418592577138 
363	 0,347068809416025 
364	 0,355644448274564 
365	 0,342623818476061 
366	 0,353621272641934 
367	 0,360745361619719 
368	 0,348541355081986 
369	 0,336257283182331 
370	 0,325539275591853 
371	 0,315865853382009 
372	 0,312716249899015 
373	 0,318735546908913 
374	 0,340038486852533 
375	 0,352279453948947 
376	 0,342612045294974 
377	 0,360951745352142 
378	 0,387925624076562 
379	 0,368037064471026 
380	 0,356899355654373 
381	 0,368833640949301 
382	 0,377437077692146 
383	 0,37502684317686 
384	 0,35827136880037 
385	 0,355940978705029 
386	 0,36587542721469 
387	 0,367120714215993 
388	 0,372476044623804 
389	 0,380884626921247 
390	 0,361083362636147 
391	 0,343482844383616 
392	 0,367619321107399 
393	 0,366004048385023 
394	 0,341914330567907 
395	 0,350758972381744 
396	 0,361041905793235 
397	 0,357626767333875 
398	 0,346898631642223 
399	 0,341944220861997 
400	 0,360791063280391 
401	 0,362512670714634 
402	 0,346137599836406 
403	 0,348168659642914 
404	 0,360213539419425 
405	 0,373725071055784 
406	 0,374072284137747 
407	 0,365452243634829 
408	 0,359322150519557 
409	 0,360488417790694 
410	 0,367156838781716 
411	 0,363636648335351 
412	 0,356209606268362 
413	 0,35173996028081 
414	 0,356988327842997 
415	 0,366518779442161 
416	 0,364501877074866 
417	 0,361671818729597 
418	 0,361869473259474 
419	 0,359675344156312 
420	 0,357477611076014 
421	 0,358735191443043 
422	 0,3634462246251 
423	 0,367911557062055 
424	 0,360698346107118 
425	 0,355057294686568 
426	 0,358058651370367 
427	 0,358122471539547 
428	 0,355506622700085 
429	 0,352915940302236 
430	 0,355922464002681 
431	 0,363216780000568 
432	 0,361936223281714 
433	 0,357753903471054 
434	 0,356280009169903 
435	 0,357750997535501 
436	 0,360094709999176 
437	 0,357872234705088 
438	 0,355582274566237 
439	 0,355137281587399 
440	 0,356033050459553 
441	 0,357197003867729 
442	 0,35735759422579 
443	 0,357445082563566 
444	 0,357698520041684 
445	 0,358427047740656 
446	 0,3579433897058 
447	 0,355632981197666 
448	 0,355363963730296 
449	 0,357364775829438 
450	 0,361252204653099 
451	 0,362974085755847 
452	 0,361485592459786 
453	 0,358747379088791 
454	 0,357555884171156 
455	 0,360083003705608 
456	 0,360499342938322 
457	 0,358796226360334 
458	 0,35797508862348 
459	 0,358308237704736 
460	 0,35977563842677 
461	 0,360744480612436 
462	 0,361342667719144 
463	 0,362014198737137 
464	 0,361286142947306 
465	 0,359620081728483 
466	 0,359425072467926 
467	 0,361016337312626 
468	 0,364214140115346 
469	 0,36614431220365 
470	 0,366301598744995 
471	 0,364590794516953 
472	 0,362576563318056 
473	 0,361486447047441 
474	 0,363601250908815 
475	 0,365740926077183 
476	 0,364815995676844 
477	 0,364774258884326 
478	 0,365363974320829 
479	 0,363538870094592 
480	 0,362080709905603 
481	 0,362135795334762 
482	 0,361552892723529 
483	 0,361614961063986 
484	 0,364585556829597 
485	 0,365529677608054 
486	 0,36418369690209 
487	 0,364982682065868 
488	 0,366469291981434 
489	 0,36734344127446 
490	 0,366738071489998 
491	 0,365414981025491 
492	 0,365353624939494 
493	 0,365841535308308 
494	 0,366165518629684 
495	 0,363516124057863 
496	 0,36160543340477 
497	 0,36467375314785 
498	 0,365624145461682 
499	 0,364232398194435 
500	 0,364997877492336 
501	 0,366281011798099 
502	 0,367150067984904 
503	 0,367869552624196 
504	 0,368277697964415 
505	 0,367949662622359 
506	 0,369000343875446 
507	 0,371122239871759 
508	 0,369994579417835 
509	 0,368720463707278 
510	 0,370135871972932 
511	 0,371406561209241 
512	 0,371813070483823 
513	 0,370835050388556 
514	 0,370329978581253 
515	 0,370949016391543 
516	 0,370893750491302 
517	 0,370630581816184 
518	 0,371038978543393 
519	 0,371748328488316 
520	 0,372491507400538 
521	 0,372793491799053 
522	 0,372570154591365 
523	 0,371903594587672 
524	 0,372161042315705 
525	 0,37311904542968 
526	 0,373959016637527 
527	 0,373809358828074 
528	 0,372685617957794 
529	 0,372601963010855 
530	 0,373180729886366 
531	 0,373790590533516 
532	 0,373094307219536 
533	 0,371478294494317 
534	 0,37101648325154 
535	 0,371467303246361 
536	 0,37240086309222 
537	 0,371280707880605 
538	 0,369649647701751 
539	 0,370992811976735 
540	 0,372031720744631 
541	 0,371947200810306 
542	 0,372012595884373 
543	 0,372254315695649 
544	 0,372641368773309 
545	 0,373203702177913 
546	 0,373728128570557 
547	 0,373664722594944 
548	 0,373489130615141 
549	 0,373491184017836 
550	 0,373805095092755 
551	 0,374400564460415 
552	 0,375227002714123 
553	 0,375741331781606 
554	 0,375771864176819 
555	 0,375456120722932 
556	 0,37501120925836 
557	 0,374623253913145 
558	 0,374261438142087 
559	 0,373869883341137 
560	 0,373228597523675 
561	 0,372963295121199 
562	 0,373165648755203 
563	 0,372633061855937 
564	 0,372089780495031 
565	 0,372624415418272 
566	 0,372555914828524 
567	 0,372025649775351 
568	 0,373024814871549 
569	 0,374523611744707 
570	 0,375683614024539 
571	 0,375834866530221 
572	 0,375751190442989 
573	 0,377375770406301 
574	 0,378943124072883 
575	 0,379829588275106 
576	 0,380375683279021 
577	 0,380726809496894 
578	 0,381037838579061 
579	 0,381572213582874 
580	 0,382254939365376 
581	 0,382596720727357 
582	 0,383034478215861 
583	 0,383800310205022 
584	 0,384541127274841 
585	 0,385430422307403 
586	 0,386910255750052 
587	 0,387904590386441 
588	 0,388298970902447 
589	 0,389336490205907 
590	 0,390066625231464 
591	 0,389666529721169 
592	 0,390424852846744 
593	 0,3920165128733 
594	 0,392286254999414 
595	 0,392486471745312 
596	 0,393082192361529 
597	 0,393156622888397 
598	 0,393261390717411 
599	 0,394362003453872 
600	 0,394957971414748 
601	 0,394642593673224 
602	 0,393596641193524 
603	 0,392795528520032 
604	 0,392991349957078 
605	 0,393607383972898 
606	 0,393987084843339 
607	 0,392809769273387 
608	 0,391683119464769 
609	 0,391224405997857 
610	 0,390960199545614 
611	 0,390701979239813 
612	 0,39026212545885 
613	 0,390184435856906 
614	 0,390477536612422 
615	 0,390790526428075 
616	 0,390759865858123 
617	 0,390221646374188 
618	 0,389955814798442 
619	 0,390033662298371 
620	 0,390369306650559 
621	 0,390515079336642 
622	 0,390423718884804 
623	 0,390808369741507 
624	 0,391058508756831 
625	 0,390538945563813 
626	 0,390059157549203 
627	 0,389916011721782 
628	 0,390424976850485 
629	 0,390814725417444 
630	 0,390759235134349 
631	 0,391195273664903 
632	 0,391691428402007 
633	 0,391341261666198 
634	 0,391620560679698 
635	 0,39272906822842 
636	 0,393654449359883 
637	 0,394119395984958 
638	 0,393999255415679 
639	 0,394539857091629 
640	 0,395585211335107 
641	 0,396129252091508 
642	 0,396593973675184 
643	 0,397119338607515 
644	 0,397644438813808 
645	 0,398113623809181 
646	 0,398468733438826 
647	 0,398188987732654 
648	 0,397402553231291 
649	 0,397023596554571 
650	 0,396578280191769 
651	 0,395780242710988 
652	 0,394945919434183 
653	 0,394410188705847 
654	 0,394821703659487 
655	 0,394805178803939 
656	 0,393922051010002 
657	 0,392643625833438 
658	 0,39149219856828 
659	 0,390944634281997 
660	 0,390016530744771 
661	 0,388763741335729 
662	 0,387954209041799 
663	 0,387290394567828 
664	 0,386634510291405 
665	 0,386120976103452 
666	 0,385510225493968 
667	 0,38439276680592 
668	 0,383729316481186 
669	 0,38367131623728 
670	 0,383675611522497 
671	 0,38336922385689 
672	 0,382549226601573 
673	 0,382414970708842 
674	 0,382774913664719 
675	 0,382691434426401 
676	 0,382391864745464 
677	 0,382006493292311 
678	 0,381825688293353 
679	 0,382080624599014 
680	 0,382987553981809 
681	 0,383549927383972 
682	 0,38379911741497 
683	 0,384661296465222 
684	 0,385759835570719 
685	 0,386851417429408 
686	 0,387768639299477 
687	 0,388937793290006 
688	 0,391148049863021 
689	 0,393486791279188 
690	 0,395800279628157 
691	 0,398815254473941 
692	 0,401897401681521 
693	 0,404526373783439 
694	 0,407952866732638 
695	 0,412062056294623 
696	 0,415950266441966 
697	 0,420000931356008 
698	 0,4243219713903 
699	 0,428730953029422 
700	 0,43312742281256 
701	 0,437419153096604 
702	 0,441567236046119 
703	 0,445554492863549 
704	 0,449415902730731 
705	 0,453110531129622 
706	 0,456608560883579 
707	 0,45994992262332 
708	 0,463010122990507 
709	 0,465501999376955 
710	 0,468118545649438 
711	 0,470916378834003 
712	 0,473006876091505 
713	 0,474938714562228 
714	 0,477224580307875 
715	 0,479208948543235 
716	 0,480873926812637 
717	 0,482534922472076 
718	 0,483929800437795 
719	 0,485023566406629 
720	 0,486221450945489 
721	 0,487501409994038 
722	 0,488785446200378 
723	 0,489720712479968 
724	 0,490318980861475 
725	 0,490914105856332 
726	 0,491598052881176 
727	 0,49239504745002 
728	 0,492961981028369 
729	 0,493326262881434 
730	 0,493611762023693 
731	 0,494051269645975 
732	 0,494601392927636 
733	 0,494690007780623 
734	 0,494792143144067 
735	 0,495304372253962 
736	 0,495537651277831 
737	 0,49567050523012 
738	 0,496576637381521 
739	 0,496883323821853 
740	 0,496296487666441 
741	 0,49637919899218 
742	 0,496703175233938 
743	 0,496632097514554 
744	 0,496691945317227 
745	 0,496891659384987 
746	 0,496956180790799 
747	 0,496769410681648 
748	 0,496379385820912 
749	 0,496615550726211 
750	 0,497087892096903 
751	 0,497039459011953 
752	 0,497203162708286 
753	 0,497611894858321 
754	 0,497626218348495 
755	 0,497631373103811 
756	 0,497881531682945 
757	 0,497877217198242 
758	 0,49784768929605 
759	 0,498405362397402 
760	 0,498998239849725 
761	 0,499433060806368 
762	 0,499779275947661 
763	 0,50004192058178 
764	 0,50023822553507 
765	 0,500526210017196 
766	 0,500927944554735 
767	 0,501447885421972 
768	 0,501769364786271 
769	 0,501817415050181 
770	 0,502086427847341 
771	 0,502200311163809 
772	 0,501692718471452 
773	 0,501540615719526 
774	 0,501798811200789 
775	 0,50191244262699 
776	 0,501906391251603 
777	 0,501806954124909 
778	 0,501840498035197 
779	 0,50185285739936 
780	 0,501581737810723 
781	 0,501365169394991 
782	 0,501244066944338 
783	 0,500981627373505 
784	 0,500840296331642 
785	 0,50095986295461 
786	 0,500954619396702 
787	 0,500901296232478 
788	 0,501060312322278 
789	 0,500928366695827 
790	 0,50054079799511 
791	 0,500670747429904 
792	 0,500964973401331 
793	 0,501127083845139 
794	 0,501350007492164 
795	 0,501574969086386 
796	 0,501599913765945 
797	 0,501830671026315 
798	 0,502343134277167 
799	 0,502799002731665 
800	 0,503130395311419 
801	 0,503273594051131 
802	 0,502960458338213 
803	 0,502455550940041 
804	 0,502455343002606 
805	 0,502821081298012 
806	 0,503418708810225 
807	 0,503789377640077 
808	 0,503880011395492 
809	 0,503700699811155 
810	 0,503687672054375 
811	 0,503869786505318 
812	 0,504074020004193 
813	 0,504005408005007 
814	 0,503630608085219 
815	 0,503592976790382 
816	 0,503805632063095 
817	 0,504081751934199 
818	 0,504105199935049 
819	 0,5039234842006 
820	 0,503941665805287 
821	 0,503928053908875 
822	 0,503851172006418 
823	 0,504263472905977 
824	 0,504504316044799 
825	 0,503699386160141 
826	 0,503898388693911 
827	 0,505037143502692 
828	 0,50522206993422 
829	 0,505593108596986 
830	 0,506531140290765 
831	 0,506564360355875 
832	 0,506210693858537 
833	 0,506379030026265 
834	 0,507005284639182 
835	 0,507855350601365 
836	 0,508250514693297 
837	 0,508304782644363 
838	 0,508174375458153 
839	 0,508616854978874 
840	 0,508901400835328 
841	 0,50790380542855 
842	 0,507446278697752 
843	 0,507733971124902 
844	 0,507747476321685 
845	 0,507894141796102 
846	 0,508303398937634 
847	 0,508446523210874 
848	 0,508203100214769 
849	 0,50750789651091 
850	 0,507259858010435 
851	 0,507514799005444 
852	 0,507670122857974 
853	 0,507448811729236 
854	 0,506746314660461 
855	 0,506037491438809 
856	 0,505603961604257 
857	 0,505722387889151 
858	 0,50581890226564 
859	 0,505645216531505 
860	 0,504898263410717 
861	 0,504437739424111 
862	 0,504683858650381 
863	 0,505084314388306 
864	 0,505351247588602 
865	 0,505210743100935 
866	 0,505232725987106 
867	 0,505616423354786 
868	 0,506615033270269 
869	 0,507023372889146 
870	 0,506477538236892 
871	 0,506683101152332 
872	 0,5073153779467 
873	 0,507786255206185 
874	 0,508396255712147 
875	 0,509076518316833 
876	 0,50950405456908 
877	 0,509890037958693 
878	 0,510379863089729 
879	 0,511281005366899 
880	 0,512041366644988 
881	 0,512071269825827 
882	 0,512042439480724 
883	 0,512041429069102 
884	 0,511805058940869 
885	 0,512057959240652 
886	 0,512921050261071 
887	 0,513573586512015 
888	 0,513798112329097 
889	 0,513531156459153 
890	 0,514081722136008 
891	 0,514805724819078 
892	 0,513705809566514 
893	 0,513048997111055 
894	 0,513435482031851 
895	 0,514041376637291 
896	 0,513993023985438 
897	 0,512731365848315 
898	 0,511498545576421 
899	 0,510959751131255 
900	 0,511878778897179 
901	 0,512421101278424 
902	 0,51212778973973 
903	 0,511567720665846 
904	 0,511360729158816 
905	 0,511741400222813 
906	 0,511366794951308 
907	 0,510440863737972 
908	 0,509505436752999 
909	 0,509362049477296 
910	 0,510028257189669 
911	 0,51096646688175 
912	 0,511133929301919 
913	 0,510191140080993 
914	 0,509409597793604 
915	 0,509560481239617 
916	 0,511199785476632 
917	 0,511384758211095 
918	 0,510712823085326 
919	 0,51255202710064 
920	 0,512887020739299 
921	 0,511065971659087 
922	 0,510914668886509 
923	 0,511585717968979 
924	 0,512211006622187 
925	 0,512968295824802 
926	 0,513400257389942 
927	 0,512699523085526 
928	 0,512685409205831 
929	 0,513603486908999 
930	 0,514269983985051 
931	 0,514527109730066 
932	 0,514424669636306 
933	 0,514994663475334 
934	 0,516101024054103 
935	 0,517359994025639 
936	 0,517097083695671 
937	 0,516017688125532 
938	 0,517371502737758 
939	 0,517681311908105 
940	 0,516293715128537 
941	 0,517109053209931 
942	 0,518126997156069 
943	 0,517534129181499 
944	 0,517641803506915 
945	 0,518210845120905 
946	 0,518135284768297 
947	 0,517695225953686 
948	 0,517009398145154 
949	 0,516198136934027 
950	 0,515663636535287 
951	 0,515617144733827 
952	 0,515688683767457 
953	 0,515742770876738 
954	 0,515675983092825 
955	 0,515670365144582 
956	 0,515661937415232 
957	 0,515515305192487 
958	 0,514385479266355 
959	 0,512702496265096 
960	 0,513727122987302 
961	 0,514834105508615 
962	 0,514193272176374 
963	 0,515086711956539 
964	 0,516112445742947 
965	 0,514553381028682 
966	 0,514508288672894 
967	 0,515815936225493 
968	 0,514682507853016 
969	 0,51340442639743 
970	 0,513034029811153 
971	 0,513534791403183 
972	 0,514287571692881 
973	 0,514703327792695 
974	 0,515014746259245 
975	 0,514903102762025 
976	 0,513757320652173 
977	 0,513556164423989 
978	 0,514416773911578 
979	 0,514645098817328 
980	 0,514534642315891 
981	 0,514655912973516 
982	 0,517658158591674 
983	 0,520004720123671 
984	 0,518345804627863 
985	 0,518813699430594 
986	 0,520569123001015 
987	 0,519756688846772 
988	 0,519069233825989 
989	 0,51912907127831 
990	 0,519288303253913 
991	 0,519682219414989 
992	 0,520340295098227 
993	 0,521002691966029 
994	 0,522082208105238 
995	 0,523755686566567 
996	 0,522128012017166 
997	 0,519499525427321 
998	 0,521690953824423 
999	 0,523006704463777 
1000	 0,52253882597557 
1001	 0,523188335121428 
1002	 0,523275983156414 
1003	 0,522505468403527 
1004	 0,524057930876607 
1005	 0,525954213656551 
1006	 0,526127469495951 
1007	 0,526531500615074 
1008	 0,527186589466889 
1009	 0,527602788822311 
1010	 0,526668140549598 
1011	 0,524948209237008 
1012	 0,524965476200103 
1013	 0,526833855217701 
1014	 0,529564201944098 
1015	 0,528072359470237 
1016	 0,526007167558601 
1017	 0,526635796952083 
1018	 0,527896749663797 
1019	 0,528578968072772 
1020	 0,527402040319253 
1021	 0,528261997945697 
1022	 0,531346345654026 
1023	 0,535108838935219 
1024	 0,534200218838854 
1025	 0,528785162735162 
1026	 0,528775879715707 
1027	 0,531219571294963 
1028	 0,533645824286508 
1029	 0,534781955032619 
1030	 0,534607446498882 
1031	 0,53343971931823 
1032	 0,531284121322128 
1033	 0,529771641978793 
1034	 0,531759533563423 
1035	 0,536825802437282 
1036	 0,541835450478488 
1037	 0,536453211244491 
1038	 0,53340386243061 
1039	 0,536620779134326 
1040	 0,533101344041905 
1041	 0,529694083657939 
1042	 0,531834151120963 
1043	 0,530494993962901 
1044	 0,527832761973725 
1045	 0,52857183740806 
1046	 0,536888906812913 
1047	 0,546850887626932 
1048	 0,541749982404807 
1049	 0,539150238754103 
1050	 0,542190072428386 
1051	 0,541236507273532 
1052	 0,541122336067631 
1053	 0,542736427182911 
1054	 0,536255865402461 
1055	 0,534584862951732 
1056	 0,546711027643119 
1057	 0,550227460342231 
1058	 0,544856034267494 
1059	 0,535468024243529 
1060	 0,533340300456204 
1061	 0,536831037042185 
1062	 0,535779087720442 
1063	 0,535336121732319 
1064	 0,536980121859751 
1065	 0,541408963757307 
1066	 0,543787009064466 
1067	 0,540814853388104 
1068	 0,527264770579482 
1069	 0,521725893361879 
1070	 0,535148555805682 
1071	 0,530509484724387 
1072	 0,523338054620903 
1073	 0,534561679232372 
1074	 0,53901099109517 
1075	 0,539756612692346 
