Wavelength	SCORFF200228.asd
325	 0,308014929806292 
326	 0,208616066890312 
327	 0,117343278029249 
328	 0,110568442749432 
329	 0,179277726666062 
330	 0,21071746056624 
331	 0,130988729315089 
332	 5,46877550734845E-02 
333	 2,58055414004692E-02 
334	 3,83451411357804E-02 
335	 0,113989522188698 
336	 0,182689666637754 
337	 0,132951561809478 
338	 2,14582282410461E-02 
339	-5,02076847321939E-02 
340	 6,16461238822308E-03 
341	 9,53672922083927E-02 
342	 4,00786377207291E-02 
343	 2,58442554994269E-02 
344	 7,88777105314065E-02 
345	 0,054161746002907 
346	 2,89888757538587E-02 
347	 0,080232414259169 
348	 0,100565587385759 
349	 9,40512702609495E-02 
350	 0,122797155939396 
351	 0,130446124337132 
352	 9,94903379106052E-02 
353	 7,11633028315783E-02 
354	 5,69683852516039E-02 
355	 6,99292092286707E-02 
356	 7,85529754857646E-02 
357	 7,37345423884017E-02 
358	 5,61956063885988E-02 
359	 5,25604081896904E-02 
360	 6,71353527130191E-02 
361	 3,18386270162983E-02 
362	 2,95861577055019E-03 
363	 7,06846989588049E-02 
364	 8,74719990662265E-02 
365	 5,21775579540183E-02 
366	 7,71696291826181E-02 
367	 8,72215758879583E-02 
368	 4,41960283227323E-02 
369	 2,71102162838229E-02 
370	 3,18188747103065E-02 
371	 3,23479689299058E-02 
372	 3,18080957320739E-02 
373	 3,18594468954958E-02 
374	 3,94752842391749E-02 
375	 4,89665545097918E-02 
376	 5,61632065077691E-02 
377	 5,57521579144788E-02 
378	 4,87750141542258E-02 
379	 3,83050260344194E-02 
380	 2,96807550769326E-02 
381	 2,69595640067525E-02 
382	 3,64502230132227E-02 
383	 4,71996542483159E-02 
384	 4,98344299627798E-02 
385	 4,33827832553461E-02 
386	 3,54085164116553E-02 
387	 4,54112386317179E-02 
388	 5,40580694166282E-02 
389	 5,25572883266792E-02 
390	 4,02391745445135E-02 
391	 3,10172258759286E-02 
392	 4,20268141251505E-02 
393	 3,31226178111958E-02 
394	 0,01165488445351 
395	 2,87176749260306E-02 
396	 3,86430271670374E-02 
397	 2,44306811990629E-02 
398	 3,52311877455289E-02 
399	 0,055528267164782 
400	 5,69637558331093E-02 
401	 4,31897892636719E-02 
402	 2,36431355048562E-02 
403	 2,50724829150717E-02 
404	 3,54458169544417E-02 
405	 4,40760146702332E-02 
406	 3,73660960385816E-02 
407	 2,69188232925823E-02 
408	 4,08219364736005E-02 
409	 5,05002038967144E-02 
410	 4,83152806908501E-02 
411	 4,22090515650466E-02 
412	 3,45551860323089E-02 
413	 0,027577888631084 
414	 0,030255018471866 
415	 3,84291353914856E-02 
416	 3,84705407837175E-02 
417	 3,76356307707293E-02 
418	 3,82883336755324E-02 
419	 0,036871947203201 
420	 3,39231002667644E-02 
421	 0,030371990740009 
422	 3,40458532860898E-02 
423	 4,21880486320721E-02 
424	 4,09106165928753E-02 
425	 3,72857570480902E-02 
426	 3,57571903427695E-02 
427	 3,64233672113925E-02 
428	 3,69988668500965E-02 
429	 3,27651648280276E-02 
430	 3,36491115863921E-02 
431	 3,99634388459636E-02 
432	 3,98042044165989E-02 
433	 3,82934992098076E-02 
434	 4,01413920532651E-02 
435	 4,01225648398075E-02 
436	 3,86092130072331E-02 
437	 3,88134598649523E-02 
438	 3,84589652800131E-02 
439	 3,71964305900659E-02 
440	 3,85631545470571E-02 
441	 3,99373422871212E-02 
442	 3,77156766913915E-02 
443	 3,77386568144862E-02 
444	 4,00008795219512E-02 
445	 3,97049696642091E-02 
446	 3,88825096710182E-02 
447	 3,87811737754339E-02 
448	 3,88290434089379E-02 
449	 0,038799826547952 
450	 0,038223831495242 
451	 3,93010718713975E-02 
452	 4,18592229103086E-02 
453	 4,21285097894248E-02 
454	 4,09737103367713E-02 
455	 3,94350509220765E-02 
456	 0,038509738635466 
457	 0,037783975139292 
458	 3,47349751081723E-02 
459	 3,52997324506952E-02 
460	 0,04068961443031 
461	 4,16753573329869E-02 
462	 4,02079265571114E-02 
463	 4,01357747178891E-02 
464	 3,85256003951832E-02 
465	 3,58090039438615E-02 
466	 0,035241159721623 
467	 0,036501412332645 
468	 3,88907468389671E-02 
469	 3,84008954586842E-02 
470	 3,70003477998348E-02 
471	 4,00998093441953E-02 
472	 0,040403693336699 
473	 3,73594798576105E-02 
474	 4,00521090864525E-02 
475	 4,36909804399571E-02 
476	 4,32189825845595E-02 
477	 4,21396934208387E-02 
478	 0,040877488274619 
479	 3,83654304749492E-02 
480	 3,68956638631647E-02 
481	 3,74850908349437E-02 
482	 3,87175827223013E-02 
483	 3,99376407277232E-02 
484	 4,05051122183249E-02 
485	 4,11925608632342E-02 
486	 4,16831443028089E-02 
487	 3,97542184684081E-02 
488	 3,89990835434772E-02 
489	 0,041833690197667 
490	 4,34746178205235E-02 
491	 4,32668207977327E-02 
492	 0,041540265915049 
493	 3,97290861826543E-02 
494	 3,88192822955789E-02 
495	 4,00462060436775E-02 
496	 4,21959912020273E-02 
497	 4,37848496328822E-02 
498	 4,30246503010414E-02 
499	 0,04080823365334 
500	 4,10131043976544E-02 
501	 4,21273986557638E-02 
502	 4,30360387649938E-02 
503	 4,18172881958066E-02 
504	 4,04793172856796E-02 
505	 0,042974625399943 
506	 4,52184081851314E-02 
507	 4,55859043615771E-02 
508	 4,27845841669996E-02 
509	 4,05685258484457E-02 
510	 4,21642270603632E-02 
511	 4,31012011475673E-02 
512	 4,31912538946558E-02 
513	 4,44718026766293E-02 
514	 4,49109184512074E-02 
515	 4,38841619317366E-02 
516	 4,32940964501097E-02 
517	 4,33202073243855E-02 
518	 4,39319092688883E-02 
519	 4,38622626786125E-02 
520	 4,33075066845314E-02 
521	 4,44307327652642E-02 
522	 4,51726132480133E-02 
523	 4,42018118986739E-02 
524	 4,41838849320059E-02 
525	 4,50457394815038E-02 
526	 4,57095728524573E-02 
527	 0,046125834149892 
528	 4,62589159896492E-02 
529	 4,64160582534965E-02 
530	 4,64146930724338E-02 
531	 4,60287530623661E-02 
532	 4,59186546405629E-02 
533	 4,61179170828583E-02 
534	 0,046116906204502 
535	 4,65502369649559E-02 
536	 4,75485255291835E-02 
537	 4,68973490950782E-02 
538	 0,045713182729012 
539	 4,66110355422466E-02 
540	 4,70610549937301E-02 
541	 4,65888713773789E-02 
542	 4,68022235157121E-02 
543	 4,72740013364769E-02 
544	 0,047514560116618 
545	 4,75974131928457E-02 
546	 4,77107145840746E-02 
547	 4,84542838839212E-02 
548	 4,87543789034275E-02 
549	 4,82415016526481E-02 
550	 4,83690492368336E-02 
551	 4,87606850032874E-02 
552	 4,85522682953318E-02 
553	 4,87852862960276E-02 
554	 4,93809229711581E-02 
555	 4,87966786217496E-02 
556	 4,83056745131079E-02 
557	 4,89200388949538E-02 
558	 4,91485009860032E-02 
559	 4,90310224594388E-02 
560	 4,94298630146884E-02 
561	 4,94092635447973E-02 
562	 4,88622078251004E-02 
563	 4,95688723844973E-02 
564	 5,03679343919455E-02 
565	 0,049540845747402 
566	 4,92806200930939E-02 
567	 4,98285559915828E-02 
568	 4,99260031252083E-02 
569	 4,99492461536017E-02 
570	 0,050175391823746 
571	 5,06223594312475E-02 
572	 0,051207301126695 
573	 0,05175327383326 
574	 5,22950921229166E-02 
575	 5,28087112587729E-02 
576	 5,33739959500468E-02 
577	 5,32305374169561E-02 
578	 5,16022978105148E-02 
579	 5,12928898164821E-02 
580	 5,24162070830537E-02 
581	 5,32215558282353E-02 
582	 5,32920570461404E-02 
583	 5,25824657919408E-02 
584	 5,31594028449737E-02 
585	 5,43267537057142E-02 
586	 5,44056442210312E-02 
587	 5,40772785385752E-02 
588	 5,37982753578952E-02 
589	 5,47051466267669E-02 
590	 5,56196001735345E-02 
591	 5,54258125743675E-02 
592	 5,50415885989237E-02 
593	 5,48163814275423E-02 
594	 5,51446221920175E-02 
595	 5,56014128105022E-02 
596	 5,59426220285163E-02 
597	 5,60371796863483E-02 
598	 5,61068828931616E-02 
599	 5,65237468013202E-02 
600	 5,65044245260882E-02 
601	 5,60162287969112E-02 
602	 5,57851333572354E-02 
603	 5,57747607230237E-02 
604	 5,59420783925542E-02 
605	 5,63387833471296E-02 
606	 5,65754256627872E-02 
607	 5,56553601130825E-02 
608	 5,50251191201581E-02 
609	 5,51549889683322E-02 
610	 5,51318931814334E-02 
611	 5,50573782366114E-02 
612	 5,51493791733812E-02 
613	 5,48470969568049E-02 
614	 5,43314863946856E-02 
615	 5,46453193920301E-02 
616	 5,50928859131162E-02 
617	 5,51720210651577E-02 
618	 5,46192408532424E-02 
619	 5,40753117888285E-02 
620	 5,48991623921213E-02 
621	 5,55521877622049E-02 
622	 5,55698903987939E-02 
623	 5,54458589862376E-02 
624	 5,52494642245774E-02 
625	 5,50376903947777E-02 
626	 5,50544326402528E-02 
627	 5,52229965081865E-02 
628	 5,51294104925468E-02 
629	 5,51448979858894E-02 
630	 5,54308275082702E-02 
631	 5,57311441876298E-02 
632	 0,055860824453223 
633	 5,55656579983805E-02 
634	 5,54904447561174E-02 
635	 5,57789337009123E-02 
636	 5,60931721329858E-02 
637	 5,64961061974938E-02 
638	 5,70110753738093E-02 
639	 5,71308064457063E-02 
640	 5,70371602008909E-02 
641	 5,74295091450582E-02 
642	 5,78397122956994E-02 
643	 5,80567114890077E-02 
644	 0,057942914008416 
645	 5,79957428332824E-02 
646	 5,88696047920061E-02 
647	 5,89211436428099E-02 
648	 5,80805114965558E-02 
649	 0,057567966542644 
650	 5,75442116930423E-02 
651	 5,80081111620944E-02 
652	 5,77722583872231E-02 
653	 5,72300326273218E-02 
654	 5,76354668818225E-02 
655	 5,75799708294647E-02 
656	 5,67797821705192E-02 
657	 5,62997357282443E-02 
658	 5,58832047174159E-02 
659	 5,52134886210074E-02 
660	 0,054680559351248 
661	 5,43568952405367E-02 
662	 5,42402012753016E-02 
663	 5,39343590350488E-02 
664	 5,33291318316273E-02 
665	 5,32738263856917E-02 
666	 5,33787446546957E-02 
667	 5,28783241068342E-02 
668	 5,26044135984241E-02 
669	 5,26339596956601E-02 
670	 5,22670080940789E-02 
671	 5,20002429260282E-02 
672	 5,22247724629813E-02 
673	 5,25585356959737E-02 
674	 5,28030526576913E-02 
675	 5,27092404282594E-02 
676	 5,23266209823094E-02 
677	 5,18766766932311E-02 
678	 5,23878983494556E-02 
679	 5,31614444606116E-02 
680	 5,32803091779417E-02 
681	 0,05347566124539 
682	 5,37567087688596E-02 
683	 5,35496100548645E-02 
684	 5,36502882967518E-02 
685	 5,44539237891456E-02 
686	 5,49818989379987E-02 
687	 5,54346035998708E-02 
688	 5,64270381796765E-02 
689	 5,72767530997445E-02 
690	 5,79024344456166E-02 
691	 5,88783623717239E-02 
692	 6,00776366706686E-02 
693	 0,061376326919612 
694	 6,29857833410185E-02 
695	 6,47833285239284E-02 
696	 6,63151115315045E-02 
697	 0,068247563726779 
698	 7,07734237547001E-02 
699	 7,31978495524089E-02 
700	 7,57029052780265E-02 
701	 7,86148379125011E-02 
702	 8,09403291123899E-02 
703	 8,28106073389545E-02 
704	 8,55785410364323E-02 
705	 8,82899724396003E-02 
706	 9,03518997831717E-02 
707	 9,22223973802691E-02 
708	 9,41454551442196E-02 
709	 9,64621453022916E-02 
710	 9,85126302561568E-02 
711	 0,100147022679156 
712	 0,101729953447348 
713	 0,103287707447415 
714	 0,104814044151722 
715	 0,106009564194871 
716	 0,107031612449019 
717	 0,108477229401204 
718	 0,109671067988678 
719	 0,110395770020335 
720	 0,111159137186778 
721	 0,11205632878786 
722	 0,113143159994497 
723	 0,113802813666504 
724	 0,114091940968538 
725	 0,114743949516409 
726	 0,11541845935568 
727	 0,115906801456382 
728	 0,116326986099084 
729	 0,116670343542354 
730	 0,116874346825651 
731	 0,117296558193906 
732	 0,117939062450546 
733	 0,118283954275271 
734	 0,118601572413491 
735	 0,119108560603997 
736	 0,119170614956558 
737	 0,119130710127149 
738	 0,120202702687612 
739	 0,120864552916044 
740	 0,120645654780358 
741	 0,120437941442172 
742	 0,120563330306459 
743	 0,121282137391004 
744	 0,121737241143303 
745	 0,121823988150785 
746	 0,121915366603321 
747	 0,122009284773635 
748	 0,122135919408147 
749	 0,122416997861752 
750	 0,122693132474151 
751	 0,122700273170243 
752	 0,122772545438493 
753	 0,123028967565746 
754	 0,123561068811405 
755	 0,12394374674712 
756	 0,123902529070747 
757	 0,123972517230009 
758	 0,124206807189408 
759	 0,124531115751568 
760	 0,124846196931275 
761	 0,125107031100972 
762	 0,125307018336446 
763	 0,125583354454857 
764	 0,126044996318381 
765	 0,126370130476239 
766	 0,126484805290643 
767	 0,126342566831827 
768	 0,126337907771155 
769	 0,126585878812415 
770	 0,126635255635667 
771	 0,126694132001455 
772	 0,12704213739798 
773	 0,127357270516146 
774	 0,127599160952609 
775	 0,127930817922178 
776	 0,128077050464921 
777	 0,127927667947652 
778	 0,127757270075472 
779	 0,127765019579848 
780	 0,128180158670469 
781	 0,128539239352588 
782	 0,128649166686209 
783	 0,128290480128087 
784	 0,128218349203648 
785	 0,128860694777211 
786	 0,129306203719891 
787	 0,129458953596401 
788	 0,129387795280395 
789	 0,129485806866329 
790	 0,129770965933468 
791	 0,129732269980605 
792	 0,129578995182899 
793	 0,129522743159808 
794	 0,129823740167881 
795	 0,130305864609471 
796	 0,130519010928315 
797	 0,130555491117324 
798	 0,130549705512224 
799	 0,131077459162771 
800	 0,131427411069997 
801	 0,130973298232154 
802	 0,130892552121857 
803	 0,131229375243045 
804	 0,131516095714081 
805	 0,13174119369209 
806	 0,131844595730927 
807	 0,131632199111131 
808	 0,131706523748507 
809	 0,132643953274979 
810	 0,132686210177827 
811	 0,132086498271369 
812	 0,132642257858433 
813	 0,133085721559385 
814	 0,132969601732033 
815	 0,132957466758663 
816	 0,133087435650553 
817	 0,133331927390119 
818	 0,133485498944024 
819	 0,133502243745896 
820	 0,133402025057068 
821	 0,133350497957187 
822	 0,13344567807031 
823	 0,133728369332369 
824	 0,133885787721011 
825	 0,13353474779964 
826	 0,133820556440383 
827	 0,134591997740854 
828	 0,134444261754626 
829	 0,134315909171888 
830	 0,134665949157422 
831	 0,135154854331655 
832	 0,135389474077717 
833	 0,13490473505866 
834	 0,134898740479508 
835	 0,135432035296645 
836	 0,135618151938556 
837	 0,135847226468987 
838	 0,136238714540508 
839	 0,136190232707158 
840	 0,135967286243596 
841	 0,136031781380214 
842	 0,135940639184463 
843	 0,135674591130584 
844	 0,135448748841114 
845	 0,13562046526738 
846	 0,136239357534408 
847	 0,136106666764314 
848	 0,135874397303303 
849	 0,136638872408603 
850	 0,136761021816834 
851	 0,136227653143134 
852	 0,13648147503308 
853	 0,136351006967392 
854	 0,135454409724786 
855	 0,13566506050352 
856	 0,136460258621462 
857	 0,136842654086021 
858	 0,136839667030092 
859	 0,136530105339651 
860	 0,136235825854218 
861	 0,135931634610624 
862	 0,135686322879109 
863	 0,135847171452448 
864	 0,136297542852324 
865	 0,136828838445712 
866	 0,137229227764055 
867	 0,13745257999253 
868	 0,13766877324003 
869	 0,137397123590599 
870	 0,1366125611 
871	 0,136600853963304 
872	 0,136857237774345 
873	 0,136651902812294 
874	 0,137042308611202 
875	 0,137984672305638 
876	 0,138783893347443 
877	 0,139217378807861 
878	 0,139206799853641 
879	 0,139128252549272 
880	 0,139068192638761 
881	 0,139087674096513 
882	 0,13929662356712 
883	 0,139526527212045 
884	 0,139233765177256 
885	 0,139188870452973 
886	 0,139635759390511 
887	 0,140283632655339 
888	 0,140601173811804 
889	 0,140183571284431 
890	 0,140192652980454 
891	 0,140421887440976 
892	 0,139857860178672 
893	 0,139902818022504 
894	 0,14073307959442 
895	 0,141106877625818 
896	 0,140808768634331 
897	 0,139799111129949 
898	 0,138908455160565 
899	 0,138695706322319 
900	 0,139856474170214 
901	 0,140569204195047 
902	 0,140438281856192 
903	 0,140348206870305 
904	 0,140098232480589 
905	 0,139657679533538 
906	 0,139612994450652 
907	 0,139832439500018 
908	 0,140017030792526 
909	 0,140149806926743 
910	 0,140336356810868 
911	 0,141141769983527 
912	 0,140953922540989 
913	 0,139440667708837 
914	 0,13949134394342 
915	 0,140224837305126 
916	 0,140375705490062 
917	 0,140304670652112 
918	 0,140303600417336 
919	 0,14105878096824 
920	 0,141390086140506 
921	 0,140992671633597 
922	 0,140545809859262 
923	 0,140472793101778 
924	 0,141065658749488 
925	 0,141863150404262 
926	 0,142341822659432 
927	 0,14175614469294 
928	 0,14128764051469 
929	 0,141304654267479 
930	 0,141756778741461 
931	 0,141977467746809 
932	 0,141641101096166 
933	 0,141496803478742 
934	 0,141536533662067 
935	 0,141656604363363 
936	 0,142988071554295 
937	 0,144570940137228 
938	 0,143005195618387 
939	 0,142050484267165 
940	 0,142757960127572 
941	 0,142271699224647 
942	 0,141956944520597 
943	 0,1430209612161 
944	 0,143705767030343 
945	 0,143919961651139 
946	 0,144105232920627 
947	 0,143632652922132 
948	 0,142447878311258 
949	 0,140740572947133 
950	 0,140112386116614 
951	 0,141266474228169 
952	 0,14231086053143 
953	 0,142161952261873 
954	 0,139990356372975 
955	 0,140074674546761 
956	 0,141930982559536 
957	 0,141927728088538 
958	 0,141156239123779 
959	 0,14011714200652 
960	 0,139462673638808 
961	 0,139894285161104 
962	 0,141577040735996 
963	 0,141646487920879 
964	 0,140560256630392 
965	 0,139679172061828 
966	 0,140066280195292 
967	 0,141391818657084 
968	 0,141736506399478 
969	 0,141382060272856 
970	 0,140662938165308 
971	 0,140998268643645 
972	 0,140873150684043 
973	 0,139112545477577 
974	 0,139380476478239 
975	 0,140534528612373 
976	 0,13941014591895 
977	 0,139213811829001 
978	 0,140368345289853 
979	 0,141316441961516 
980	 0,141414081102179 
981	 0,14083459103233 
982	 0,143060463206712 
983	 0,144298820313826 
984	 0,141004544699241 
985	 0,140810076441177 
986	 0,143502217428645 
987	 0,145942722902704 
988	 0,1452985824447 
989	 0,142566352098082 
990	 0,145179423080952 
991	 0,146323382875244 
992	 0,143267715976078 
993	 0,142417614956904 
994	 0,143876426305532 
995	 0,146716227552064 
996	 0,145250862606054 
997	 0,142175364844983 
998	 0,14492437547636 
999	 0,145545794574395 
1000	 0,143869631328355 
1001	 0,147991604485719 
1002	 0,149441051869561 
1003	 0,145394188584128 
1004	 0,145807660823435 
1005	 0,148129822043126 
1006	 0,1490066010917 
1007	 0,148214016121065 
1008	 0,14769031449266 
1009	 0,151024920199362 
1010	 0,150857694968716 
1011	 0,146918827424575 
1012	 0,144697950644405 
1013	 0,145445501513201 
1014	 0,148576746866694 
1015	 0,147302973607143 
1016	 0,145578006963756 
1017	 0,146887834727531 
1018	 0,148172098058714 
1019	 0,148841296481687 
1020	 0,148698435160697 
1021	 0,148802696135221 
1022	 0,149384086722919 
1023	 0,150414475899373 
1024	 0,150108029240435 
1025	 0,149044871432292 
1026	 0,15318805271364 
1027	 0,154865329695923 
1028	 0,150265911828822 
1029	 0,150797632409427 
1030	 0,153977857775023 
1031	 0,155327319583254 
1032	 0,153529543882411 
1033	 0,15126424218308 
1034	 0,154481235390547 
1035	 0,157818532438887 
1036	 0,158680021737988 
1037	 0,153128689529166 
1038	 0,152915371677423 
1039	 0,159789463709681 
1040	 0,151588255849133 
1041	 0,14684473897957 
1042	 0,158919005372001 
1043	 0,157716712591956 
1044	 0,151476747690519 
1045	 0,156529869929892 
1046	 0,157176987194478 
1047	 0,157324464975729 
1048	 0,174485115558133 
1049	 0,175447921297281 
1050	 0,157871573766656 
1051	 0,15416664087962 
1052	 0,155608012472288 
1053	 0,156946486811797 
1054	 0,152723665431038 
1055	 0,156985309115963 
1056	 0,177458222401066 
1057	 0,176510144566905 
1058	 0,162654607834301 
1059	 0,156187585536643 
1060	 0,15299472211359 
1061	 0,151081049564529 
1062	 0,14601809567651 
1063	 0,15279819780076 
1064	 0,167373199901947 
1065	 0,159560901169656 
1066	 0,147836042812652 
1067	 0,141185182588578 
1068	 0,134711874788479 
1069	 0,144582195707693 
1070	 0,174633955905505 
1071	 0,168557743308762 
1072	 0,15249493799655 
1073	 0,162105935199911 
1074	 0,171662233127398 
1075	 0,17433426871194 
