Wavelength	SCORFF200892.asd
325	 0,296073231916576 
326	 0,325991791196503 
327	 0,207840601406076 
328	 1,89358226238912E-02 
329	 0,143366203205784 
330	 0,257112280607235 
331	 0,135582444369055 
332	 7,75983096936086E-02 
333	 9,45824155924009E-02 
334	 6,38481349250623E-02 
335	 0,132890018529463 
336	 0,253308685344204 
337	 0,230849218816731 
338	 0,128555352916068 
339	 3,89696772348942E-02 
340	 7,59389971709245E-02 
341	 0,14073670038103 
342	 1,01002997833794E-02 
343	 6,97344591476151E-03 
344	 0,14869458332282 
345	 9,24861464389535E-02 
346	 1,63699793262286E-03 
347	 4,39287908768731E-02 
348	 7,61571135079104E-02 
349	 7,90757558340039E-02 
350	 6,67851691918252E-02 
351	 8,11986911880853E-02 
352	 0,119873565379772 
353	 8,73987550839473E-02 
354	 3,37974510135562E-02 
355	 2,07605892175385E-02 
356	 3,09875669971291E-02 
357	 5,43045827109545E-02 
358	 8,06623363133454E-02 
359	 9,62609892761034E-02 
360	 9,06930795039562E-02 
361	 2,79689636955223E-02 
362	-2,40043329952982E-02 
363	 3,50639429606157E-02 
364	 7,69637742777027E-02 
365	 8,44461547769788E-02 
366	 0,096639111596438 
367	 9,15180069184721E-02 
368	 6,01701744000177E-02 
369	 3,40898691315091E-02 
370	 1,88395724550248E-02 
371	 1,94402243335374E-02 
372	 1,29939518177506E-02 
373	 3,48896632281793E-03 
374	 4,12974242576944E-02 
375	 6,56528159462814E-02 
376	 3,88097307715714E-02 
377	 3,94338914911454E-02 
378	 5,95224127419178E-02 
379	 5,76103488603793E-02 
380	 4,24401491797922E-02 
381	 2,38993299503959E-02 
382	 4,27515259329985E-02 
383	 5,99760425851338E-02 
384	 4,16812284262657E-02 
385	 3,42466738477163E-02 
386	 3,95333478971983E-02 
387	 3,75696172448476E-02 
388	 4,62474692138921E-02 
389	 6,22459454707184E-02 
390	 3,22953036863045E-02 
391	 6,75499835220889E-04 
392	 2,64120369462653E-02 
393	 2,83530428330614E-02 
394	 7,14342745509366E-03 
395	 1,99664993634443E-02 
396	 2,99188557691079E-02 
397	 2,18546830061369E-02 
398	 2,33551292648302E-02 
399	 3,02233711741904E-02 
400	 3,26461763793938E-02 
401	 0,025821500856557 
402	 1,41434065635614E-02 
403	 1,56001355247134E-02 
404	 2,56282388615489E-02 
405	 3,82569918386207E-02 
406	 3,38274461604329E-02 
407	 2,24839423075906E-02 
408	 3,05387484192291E-02 
409	 3,62271094712862E-02 
410	 3,37255796593703E-02 
411	 2,85387823128775E-02 
412	 2,00952117669294E-02 
413	 8,51896256211859E-03 
414	 1,30242716806172E-02 
415	 2,62627694946798E-02 
416	 2,10532716949521E-02 
417	 2,06527167300273E-02 
418	 3,08650512337073E-02 
419	 2,71227744577104E-02 
420	 1,86255079387125E-02 
421	 1,95665253643461E-02 
422	 2,10422725752059E-02 
423	 2,15492493621205E-02 
424	 2,31502194797721E-02 
425	 2,34646812662629E-02 
426	 2,14645662722684E-02 
427	 2,12933024673344E-02 
428	 2,20639203291609E-02 
429	 2,10682278054725E-02 
430	 2,07609450724478E-02 
431	 2,15778284784718E-02 
432	 2,23943945475981E-02 
433	 2,23325446946614E-02 
434	 2,09094605402469E-02 
435	 0,022615523412745 
436	 2,52940717423928E-02 
437	 2,11958604747838E-02 
438	 0,018641874790929 
439	 0,020414706873278 
440	 2,14557480751723E-02 
441	 2,01437961583961E-02 
442	 1,51012207326526E-02 
443	 0,015406394553314 
444	 2,09829087157047E-02 
445	 0,024426475159719 
446	 2,42679250271139E-02 
447	 2,01828225417443E-02 
448	 0,018378388974927 
449	 1,86573177966353E-02 
450	 1,88248613569307E-02 
451	 1,87179630332899E-02 
452	 1,84708672269568E-02 
453	 1,97474926090546E-02 
454	 2,01241231666486E-02 
455	 1,75237187774857E-02 
456	 0,016149355265709 
457	 1,63060971110108E-02 
458	 1,62516419279325E-02 
459	 1,70055500089945E-02 
460	 1,88512256542962E-02 
461	 2,14196850203574E-02 
462	 2,28047654311921E-02 
463	 2,06841261055699E-02 
464	 1,72463449138988E-02 
465	 1,43230335545653E-02 
466	 1,53227393723216E-02 
467	 1,83401293884604E-02 
468	 2,14499855822593E-02 
469	 2,05010236318466E-02 
470	 1,78375415417274E-02 
471	 1,94802347594174E-02 
472	 1,94434648849403E-02 
473	 1,70442850551021E-02 
474	 1,84539133703852E-02 
475	 2,00175805169552E-02 
476	 1,80368942054973E-02 
477	 1,74534793152789E-02 
478	 1,83880901080378E-02 
479	 1,84502556098954E-02 
480	 1,78866343620712E-02 
481	 1,70404877568089E-02 
482	 1,78609710750376E-02 
483	 1,88207312501031E-02 
484	 1,73481422539251E-02 
485	 1,75547567305203E-02 
486	 1,93501346450076E-02 
487	 1,79389808130986E-02 
488	 0,016860715253041 
489	 1,85877679582675E-02 
490	 1,89082724470618E-02 
491	 1,79321159228424E-02 
492	 0,017516393648436 
493	 1,66500059479351E-02 
494	 1,55660865159688E-02 
495	 1,69557078036203E-02 
496	 1,87844285231492E-02 
497	 1,85955554167537E-02 
498	 1,85316632181458E-02 
499	 1,87392371656185E-02 
500	 1,82287623310351E-02 
501	 1,73896838355715E-02 
502	 1,65583668725082E-02 
503	 1,63833840061375E-02 
504	 1,67009462189998E-02 
505	 1,70489751956157E-02 
506	 0,017774186549195 
507	 1,85471066737384E-02 
508	 1,76276719458389E-02 
509	 1,67833647452501E-02 
510	 1,75976477054364E-02 
511	 1,83925579944249E-02 
512	 1,88120715102809E-02 
513	 1,89434456861309E-02 
514	 1,84275744014035E-02 
515	 0,01735301973187 
516	 1,72176409475188E-02 
517	 1,74193524363594E-02 
518	 1,69165415123272E-02 
519	 1,61992133971632E-02 
520	 1,57255607243902E-02 
521	 1,66684962020523E-02 
522	 1,76912075155367E-02 
523	 1,78039042102378E-02 
524	 0,017487322796235 
525	 1,71133855303368E-02 
526	 1,73521829574894E-02 
527	 1,74394029602735E-02 
528	 1,71532725405985E-02 
529	 1,68438400328461E-02 
530	 1,65761226277076E-02 
531	 1,63890880344198E-02 
532	 1,57412619123659E-02 
533	 1,51282066375129E-02 
534	 0,016531675181265 
535	 1,76507969099413E-02 
536	 1,72263899996773E-02 
537	 1,70237814861351E-02 
538	 0,017033398785514 
539	 1,67493732723487E-02 
540	 1,67719894693336E-02 
541	 1,70521069840032E-02 
542	 1,64845408549214E-02 
543	 1,58514515419135E-02 
544	 1,59426711007419E-02 
545	 1,59981873609623E-02 
546	 1,61472963780745E-02 
547	 1,73785050269136E-02 
548	 1,77330818580277E-02 
549	 1,65691627021119E-02 
550	 1,67664736897366E-02 
551	 0,01760264308025 
552	 1,74415924402372E-02 
553	 1,74265421576485E-02 
554	 1,76109089033729E-02 
555	 1,70086453156215E-02 
556	 1,61676009499267E-02 
557	 1,56321098111965E-02 
558	 1,60847568873854E-02 
559	 1,69904845451913E-02 
560	 1,66999613434846E-02 
561	 1,65617609914761E-02 
562	 1,68958798583058E-02 
563	 1,63103225750692E-02 
564	 1,53068955617533E-02 
565	 1,46805531340774E-02 
566	 1,51924663027006E-02 
567	 1,64681084001592E-02 
568	 1,64527080312584E-02 
569	 1,63428803900074E-02 
570	 1,68649845993272E-02 
571	 1,64461873974845E-02 
572	 1,55510649649358E-02 
573	 1,56086440928512E-02 
574	 1,60846301148893E-02 
575	 1,68094389835406E-02 
576	 1,79010068513716E-02 
577	 1,84725042817825E-02 
578	 1,75948858229635E-02 
579	 1,72054465406231E-02 
580	 1,75155090319273E-02 
581	 1,75987756349868E-02 
582	 1,76844354793047E-02 
583	 1,78611270527952E-02 
584	 1,78494612377154E-02 
585	 1,79170313296258E-02 
586	 1,86773802465908E-02 
587	 1,84775708515123E-02 
588	 1,73181689310548E-02 
589	 0,017563093835843 
590	 1,82721869153065E-02 
591	 1,84603729286994E-02 
592	 1,82717479424624E-02 
593	 1,79558410680559E-02 
594	 1,81141175841461E-02 
595	 1,84933296369942E-02 
596	 1,89167973567715E-02 
597	 1,90666125650274E-02 
598	 1,89776403741505E-02 
599	 1,87679759175356E-02 
600	 0,018457601276639 
601	 1,81248901716472E-02 
602	 1,78985726632206E-02 
603	 0,017960136171068 
604	 1,84104904360755E-02 
605	 1,88500905394562E-02 
606	 1,89290522192513E-02 
607	 1,79429888159307E-02 
608	 0,017208508136362 
609	 1,72066863022063E-02 
610	 1,73000437201004E-02 
611	 1,73740440313958E-02 
612	 0,017358195450337 
613	 1,71635986886628E-02 
614	 1,68164578516302E-02 
615	 1,63565450351754E-02 
616	 1,64505919800089E-02 
617	 1,73606269842272E-02 
618	 1,72794985594917E-02 
619	 1,68207561438764E-02 
620	 1,78173929442729E-02 
621	 1,81919521176908E-02 
622	 1,75194681959201E-02 
623	 1,72563771218681E-02 
624	 1,71492349713339E-02 
625	 1,68686122964177E-02 
626	 1,69435375726449E-02 
627	 1,73039410200853E-02 
628	 1,74078555231828E-02 
629	 1,76900567970629E-02 
630	 1,82290054601668E-02 
631	 1,79394725367796E-02 
632	 1,74190072341927E-02 
633	 1,78454851834919E-02 
634	 1,79078791893235E-02 
635	 1,75329460952734E-02 
636	 1,80600392736295E-02 
637	 1,86128935086481E-02 
638	 1,84503561395138E-02 
639	 0,018313228270143 
640	 1,84663555703453E-02 
641	 1,93147882769295E-02 
642	 1,97220282186822E-02 
643	 1,93741288593964E-02 
644	 1,95480878245473E-02 
645	 1,99966339762346E-02 
646	 2,02448175074967E-02 
647	 2,02847590182998E-02 
648	 2,01124071359814E-02 
649	 1,96906031230843E-02 
650	 0,019653010230375 
651	 2,02908224229589E-02 
652	 2,00810346908012E-02 
653	 1,94315653020747E-02 
654	 1,96590291784415E-02 
655	 1,98319316725704E-02 
656	 1,96969496803983E-02 
657	 1,96293594821302E-02 
658	 0,019319007337342 
659	 1,84624061033152E-02 
660	 1,79301314812867E-02 
661	 1,78021997728445E-02 
662	 1,76931164856038E-02 
663	 1,76208474505278E-02 
664	 1,75863344502877E-02 
665	 1,76369521283756E-02 
666	 1,77620543291776E-02 
667	 1,79417728071521E-02 
668	 1,80888401563114E-02 
669	 1,82057442821501E-02 
670	 1,84556743895941E-02 
671	 1,86095489750052E-02 
672	 1,84988654584178E-02 
673	 1,84217790382371E-02 
674	 1,84115090512814E-02 
675	 1,84414224825492E-02 
676	 1,82575908165932E-02 
677	 1,79131785186583E-02 
678	 1,82597983055714E-02 
679	 1,88037019222433E-02 
680	 1,88861292607632E-02 
681	 0,0190411555391 
682	 0,019242520050403 
683	 0,019004680063256 
684	 0,018814442991784 
685	 1,89799599109404E-02 
686	 1,94437338302607E-02 
687	 1,99464454238755E-02 
688	 2,00506033481633E-02 
689	 2,02055779209018E-02 
690	 2,05489241049911E-02 
691	 2,09463509576264E-02 
692	 2,16126058795439E-02 
693	 2,27359480261431E-02 
694	 2,41472249710296E-02 
695	 2,57628875685649E-02 
696	 2,74036953355332E-02 
697	 2,95395561219721E-02 
698	 3,23639399479566E-02 
699	 3,56190067074753E-02 
700	 3,92635493303424E-02 
701	 0,043281431363916 
702	 4,76111455830277E-02 
703	 5,22982031006898E-02 
704	 5,76734984282386E-02 
705	 6,29844131734909E-02 
706	 6,78192331928467E-02 
707	 7,30718369274252E-02 
708	 7,88406846464799E-02 
709	 8,51239207571129E-02 
710	 9,07065041593021E-02 
711	 9,55096793494082E-02 
712	 0,101152252346572 
713	 0,106892479739497 
714	 0,111991142120654 
715	 0,116979741321887 
716	 0,12181697071957 
717	 0,126162436409728 
718	 0,130344719695694 
719	 0,134508659783675 
720	 0,138609420219921 
721	 0,142462805779127 
722	 0,145859603476199 
723	 0,148879141042245 
724	 0,151599040421519 
725	 0,154168346912044 
726	 0,156575230444694 
727	 0,158833097892025 
728	 0,161088860972661 
729	 0,163190813257086 
730	 0,164823036534338 
731	 0,166505611215758 
732	 0,168289537705167 
733	 0,169664421067393 
734	 0,170862910888259 
735	 0,172084455908865 
736	 0,172959261282024 
737	 0,17371952231144 
738	 0,17515710326526 
739	 0,176193895957734 
740	 0,176552167748402 
741	 0,177231247212936 
742	 0,177904307465622 
743	 0,178112919914914 
744	 0,178327491961574 
745	 0,178756967264223 
746	 0,179765025520185 
747	 0,180294621374757 
748	 0,179961504366669 
749	 0,180485436118984 
750	 0,181387388284905 
751	 0,181615457671667 
752	 0,181856133673934 
753	 0,182286143916024 
754	 0,182891965808708 
755	 0,183392366487512 
756	 0,183582324199426 
757	 0,183584510774798 
758	 0,18361327839837 
759	 0,184030344140558 
760	 0,184602951338277 
761	 0,185145450341229 
762	 0,185193772483843 
763	 0,185302515041427 
764	 0,18597005223021 
765	 0,186324855362063 
766	 0,186278678589765 
767	 0,185936766605621 
768	 0,186201604494968 
769	 0,187213484820949 
770	 0,187376893767299 
771	 0,187186119425789 
772	 0,187381703283444 
773	 0,187551903462918 
774	 0,187717822063762 
775	 0,188212994576954 
776	 0,188601495657844 
777	 0,188642716924667 
778	 0,188452901487519 
779	 0,188183335078224 
780	 0,188018913469426 
781	 0,188223417573305 
782	 0,188636047563705 
783	 0,188359279336574 
784	 0,188339638479607 
785	 0,189083658454115 
786	 0,189267266645959 
787	 0,18905274451447 
788	 0,189068972667529 
789	 0,189087193660699 
790	 0,189101401271666 
791	 0,189313431204386 
792	 0,189404405788985 
793	 0,189180187190388 
794	 0,189455555584544 
795	 0,190018039250869 
796	 0,190149648205294 
797	 0,190064817077596 
798	 0,189901353319644 
799	 0,190015130935839 
800	 0,19018508085616 
801	 0,190192532572144 
802	 0,190202335000765 
803	 0,190311533001743 
804	 0,190673518923288 
805	 0,191170188319432 
806	 0,191647369877051 
807	 0,191578411970883 
808	 0,191549767421322 
809	 0,192185063065635 
810	 0,192427884496834 
811	 0,19233300739041 
812	 0,192705167125845 
813	 0,192955503217865 
814	 0,192924786886611 
815	 0,193228582568783 
816	 0,193483379749328 
817	 0,193200511018786 
818	 0,193276513137314 
819	 0,193720811308406 
820	 0,193974400854699 
821	 0,193904769493286 
822	 0,193573454203456 
823	 0,193881557935667 
824	 0,194430800702636 
825	 0,194594431928687 
826	 0,194679306358128 
827	 0,194825786450076 
828	 0,195321843677761 
829	 0,195500459020661 
830	 0,195161770710819 
831	 0,195465898625931 
832	 0,196147620711371 
833	 0,196668283053025 
834	 0,197042275509976 
835	 0,197208939422216 
836	 0,196999053677367 
837	 0,19698577064487 
838	 0,19742680405463 
839	 0,19768089086803 
840	 0,197751753112161 
841	 0,197755981897776 
842	 0,197668989338332 
843	 0,19754109707535 
844	 0,197464668347269 
845	 0,197681733670088 
846	 0,19818224224079 
847	 0,197886054705122 
848	 0,197445296642459 
849	 0,197933562762534 
850	 0,198072672452003 
851	 0,197794829183808 
852	 0,198028455201288 
853	 0,197991425761877 
854	 0,197395890420485 
855	 0,197308265124049 
856	 0,197502851340994 
857	 0,197506085135776 
858	 0,197608665434228 
859	 0,197740105182231 
860	 0,19746428979506 
861	 0,197314749758624 
862	 0,197553099916353 
863	 0,197901465799114 
864	 0,198147508616945 
865	 0,198068761973662 
866	 0,197921776518668 
867	 0,197983370422175 
868	 0,198975140704069 
869	 0,199370670971482 
870	 0,198664677426969 
871	 0,198691837859481 
872	 0,199149288384642 
873	 0,199472979981619 
874	 0,200443469624731 
875	 0,201648083263621 
876	 0,201458198422898 
877	 0,201465138275084 
878	 0,2021771249615 
879	 0,202301338313333 
880	 0,202340878898756 
881	 0,202898699114051 
882	 0,203061845050357 
883	 0,202961661838406 
884	 0,203404326859976 
885	 0,203974474277529 
886	 0,204433927962592 
887	 0,204379999462729 
888	 0,204215341521915 
889	 0,204362918516463 
890	 0,205002182798026 
891	 0,20558529339479 
892	 0,204782460713069 
893	 0,204656607051454 
894	 0,205591922032952 
895	 0,206152086697472 
896	 0,205904554406959 
897	 0,204708198512069 
898	 0,204181659889301 
899	 0,204332032884374 
900	 0,204672159879754 
901	 0,204703299539797 
902	 0,204386180132449 
903	 0,204197606332619 
904	 0,20460361472599 
905	 0,205612841063342 
906	 0,205054698676891 
907	 0,203989290321333 
908	 0,204283290020077 
909	 0,204318886394555 
910	 0,204194833204933 
911	 0,2056555293237 
912	 0,205957159498586 
913	 0,204245055135913 
914	 0,203738039115026 
915	 0,204321720236446 
916	 0,205434316338815 
917	 0,205294840247853 
918	 0,204349018597358 
919	 0,204803910070947 
920	 0,204949370592934 
921	 0,204445006642412 
922	 0,204538775279231 
923	 0,204634478609976 
924	 0,204304671101908 
925	 0,204912047296939 
926	 0,205791134138118 
927	 0,205433556184176 
928	 0,204367553846789 
929	 0,20320407145542 
930	 0,203480975344739 
931	 0,20418355095727 
932	 0,204598470785333 
933	 0,204540645887455 
934	 0,203928060284951 
935	 0,202784939378824 
936	 0,203836120808997 
937	 0,205816744201931 
938	 0,203308800294143 
939	 0,201542875761528 
940	 0,202106513274782 
941	 0,20201932088814 
942	 0,201255854023701 
943	 0,200022601539987 
944	 0,199333899441465 
945	 0,198851418320695 
946	 0,197560789095205 
947	 0,197127442000279 
948	 0,197389286871782 
949	 0,196010295407735 
950	 0,194296373655167 
951	 0,193144550107707 
952	 0,192978522496942 
953	 0,192827716988954 
954	 0,191540393365699 
955	 0,191151753942266 
956	 0,191294491818897 
957	 0,189927234227854 
958	 0,188398128940261 
959	 0,187341650084884 
960	 0,187284149641254 
961	 0,18757111478415 
962	 0,18750298502673 
963	 0,18583109971685 
964	 0,184075990543669 
965	 0,184734117361974 
966	 0,184511977882391 
967	 0,183471522584399 
968	 0,184531714623238 
969	 0,185220733939643 
970	 0,18457632350745 
971	 0,183586538969882 
972	 0,182813413237021 
973	 0,182703576163291 
974	 0,182830624926104 
975	 0,183397379852301 
976	 0,184933164954251 
977	 0,185032749715967 
978	 0,183846059246296 
979	 0,184392973856541 
980	 0,185015125553971 
981	 0,185045417567942 
982	 0,185681872853183 
983	 0,186018299887872 
984	 0,185187447369192 
985	 0,184770934700609 
986	 0,185385732746053 
987	 0,187671749252105 
988	 0,187951545783943 
989	 0,186329767955462 
990	 0,187401332816124 
991	 0,188710966052587 
992	 0,189054743315955 
993	 0,189270984216862 
994	 0,190156549565896 
995	 0,192222222512674 
996	 0,191999377687541 
997	 0,190789293437822 
998	 0,192402454879497 
999	 0,193073663357183 
1000	 0,192567125088084 
1001	 0,194152399732317 
1002	 0,194240295145829 
1003	 0,192104752813127 
1004	 0,19462514984502 
1005	 0,197436814104588 
1006	 0,196122472509948 
1007	 0,19599147725707 
1008	 0,197678238266906 
1009	 0,200703869630957 
1010	 0,201063476086382 
1011	 0,198359145400097 
1012	 0,194485063788756 
1013	 0,195625048776011 
1014	 0,20255535027233 
1015	 0,204075834792236 
1016	 0,201515727379564 
1017	 0,197505540377651 
1018	 0,199867757294814 
1019	 0,203247807255189 
1020	 0,198194749486471 
1021	 0,199457151675011 
1022	 0,206341577058322 
1023	 0,207069078426986 
1024	 0,208006762594844 
1025	 0,209935521906764 
1026	 0,207116530676981 
1027	 0,205082271518948 
1028	 0,207062322316161 
1029	 0,20741043904031 
1030	 0,207873449141051 
1031	 0,210757252450923 
1032	 0,209590515762003 
1033	 0,20688969754412 
1034	 0,210162456441234 
1035	 0,21229396295935 
1036	 0,212211082870358 
1037	 0,213463604515861 
1038	 0,215332452836369 
1039	 0,216615440592843 
1040	 0,212683272098431 
1041	 0,210323847819825 
1042	 0,213953693435053 
1043	 0,208425214007033 
1044	 0,203953834903117 
1045	 0,216187293053591 
1046	 0,221213239347434 
1047	 0,219567667566794 
1048	 0,225537771832088 
1049	 0,226630123157173 
1050	 0,221846002972101 
1051	 0,22178918432375 
1052	 0,220583445492811 
1053	 0,216642844142953 
1054	 0,217275694034986 
1055	 0,223208699128069 
1056	 0,232339847211307 
1057	 0,228440133332179 
1058	 0,219311702396449 
1059	 0,219580654529717 
1060	 0,22086697248329 
1061	 0,220834568244403 
1062	 0,217472390038823 
1063	 0,224506655506361 
1064	 0,238892672862618 
1065	 0,234497544989399 
1066	 0,228740735262718 
1067	 0,227326272986447 
1068	 0,213480234973599 
1069	 0,210047790300012 
1070	 0,231122576878445 
1071	 0,239180861616672 
1072	 0,237303438571363 
1073	 0,234470443773024 
1074	 0,243189157056751 
1075	 0,247487580617973 
