Wavelength	SCORFF200546.asd
325	 0,337917485265226 
326	 0,301457507370133 
327	 0,25444602906048 
328	 0,222156158247757 
329	 0,210729141020823 
330	 0,258412657986056 
331	 0,383386734014349 
332	 0,258252137370044 
333	 6,05435272416393E-02 
334	 0,16462819368515 
335	 0,285384830724249 
336	 0,28458669442276 
337	 0,258774617392887 
338	 0,232429760910366 
339	 0,242584106359997 
340	 0,271189633357501 
341	 0,294667613364744 
342	 0,280860795641293 
343	 0,304766661008604 
344	 0,357493965248966 
345	 0,33997320130814 
346	 0,289215942491551 
347	 0,247638154603708 
348	 0,261390670315956 
349	 0,306596160478216 
350	 0,315469232773704 
351	 0,336166083718831 
352	 0,366771920313303 
353	 0,321330163558235 
354	 0,269403820647969 
355	 0,29639382560227 
356	 0,323881426901735 
357	 0,331294071500539 
358	 0,328753601281645 
359	 0,329368622799549 
360	 0,335510017919027 
361	 0,310854930210283 
362	 0,29395224486033 
363	 0,343787347215935 
364	 0,36731443569153 
365	 0,356510216662915 
366	 0,351978505129458 
367	 0,348468222204558 
368	 0,342348152578081 
369	 0,328504824949412 
370	 0,316004516247381 
371	 0,325210060744402 
372	 0,322511400746717 
373	 0,307673752791962 
374	 0,322031428248328 
375	 0,337900784490063 
376	 0,335956950337024 
377	 0,330738506954793 
378	 0,328788905988208 
379	 0,33818050811048 
380	 0,347401329463596 
381	 0,353241618512614 
382	 0,363170037602989 
383	 0,36382846737701 
384	 0,345394873405157 
385	 0,34084233638067 
386	 0,351079929748515 
387	 0,361569017443744 
388	 0,371925829182525 
389	 0,378196367989905 
390	 0,369486646501244 
391	 0,355740456831969 
392	 0,350775957840162 
393	 0,342557908215329 
394	 0,334689048946494 
395	 0,346491363210869 
396	 0,357656877238818 
397	 0,358830123576018 
398	 0,356901006216778 
399	 0,358121638594532 
400	 0,371377106136598 
401	 0,366382998093703 
402	 0,346371274806664 
403	 0,35182306011762 
404	 0,360182002066091 
405	 0,356603186360883 
406	 0,359241486457143 
407	 0,366443433100969 
408	 0,370617608169472 
409	 0,370188029429903 
410	 0,366174477063095 
411	 0,366596690818947 
412	 0,364488640204634 
413	 0,354008058974181 
414	 0,354824249802085 
415	 0,364338672536937 
416	 0,368493934410971 
417	 0,367106226464685 
418	 0,361043474175409 
419	 0,356760749001233 
420	 0,357407077638593 
421	 0,366010311592164 
422	 0,371093492450715 
423	 0,370327710007461 
424	 0,366078413396316 
425	 0,363008429705781 
426	 0,363751971698531 
427	 0,364964038110883 
428	 0,365412019052793 
429	 0,363615766308701 
430	 0,363984393310991 
431	 0,366913953895293 
432	 0,368331382146842 
433	 0,367987663186845 
434	 0,366033478533448 
435	 0,366049612721512 
436	 0,366624147381648 
437	 0,361793178297588 
438	 0,359863136952111 
439	 0,363326230236749 
440	 0,364807822201022 
441	 0,364955807838435 
442	 0,365475621124576 
443	 0,366281953959679 
444	 0,366799425474404 
445	 0,364914926191924 
446	 0,363482681352493 
447	 0,364216825879365 
448	 0,365240541381472 
449	 0,366455296662544 
450	 0,368192297526253 
451	 0,370311475238857 
452	 0,372143956824578 
453	 0,371145041056495 
454	 0,369875092189613 
455	 0,370701061697659 
456	 0,371119087342527 
457	 0,370927787522115 
458	 0,370695746426267 
459	 0,371569042396544 
460	 0,373416008914692 
461	 0,372268246662382 
462	 0,369645863215539 
463	 0,36804058557083 
464	 0,367495060209856 
465	 0,368024260150069 
466	 0,369212991294102 
467	 0,370942507041907 
468	 0,372960289886361 
469	 0,374651340771682 
470	 0,375165141318991 
471	 0,372576740748903 
472	 0,37347154063132 
473	 0,378153478951957 
474	 0,3771420622228 
475	 0,374420546997659 
476	 0,374346392866793 
477	 0,374818279333286 
478	 0,375166004755792 
479	 0,374613425397419 
480	 0,373809645886198 
481	 0,373280232016521 
482	 0,374257874472118 
483	 0,375517659380307 
484	 0,375092622919892 
485	 0,375275709953129 
486	 0,376490018379839 
487	 0,377857544200821 
488	 0,37942283582348 
489	 0,380979737270691 
490	 0,380293343619406 
491	 0,37824743659365 
492	 0,377770951738946 
493	 0,376045617736937 
494	 0,373160529908545 
495	 0,374464088052668 
496	 0,376874197077408 
497	 0,376549699545962 
498	 0,377424700916969 
499	 0,379052407402877 
500	 0,377381862719932 
501	 0,375922292694104 
502	 0,376651408859701 
503	 0,378164302561032 
504	 0,379569925118988 
505	 0,379644217062122 
506	 0,380289137790792 
507	 0,381652425899563 
508	 0,381860825922322 
509	 0,381413721215331 
510	 0,380922182950398 
511	 0,381546570749694 
512	 0,383082498324885 
513	 0,38466933806788 
514	 0,384970469381411 
515	 0,383682993986389 
516	 0,383234341792256 
517	 0,383247743220806 
518	 0,382764507189013 
519	 0,383898463934732 
520	 0,386202326336626 
521	 0,38622506155346 
522	 0,385720505922077 
523	 0,386018811031371 
524	 0,386670687085736 
525	 0,387303427854899 
526	 0,387288266098328 
527	 0,386771891636347 
528	 0,386143417453386 
529	 0,387093655567687 
530	 0,388365874438694 
531	 0,388405186617774 
532	 0,387109900055151 
533	 0,385349511904967 
534	 0,385789866547339 
535	 0,386558385031216 
536	 0,386505051270409 
537	 0,38594666371662 
538	 0,385197406404919 
539	 0,384632205883916 
540	 0,385172277809983 
541	 0,386618432069579 
542	 0,386613578115749 
543	 0,386340759726794 
544	 0,387020313854484 
545	 0,387154172866312 
546	 0,386968141757989 
547	 0,387944473025965 
548	 0,388865574264241 
549	 0,389122038126645 
550	 0,388952983819341 
551	 0,388830142048755 
552	 0,389453634247824 
553	 0,389608893612099 
554	 0,389169207527604 
555	 0,389110226518179 
556	 0,389210396054912 
557	 0,389227899927915 
558	 0,388720779942954 
559	 0,38794240538686 
560	 0,387687905685095 
561	 0,387579476987822 
562	 0,387466389261217 
563	 0,387269909222645 
564	 0,38720562635066 
565	 0,3875673473203 
566	 0,387734611114758 
567	 0,387626514246716 
568	 0,387353796131087 
569	 0,388140735394581 
570	 0,390558168028998 
571	 0,391182711708181 
572	 0,390909796380455 
573	 0,393009372900871 
574	 0,394530849860281 
575	 0,394657747699801 
576	 0,394888849036392 
577	 0,395193184368015 
578	 0,39543087756218 
579	 0,395896366472054 
580	 0,396741043595059 
581	 0,398245824225092 
582	 0,399619341241194 
583	 0,400398401118023 
584	 0,400843592058034 
585	 0,40164693793898 
586	 0,404048836653502 
587	 0,405331279069119 
588	 0,405123211447172 
589	 0,405902571128105 
590	 0,406985701637584 
591	 0,407634897975605 
592	 0,408027319972949 
593	 0,408430073243418 
594	 0,409570220432114 
595	 0,410328725750779 
596	 0,410305705464366 
597	 0,410697998844885 
598	 0,411298750762048 
599	 0,411616648267162 
600	 0,411632200042776 
601	 0,41139887751279 
602	 0,411187839040646 
603	 0,410998329058597 
604	 0,410812040235432 
605	 0,410502894354524 
606	 0,409989536255761 
607	 0,409014557214078 
608	 0,408596975874103 
609	 0,408888321557254 
610	 0,40819486528902 
611	 0,407272906526844 
612	 0,40721601873129 
613	 0,406967000367453 
614	 0,406509671417584 
615	 0,40664705520055 
616	 0,406881439359889 
617	 0,406879932651611 
618	 0,406679332396086 
619	 0,406586952238188 
620	 0,407241369607125 
621	 0,407613495248002 
622	 0,407421527585772 
623	 0,407137167227837 
624	 0,406956095734036 
625	 0,407045289701491 
626	 0,40726223666961 
627	 0,407476291927054 
628	 0,407399331975129 
629	 0,407460991520301 
630	 0,40781734067697 
631	 0,407777375351108 
632	 0,407799930518898 
633	 0,408754491589688 
634	 0,409556626901961 
635	 0,410078064815513 
636	 0,411264352840039 
637	 0,4123387831214 
638	 0,412658287761309 
639	 0,412978912911608 
640	 0,413507732345638 
641	 0,414405298616749 
642	 0,415213529663916 
643	 0,415769761882398 
644	 0,416445438207957 
645	 0,417062005428171 
646	 0,417359302767846 
647	 0,417026660467522 
648	 0,416220703259935 
649	 0,415699017238266 
650	 0,415332810600612 
651	 0,415004822999759 
652	 0,414475979650502 
653	 0,413711917022689 
654	 0,412688877975607 
655	 0,412003439186809 
656	 0,411685871709104 
657	 0,410786600877705 
658	 0,409689964213382 
659	 0,4088355179228 
660	 0,407571015272666 
661	 0,406021938428132 
662	 0,404888221881032 
663	 0,403851351261505 
664	 0,402837667786102 
665	 0,402464277782104 
666	 0,402233350907235 
667	 0,401273750815632 
668	 0,400523724466373 
669	 0,400090544678165 
670	 0,399265566824805 
671	 0,39851923741841 
672	 0,398230402088033 
673	 0,398083906661936 
674	 0,39799967261596 
675	 0,397900093123387 
676	 0,398033078428159 
677	 0,3983832661129 
678	 0,398329577175835 
679	 0,398230875763993 
680	 0,398565348939969 
681	 0,398810542379712 
682	 0,399095399218955 
683	 0,400169965889005 
684	 0,401508903718148 
685	 0,402780754455893 
686	 0,403959148227887 
687	 0,405470458699939 
688	 0,408092556375167 
689	 0,410662060508492 
690	 0,413037001428698 
691	 0,416211116090241 
692	 0,420111258564728 
693	 0,424601351737742 
694	 0,429246354736037 
695	 0,433916166371807 
696	 0,438538728554161 
697	 0,443586945239865 
698	 0,449167617294464 
699	 0,454589252271136 
700	 0,459915394053499 
701	 0,465330667273067 
702	 0,470564188904346 
703	 0,475451607375478 
704	 0,479775956506686 
705	 0,483785037417254 
706	 0,487661115958508 
707	 0,491460091842185 
708	 0,495125702635787 
709	 0,498522669248453 
710	 0,501625724391616 
711	 0,504435089991264 
712	 0,506946384966241 
713	 0,509386372199222 
714	 0,511950946081993 
715	 0,514428616820381 
716	 0,516633389326995 
717	 0,518227295704718 
718	 0,519590609095165 
719	 0,520904408061185 
720	 0,522032083841196 
721	 0,523373909565115 
722	 0,525437180168317 
723	 0,526613983630251 
724	 0,52690886925416 
725	 0,527796408377311 
726	 0,528556451906504 
727	 0,528840530205585 
728	 0,529571404342981 
729	 0,530499375785998 
730	 0,530970963489661 
731	 0,531272803020286 
732	 0,531520452902844 
733	 0,53183925776479 
734	 0,532197398051274 
735	 0,532547731172526 
736	 0,53265698346349 
737	 0,532782651391822 
738	 0,533756459285369 
739	 0,534308056782814 
740	 0,534062823978852 
741	 0,53395453284148 
742	 0,534000387985279 
743	 0,53412373912582 
744	 0,534092584998926 
745	 0,533978079963508 
746	 0,534184481773687 
747	 0,534397292855012 
748	 0,534440103311664 
749	 0,534339237130146 
750	 0,534276808189348 
751	 0,534531340601192 
752	 0,534534851028464 
753	 0,534366823618496 
754	 0,534965767991621 
755	 0,535541192768233 
756	 0,535529628960746 
757	 0,53542305454558 
758	 0,535506872405716 
759	 0,536210690927349 
760	 0,536812113384791 
761	 0,537062580010929 
762	 0,537054211634352 
763	 0,537262560212466 
764	 0,538084178966839 
765	 0,538687338553471 
766	 0,5389150133855 
767	 0,538769010415295 
768	 0,538837984363543 
769	 0,539318735619497 
770	 0,539778052037193 
771	 0,539872758533872 
772	 0,539277144687208 
773	 0,539047798218149 
774	 0,539313156154274 
775	 0,539675635606882 
776	 0,5398045695601 
777	 0,539519406897883 
778	 0,539049458798333 
779	 0,538612632541659 
780	 0,53846882867389 
781	 0,538408895859442 
782	 0,538376501091033 
783	 0,5384246920017 
784	 0,538324376312415 
785	 0,537982190431006 
786	 0,537979919318375 
787	 0,538122718911775 
788	 0,537917121453412 
789	 0,537665202847956 
790	 0,537545443954216 
791	 0,537877498626666 
792	 0,538283243215502 
793	 0,53845447582465 
794	 0,538580279647731 
795	 0,538772121834649 
796	 0,539224492483326 
797	 0,539561948134395 
798	 0,539673106389748 
799	 0,539730944492178 
800	 0,539773196859312 
801	 0,539834822390821 
802	 0,539948662218036 
803	 0,540165907475096 
804	 0,540645333681352 
805	 0,540904256437305 
806	 0,54077886822122 
807	 0,540465503602928 
808	 0,540439268046385 
809	 0,541130080723204 
810	 0,541250390836523 
811	 0,540888365251921 
812	 0,54113000229589 
813	 0,54118105097881 
814	 0,540788385485895 
815	 0,54048817982446 
816	 0,540331663380465 
817	 0,540324800883359 
818	 0,540687005505808 
819	 0,541212086718969 
820	 0,541194946345923 
821	 0,541067768873321 
822	 0,541036372824433 
823	 0,54104025624334 
824	 0,540946275409437 
825	 0,540599563975507 
826	 0,540969139991973 
827	 0,541905240104163 
828	 0,542241442306834 
829	 0,542177016610975 
830	 0,541906329274413 
831	 0,54207758520776 
832	 0,542522451409198 
833	 0,542898766038537 
834	 0,543219851514656 
835	 0,543576374828488 
836	 0,544366473462211 
837	 0,544869452378644 
838	 0,544715593124131 
839	 0,544375334780552 
840	 0,544141778035671 
841	 0,544328571606105 
842	 0,544453669400293 
843	 0,544347079447574 
844	 0,543832922561658 
845	 0,543695945263845 
846	 0,54424128239402 
847	 0,544274384219709 
848	 0,54400663278811 
849	 0,543932875972855 
850	 0,54408783433514 
851	 0,544205181901589 
852	 0,543388118949788 
853	 0,542394670217747 
854	 0,541742594302869 
855	 0,541767913739824 
856	 0,542064467131301 
857	 0,542025827885173 
858	 0,541634394188729 
859	 0,541047576217975 
860	 0,540778490433453 
861	 0,540711478712289 
862	 0,54074489717035 
863	 0,540529505116238 
864	 0,540451621774511 
865	 0,541040811510478 
866	 0,541527680919158 
867	 0,54184028163622 
868	 0,542471703734464 
869	 0,542614219800381 
870	 0,542069689496539 
871	 0,542090075737493 
872	 0,542581790458527 
873	 0,543270624779438 
874	 0,544232991454658 
875	 0,545161646228985 
876	 0,545172890746219 
877	 0,545494893397572 
878	 0,546454669700883 
879	 0,54668015794535 
880	 0,546609043184618 
881	 0,54682487605177 
882	 0,547159353201962 
883	 0,547448207408751 
884	 0,547222503921898 
885	 0,547570115040859 
886	 0,548607618986912 
887	 0,548802815300655 
888	 0,548438489217365 
889	 0,547940945246023 
890	 0,548088454751672 
891	 0,548592139776578 
892	 0,548513343713074 
893	 0,548023393512454 
894	 0,547354603626876 
895	 0,547288419177257 
896	 0,547423556247617 
897	 0,547386555874114 
898	 0,546977169696914 
899	 0,546565202366297 
900	 0,546883100914047 
901	 0,546730688048176 
902	 0,546025634085336 
903	 0,545839566964194 
904	 0,545695801904023 
905	 0,545348211603758 
906	 0,545403278151824 
907	 0,545240277144747 
908	 0,543919458670623 
909	 0,543668627881902 
910	 0,544469691773239 
911	 0,544526292337959 
912	 0,543970109095217 
913	 0,543114981323726 
914	 0,543500416371507 
915	 0,54457848944714 
916	 0,545503063050625 
917	 0,545098949643034 
918	 0,54409154655981 
919	 0,545062491629116 
920	 0,545402351807572 
921	 0,544600489603076 
922	 0,544699020153992 
923	 0,545267147686754 
924	 0,545876333411052 
925	 0,546755647292453 
926	 0,547602432659138 
927	 0,547883590930307 
928	 0,547918575422276 
929	 0,54795064463284 
930	 0,54847137831549 
931	 0,548985132017141 
932	 0,549224165596124 
933	 0,549551627139194 
934	 0,549909903426567 
935	 0,550192985104115 
936	 0,551208162322211 
937	 0,552212462738539 
938	 0,550524936672291 
939	 0,54964343721762 
940	 0,550614977925655 
941	 0,551149384727854 
942	 0,551208168459953 
943	 0,550896998618224 
944	 0,550579132427745 
945	 0,550383400972568 
946	 0,550399024081435 
947	 0,550308887039927 
948	 0,550025552911193 
949	 0,549692362406284 
950	 0,54895421820685 
951	 0,547865370275182 
952	 0,548099974251652 
953	 0,54849804584025 
954	 0,547550892753829 
955	 0,547653423729616 
956	 0,548515303381961 
957	 0,548154392389462 
958	 0,547390743140521 
959	 0,54665164371938 
960	 0,54649322444462 
961	 0,546968635790465 
962	 0,547877467563962 
963	 0,547644174414733 
964	 0,546353105988871 
965	 0,54452199295838 
966	 0,544238045309511 
967	 0,54538333367514 
968	 0,545768622829226 
969	 0,545821517629371 
970	 0,545740381225109 
971	 0,546018966704704 
972	 0,545826782209041 
973	 0,544631362536705 
974	 0,545459443113343 
975	 0,547045265555631 
976	 0,546247679331931 
977	 0,545648191814241 
978	 0,545493264814351 
979	 0,54383381932685 
980	 0,54389849057417 
981	 0,54653880956642 
982	 0,546497438765689 
983	 0,546359055182354 
984	 0,548939313092253 
985	 0,550665331003737 
986	 0,551058568328077 
987	 0,550557227076775 
988	 0,549645457619394 
989	 0,54886467559012 
990	 0,549318121420963 
991	 0,549443652395765 
992	 0,548853423734829 
993	 0,55044972958016 
994	 0,552798933992183 
995	 0,554111663520642 
996	 0,554180744473247 
997	 0,553117734984908 
998	 0,551170886139773 
999	 0,552257835543798 
1000	 0,555840039965107 
1001	 0,555676966799382 
1002	 0,554921454551884 
1003	 0,555019430684697 
1004	 0,554392285830205 
1005	 0,554827322849143 
1006	 0,557702778084499 
1007	 0,557642689535767 
1008	 0,556296788494538 
1009	 0,55827658621269 
1010	 0,557800743949821 
1011	 0,555006382296045 
1012	 0,555390422196461 
1013	 0,55594380300137 
1014	 0,555657468534556 
1015	 0,556455455907654 
1016	 0,556609534288819 
1017	 0,555172355250936 
1018	 0,557865303936058 
1019	 0,561788223006256 
1020	 0,561507620173003 
1021	 0,557662414550558 
1022	 0,553072504495585 
1023	 0,554839051159985 
1024	 0,556168954868331 
1025	 0,555679989507975 
1026	 0,557849604237372 
1027	 0,562934230937102 
1028	 0,569048468896407 
1029	 0,562759521570298 
1030	 0,555550702767219 
1031	 0,561303509406486 
1032	 0,561735831110976 
1033	 0,558153433184213 
1034	 0,56019866075665 
1035	 0,562939723988635 
1036	 0,564731927006615 
1037	 0,564689463014139 
1038	 0,564388308095091 
1039	 0,563361841332779 
1040	 0,554641516258788 
1041	 0,548217991892803 
1042	 0,552038660956107 
1043	 0,556259984085653 
1044	 0,558946703948882 
1045	 0,559572453846867 
1046	 0,566818956854983 
1047	 0,57498586062989 
1048	 0,565688037505858 
1049	 0,559641746996001 
1050	 0,561530240081283 
1051	 0,564650894453289 
1052	 0,565575959185533 
1053	 0,562527066518197 
1054	 0,55676100034983 
1055	 0,553548185854532 
1056	 0,557191794071534 
1057	 0,567227825643134 
1058	 0,570977388950536 
1059	 0,552266709185853 
1060	 0,555311555451544 
1061	 0,574410939995498 
1062	 0,575100316531757 
1063	 0,572367676154324 
1064	 0,569924172612962 
1065	 0,566694050014854 
1066	 0,563265814114304 
1067	 0,560181839063389 
1068	 0,557149081183364 
1069	 0,558913973450724 
1070	 0,56695864550876 
1071	 0,565971617077977 
1072	 0,564286033077057 
1073	 0,571814335840225 
1074	 0,563877646237705 
1075	 0,55078595883862 
