Wavelength	SCORFF200689.asd
325	 0,454128062811112 
326	 0,33574768730304 
327	 0,22980278912107 
328	 0,195612597078651 
329	 0,243510035893382 
330	 0,27402698221838 
331	 0,220872755600789 
332	 0,170838016968363 
333	 0,164228950216678 
334	 0,243449923760646 
335	 0,263893764413656 
336	 0,197449547517854 
337	 0,188289864114591 
338	 0,167370912633335 
339	 0,079501953745473 
340	 7,75809982798084E-02 
341	 0,12135603527861 
342	 8,69111916580421E-02 
343	 0,121639005284444 
344	 0,207976324791562 
345	 0,123025299781977 
346	 0,043527241224768 
347	 0,146020371147889 
348	 0,169070404860649 
349	 0,115040349465456 
350	 0,085849495588728 
351	 0,105192372785738 
352	 0,159326181295133 
353	 0,124879725245006 
354	 7,07403816056028E-02 
355	 8,27209369781826E-02 
356	 0,110702519508127 
357	 0,133531251532209 
358	 0,14151563215915 
359	 0,148172149140219 
360	 0,151610413510811 
361	 8,43851987538079E-02 
362	 2,07952235155973E-02 
363	 7,73426889995473E-02 
364	 0,100050124875847 
365	 7,79046779108918E-02 
366	 9,23398181940094E-02 
367	 0,112492786806385 
368	 0,117275515318621 
369	 9,54414650763145E-02 
370	 6,78677266585195E-02 
371	 7,87162800541182E-02 
372	 0,089133741501791 
373	 8,90828354498315E-02 
374	 8,51480210783416E-02 
375	 8,20130046033268E-02 
376	 8,33026782965064E-02 
377	 9,40417159156683E-02 
378	 0,106759768122422 
379	 0,108472683827888 
380	 9,54668454161946E-02 
381	 7,43801999252334E-02 
382	 8,63352689907996E-02 
383	 0,103966852869319 
384	 0,101626111379911 
385	 8,91805970055687E-02 
386	 7,94586985078745E-02 
387	 0,101994833788607 
388	 0,113777107758892 
389	 9,99720733952545E-02 
390	 8,22956534124689E-02 
391	 7,42756808086842E-02 
392	 0,090617047031651 
393	 9,20382444426941E-02 
394	 7,85050384829465E-02 
395	 7,74225723831616E-02 
396	 7,75365751227382E-02 
397	 7,41489250230027E-02 
398	 7,58890992814768E-02 
399	 8,00695310802006E-02 
400	 8,17844402482137E-02 
401	 8,32389066713741E-02 
402	 8,41451426173514E-02 
403	 8,12632563449133E-02 
404	 0,08231564593723 
405	 9,02814102872418E-02 
406	 8,06948496661407E-02 
407	 6,50915162431328E-02 
408	 7,37109535603316E-02 
409	 8,17028895587039E-02 
410	 8,29600591589711E-02 
411	 8,77584221179552E-02 
412	 8,63897629946744E-02 
413	 7,09641929359245E-02 
414	 7,12333227947728E-02 
415	 8,18323955311584E-02 
416	 7,46349787471689E-02 
417	 7,20571851994382E-02 
418	 7,98973610060491E-02 
419	 7,51546545531541E-02 
420	 0,067001323155039 
421	 6,93609995058107E-02 
422	 7,60316012590688E-02 
423	 8,27940245810727E-02 
424	 8,20504301515617E-02 
425	 0,078997190098073 
426	 7,68839230929242E-02 
427	 7,46206562165758E-02 
428	 7,37915120503239E-02 
429	 7,74599314811757E-02 
430	 7,87935523472459E-02 
431	 7,68824224064143E-02 
432	 7,78570556334792E-02 
433	 7,84975661523475E-02 
434	 7,60264633031257E-02 
435	 7,55451971599578E-02 
436	 7,65437035795676E-02 
437	 7,56518649443459E-02 
438	 7,31884195179217E-02 
439	 7,00595889864414E-02 
440	 7,09043896833968E-02 
441	 7,31111007803133E-02 
442	 7,28963670232115E-02 
443	 7,39803903311012E-02 
444	 7,59931686124897E-02 
445	 7,47717249988052E-02 
446	 7,41801572525868E-02 
447	 0,076231525784561 
448	 7,60184203608171E-02 
449	 0,07525081808328 
450	 0,078570913988347 
451	 7,93744359499936E-02 
452	 7,68540139237657E-02 
453	 7,74704847315246E-02 
454	 7,79103020830182E-02 
455	 7,50345448253654E-02 
456	 7,22425550962374E-02 
457	 0,0713401859034 
458	 7,53309587351744E-02 
459	 7,85709385971196E-02 
460	 7,86048553563444E-02 
461	 7,73176483574353E-02 
462	 7,63820546428994E-02 
463	 7,77670029030035E-02 
464	 7,53397562558722E-02 
465	 7,01808540615314E-02 
466	 7,11474925394394E-02 
467	 7,42245121591436E-02 
468	 7,63994239825975E-02 
469	 7,71377269171767E-02 
470	 7,66254130056785E-02 
471	 7,55013599945827E-02 
472	 7,39782339567906E-02 
473	 7,29413948904522E-02 
474	 7,54881655699645E-02 
475	 7,82113422317398E-02 
476	 7,76852939009113E-02 
477	 7,57049461784716E-02 
478	 7,39737985826531E-02 
479	 7,64422790357567E-02 
480	 7,68754905817624E-02 
481	 7,31669781317497E-02 
482	 7,24563716287168E-02 
483	 0,074294515480856 
484	 7,69583315102509E-02 
485	 7,72809058102815E-02 
486	 7,51836478777177E-02 
487	 7,38530457488651E-02 
488	 7,48326848981718E-02 
489	 7,85703656550458E-02 
490	 7,70875284379541E-02 
491	 7,27208096218915E-02 
492	 7,37939726693185E-02 
493	 7,49811128684063E-02 
494	 7,45471194331816E-02 
495	 7,29933799955579E-02 
496	 7,22374547460492E-02 
497	 7,43172799306977E-02 
498	 7,63951158499301E-02 
499	 7,73872246006273E-02 
500	 7,62399071764038E-02 
501	 7,53467597117104E-02 
502	 7,59424339546984E-02 
503	 7,57428605444548E-02 
504	 7,53948823556771E-02 
505	 7,65212722146545E-02 
506	 7,78359398113462E-02 
507	 7,85288655125264E-02 
508	 7,68968674488096E-02 
509	 7,55884344613271E-02 
510	 7,69031490372635E-02 
511	 7,76659010189294E-02 
512	 7,75687051977433E-02 
513	 7,74091760155209E-02 
514	 7,74969553868362E-02 
515	 7,79206278945662E-02 
516	 7,80617984754076E-02 
517	 7,80877352662998E-02 
518	 0,078322689955891 
519	 7,83296953790372E-02 
520	 7,83588261752015E-02 
521	 7,99064178672488E-02 
522	 8,05834189167047E-02 
523	 7,89141639966027E-02 
524	 7,85777493983491E-02 
525	 7,95388465227656E-02 
526	 8,05230121963152E-02 
527	 8,05482852602265E-02 
528	 7,95827632817572E-02 
529	 0,079880952947294 
530	 8,06012838139061E-02 
531	 8,05917920711678E-02 
532	 7,94599484514452E-02 
533	 7,80691886293584E-02 
534	 7,94721893628079E-02 
535	 8,04901384229333E-02 
536	 7,94083807931298E-02 
537	 7,87315078950526E-02 
538	 7,85530140295813E-02 
539	 7,83598524596342E-02 
540	 7,84887128519505E-02 
541	 7,88684090510626E-02 
542	 7,87827006936589E-02 
543	 7,86464562949141E-02 
544	 7,88952777620992E-02 
545	 0,079394672262907 
546	 7,99131948908807E-02 
547	 7,98597434510015E-02 
548	 8,00401103028615E-02 
549	 8,07263944107489E-02 
550	 8,09143548151566E-02 
551	 8,06608019612325E-02 
552	 8,02052932023492E-02 
553	 8,02223802954402E-02 
554	 8,06566960328749E-02 
555	 8,04219259481838E-02 
556	 7,98804754105146E-02 
557	 7,93766076155213E-02 
558	 7,89377993895645E-02 
559	 7,87241082900713E-02 
560	 7,91805937533542E-02 
561	 7,91750693409354E-02 
562	 7,83904778536312E-02 
563	 7,81008634075935E-02 
564	 7,79418323148802E-02 
565	 7,72713776552033E-02 
566	 7,73142332027203E-02 
567	 7,80908405846556E-02 
568	 7,85301982534853E-02 
569	 7,89439909034582E-02 
570	 7,95115604313323E-02 
571	 7,97584160261714E-02 
572	 0,080005650933841 
573	 8,11312412595961E-02 
574	 8,20666370791588E-02 
575	 8,25426250971607E-02 
576	 8,34364118932883E-02 
577	 0,084053122505844 
578	 8,36092963722797E-02 
579	 8,43218282224769E-02 
580	 8,61250309522442E-02 
581	 8,72533955212182E-02 
582	 8,77457267391432E-02 
583	 8,76766827353602E-02 
584	 8,76533452494147E-02 
585	 8,80875135710013E-02 
586	 8,95819359002968E-02 
587	 9,02581090225387E-02 
588	 8,99697817355028E-02 
589	 9,09712131423166E-02 
590	 9,21342918843668E-02 
591	 9,23579217108702E-02 
592	 9,27700947774999E-02 
593	 9,33870999420701E-02 
594	 9,37196237657656E-02 
595	 0,093676583415411 
596	 9,32855989535441E-02 
597	 9,30728812348955E-02 
598	 9,31251518366452E-02 
599	 9,34879793079672E-02 
600	 9,32948028041206E-02 
601	 9,26527655400902E-02 
602	 9,30540005621217E-02 
603	 9,33882653560792E-02 
604	 9,28367858888474E-02 
605	 9,28935512192005E-02 
606	 9,31247067731247E-02 
607	 9,18160353456311E-02 
608	 9,05595500032924E-02 
609	 9,00387872118938E-02 
610	 9,03482697707096E-02 
611	 9,05601935779835E-02 
612	 8,95497892509468E-02 
613	 8,86894743925777E-02 
614	 8,84109989364034E-02 
615	 8,89057634319776E-02 
616	 8,94544727826493E-02 
617	 8,94956223840637E-02 
618	 8,85209016201371E-02 
619	 8,75180344136049E-02 
620	 8,86189434410864E-02 
621	 8,92935172178841E-02 
622	 0,088825128651044 
623	 0,088132936552793 
624	 8,77336746911607E-02 
625	 8,80723029172672E-02 
626	 8,82608299886734E-02 
627	 0,088252194748685 
628	 8,85363354713532E-02 
629	 8,88221507338867E-02 
630	 8,89635028715634E-02 
631	 8,90296897659575E-02 
632	 8,91416026894509E-02 
633	 8,94709976883346E-02 
634	 8,98400080196803E-02 
635	 9,03164882491308E-02 
636	 9,14144501117059E-02 
637	 9,24731326443628E-02 
638	 9,29416295313261E-02 
639	 9,33905671737145E-02 
640	 9,39258111683609E-02 
641	 9,45287913775179E-02 
642	 9,51801512573769E-02 
643	 9,58132989328017E-02 
644	 9,60594985540036E-02 
645	 9,64550104608548E-02 
646	 9,77355045118526E-02 
647	 9,77347428929454E-02 
648	 9,64392545582154E-02 
649	 9,57586374460515E-02 
650	 9,54779049631837E-02 
651	 9,53980296050985E-02 
652	 9,49517476360665E-02 
653	 9,42863893851982E-02 
654	 9,39137163641175E-02 
655	 9,35562463338662E-02 
656	 9,29904140067503E-02 
657	 9,16934727892543E-02 
658	 9,00194955997653E-02 
659	 8,83883674796503E-02 
660	 8,70491920056218E-02 
661	 8,60385076580559E-02 
662	 8,52673762480708E-02 
663	 8,43161972865733E-02 
664	 8,30859781910633E-02 
665	 8,26156847772933E-02 
666	 8,24433208986812E-02 
667	 8,16520399900174E-02 
668	 0,081206707071314 
669	 8,11740623926829E-02 
670	 8,07563632796174E-02 
671	 8,01815550960434E-02 
672	 7,96891888983551E-02 
673	 7,96648640716026E-02 
674	 7,99811917635282E-02 
675	 8,02480703142648E-02 
676	 8,01352830319977E-02 
677	 7,96242890087719E-02 
678	 7,94368984508202E-02 
679	 0,07966302503206 
680	 8,03151490656343E-02 
681	 0,080748036350105 
682	 8,09873808942675E-02 
683	 8,16057818592893E-02 
684	 0,082701938612141 
685	 0,084202768029157 
686	 8,49405767734699E-02 
687	 8,55361058735237E-02 
688	 0,087347173293708 
689	 0,089400596266891 
690	 9,16140306674251E-02 
691	 9,48501839942508E-02 
692	 0,098575592932784 
693	 0,102326883341138 
694	 0,106911943755084 
695	 0,112290354810474 
696	 0,117962422995353 
697	 0,12415144439265 
698	 0,130960837960232 
699	 0,138417483587275 
700	 0,146490172791873 
701	 0,155150795692266 
702	 0,163607767115636 
703	 0,171704255505486 
704	 0,179811462792626 
705	 0,18793897595005 
706	 0,196026676017879 
707	 0,203461648515386 
708	 0,21069921924271 
709	 0,21877124661728 
710	 0,226144439728803 
711	 0,232503049485285 
712	 0,238779654588362 
713	 0,244828150276594 
714	 0,2504746851003 
715	 0,255740445877883 
716	 0,260659872223043 
717	 0,265282082733718 
718	 0,269853501412666 
719	 0,274330714830397 
720	 0,277724975902567 
721	 0,280764440708684 
722	 0,284489541825918 
723	 0,287457581398776 
724	 0,28963183092687 
725	 0,292031825447673 
726	 0,294554447696805 
727	 0,297080108072354 
728	 0,299132490062802 
729	 0,300755498378602 
730	 0,302138240690426 
731	 0,303650954670315 
732	 0,305281340503115 
733	 0,306329728763876 
734	 0,307411750134321 
735	 0,309010932266856 
736	 0,30985247306734 
737	 0,310362693981494 
738	 0,312301799297773 
739	 0,313604762728572 
740	 0,313690033702134 
741	 0,314071782364743 
742	 0,314698396714395 
743	 0,315363841033899 
744	 0,316215668930412 
745	 0,317095279558212 
746	 0,317483371133902 
747	 0,317760582372769 
748	 0,3181399796441 
749	 0,318505794375535 
750	 0,318983887215523 
751	 0,31978789869964 
752	 0,320342719399611 
753	 0,320598669964433 
754	 0,321036885931134 
755	 0,321544386485669 
756	 0,322019740759015 
757	 0,322295952588127 
758	 0,322623988085084 
759	 0,323573301105715 
760	 0,324473624786984 
761	 0,325096675162412 
762	 0,325585349000008 
763	 0,325958374367134 
764	 0,326258625805535 
765	 0,326961625336964 
766	 0,327794842766174 
767	 0,327797830869657 
768	 0,327813136287904 
769	 0,328173485246541 
770	 0,328651501437675 
771	 0,32920232533618 
772	 0,32978336537382 
773	 0,330185118991628 
774	 0,330395877169242 
775	 0,330526074315224 
776	 0,330778908856773 
777	 0,331183859755522 
778	 0,33110202485089 
779	 0,330861789976224 
780	 0,331043018790656 
781	 0,331146307902392 
782	 0,331154875454234 
783	 0,331471873538138 
784	 0,331816289995211 
785	 0,332019613434212 
786	 0,3323632454392 
787	 0,332731188509225 
788	 0,332845817474506 
789	 0,333079189378568 
790	 0,333477222200565 
791	 0,333730366932365 
792	 0,333955471440828 
793	 0,334255167533657 
794	 0,334614922599306 
795	 0,335008795621988 
796	 0,335429096723426 
797	 0,335513243626127 
798	 0,335297268205814 
799	 0,335551325064678 
800	 0,33603528022951 
801	 0,336466337478831 
802	 0,336671298463919 
803	 0,336728449956116 
804	 0,336894582908431 
805	 0,337309889412799 
806	 0,337990573762565 
807	 0,338660831904697 
808	 0,339188069351487 
809	 0,339457173890349 
810	 0,339449226266976 
811	 0,339398044789073 
812	 0,339982930554308 
813	 0,340213100641816 
814	 0,339872185587965 
815	 0,340343962971685 
816	 0,341190966654647 
817	 0,34174442482096 
818	 0,341952282915396 
819	 0,341904323298052 
820	 0,34193289209664 
821	 0,342069599648881 
822	 0,342331755530902 
823	 0,342581620240528 
824	 0,342906553860277 
825	 0,343432232138073 
826	 0,343988423611501 
827	 0,344408702915486 
828	 0,344291236020742 
829	 0,344398110168754 
830	 0,345052603768801 
831	 0,345453973222009 
832	 0,345705691716199 
833	 0,346069140015359 
834	 0,346587520741403 
835	 0,347184650384575 
836	 0,347582550266271 
837	 0,34787767825847 
838	 0,348168416744556 
839	 0,348816944094742 
840	 0,349342444278903 
841	 0,349034416595721 
842	 0,348732122617056 
843	 0,348665704997214 
844	 0,348783136784545 
845	 0,348962013835622 
846	 0,349115342020062 
847	 0,349243374004977 
848	 0,349245631710739 
849	 0,348988857626679 
850	 0,349362887276667 
851	 0,350062583588787 
852	 0,349326227043502 
853	 0,348561249298641 
854	 0,348494521785864 
855	 0,348354553321442 
856	 0,348324415019995 
857	 0,348746836894801 
858	 0,348723685010914 
859	 0,348343045876931 
860	 0,348648204523975 
861	 0,348982349956866 
862	 0,348981497003751 
863	 0,348558449390158 
864	 0,348442096610143 
865	 0,349541552897964 
866	 0,350238249192452 
867	 0,350453301755244 
868	 0,351308642015361 
869	 0,351777499982093 
870	 0,35154511221454 
871	 0,35177756436253 
872	 0,352480442754519 
873	 0,353488108994444 
874	 0,354005000660104 
875	 0,354053289299179 
876	 0,354235446207195 
877	 0,354666852976408 
878	 0,355381868189127 
879	 0,356089134191148 
880	 0,356784669618723 
881	 0,357476267261551 
882	 0,357924366259125 
883	 0,358116411873208 
884	 0,358126942677689 
885	 0,358166819964393 
886	 0,358397957628707 
887	 0,35908365311297 
888	 0,359728593525054 
889	 0,359896569047859 
890	 0,36039089193227 
891	 0,360886034113239 
892	 0,360292412555849 
893	 0,360329875419678 
894	 0,361239644346118 
895	 0,361390412252338 
896	 0,361383095540914 
897	 0,361594920281233 
898	 0,360443814456638 
899	 0,359170662818193 
900	 0,360346693886503 
901	 0,361173968588934 
902	 0,361069113307919 
903	 0,361178066008995 
904	 0,361103414859345 
905	 0,360717526977084 
906	 0,360921092153254 
907	 0,361310658660048 
908	 0,361167599450384 
909	 0,360597187335142 
910	 0,360011865514085 
911	 0,36066187337982 
912	 0,360986659243395 
913	 0,360408896819054 
914	 0,360215888818916 
915	 0,360655056530039 
916	 0,361773434141535 
917	 0,361712385597162 
918	 0,361076620785402 
919	 0,362530002524195 
920	 0,363254900704941 
921	 0,362548902872029 
922	 0,361979066988775 
923	 0,362053164469555 
924	 0,363063358298389 
925	 0,364122742492153 
926	 0,364683317552103 
927	 0,364112806794183 
928	 0,363491817867835 
929	 0,363287511980936 
930	 0,363835281843704 
931	 0,364304167312617 
932	 0,364277070830272 
933	 0,364641779425085 
934	 0,36514120893277 
935	 0,365334516966903 
936	 0,365597244029158 
937	 0,365764182323435 
938	 0,365117354319496 
939	 0,364681941402073 
940	 0,36479442872311 
941	 0,364944717118307 
942	 0,364636938456301 
943	 0,363648248123815 
944	 0,364215129285983 
945	 0,365298356064264 
946	 0,364272640462616 
947	 0,363866314435241 
948	 0,36421904469975 
949	 0,362922624155743 
950	 0,361317030530156 
951	 0,360351766429145 
952	 0,360639158326314 
953	 0,360962724782157 
954	 0,359871359216682 
955	 0,359770794941042 
956	 0,360261258172882 
957	 0,35911209275785 
958	 0,357159462033061 
959	 0,355187911492844 
960	 0,355007064027128 
961	 0,356365038777262 
962	 0,35853822825127 
963	 0,358042984909433 
964	 0,356235051347844 
965	 0,355949603482119 
966	 0,356874085616812 
967	 0,357858822402561 
968	 0,355370347434074 
969	 0,353533186685652 
970	 0,354187431146218 
971	 0,356826883918254 
972	 0,358041904241435 
973	 0,355203177351787 
974	 0,353860958211269 
975	 0,354688252544998 
976	 0,35709236325423 
977	 0,357351240942537 
978	 0,355353221716549 
979	 0,354536061341737 
980	 0,355839312110202 
981	 0,359153114881391 
982	 0,360688878386492 
983	 0,360787737790953 
984	 0,360248725547669 
985	 0,359558741559642 
986	 0,359605018986272 
987	 0,361764382355334 
988	 0,363258585060199 
989	 0,36341315156138 
990	 0,363159927902175 
991	 0,362533020601855 
992	 0,362060601095616 
993	 0,36437514921388 
994	 0,366897169882797 
995	 0,366799696315627 
996	 0,365381374173891 
997	 0,363788689518431 
998	 0,363631271569715 
999	 0,365896278396297 
1000	 0,369183374713364 
1001	 0,367490654751616 
1002	 0,366104444376778 
1003	 0,36750648315882 
1004	 0,369185170120724 
1005	 0,370572374071831 
1006	 0,371337050683609 
1007	 0,372291834781294 
1008	 0,373559054175028 
1009	 0,375117152937223 
1010	 0,375303404008262 
1011	 0,374126764722295 
1012	 0,373073600507665 
1013	 0,372665944705907 
1014	 0,373159770658852 
1015	 0,374119822363764 
1016	 0,374858502861851 
1017	 0,375048940630762 
1018	 0,377176280154086 
1019	 0,379738422712322 
1020	 0,380056820898626 
1021	 0,379918622887655 
1022	 0,380161695435981 
1023	 0,382205921228303 
1024	 0,381573489694854 
1025	 0,378456836318816 
1026	 0,381286678428839 
1027	 0,383515403468283 
1028	 0,381458847799636 
1029	 0,382256966903002 
1030	 0,385029417797007 
1031	 0,387542781217526 
1032	 0,384956607517093 
1033	 0,381010378784404 
1034	 0,384934595471173 
1035	 0,391192009924075 
1036	 0,396066080324235 
1037	 0,392778973520524 
1038	 0,388406475630449 
1039	 0,386539351198076 
1040	 0,386024487262359 
1041	 0,386708530527692 
1042	 0,388119124411049 
1043	 0,387607996658228 
1044	 0,387509599361471 
1045	 0,391286938841875 
1046	 0,393852883278553 
1047	 0,395548098949821 
1048	 0,399922362917081 
1049	 0,40052649992675 
1050	 0,397286152973913 
1051	 0,397812725054881 
1052	 0,39753519413821 
1053	 0,395148276268539 
1054	 0,396391987084207 
1055	 0,399583920292129 
1056	 0,402180621166158 
1057	 0,399190647307192 
1058	 0,394986908848052 
1059	 0,396914321942368 
1060	 0,401848976172246 
1061	 0,405454713559036 
1062	 0,399740500991962 
1063	 0,398739726969499 
1064	 0,404323767993441 
1065	 0,406489765234507 
1066	 0,408106590164075 
1067	 0,407755096581247 
1068	 0,390758879184738 
1069	 0,382990943096667 
1070	 0,40195381807303 
1071	 0,413346384692078 
1072	 0,411977569694566 
1073	 0,397642875666691 
1074	 0,387884109866517 
1075	 0,385968470988862 
